# NaN NaN NaN ;Mean Elev.(m), Avg Gradient(m/km), RMS Gradient(m/km) - SRTM1     
#   16.303  -1.187   7.051 ;Mean Elev.(m), Avg Gradient(m/km), RMS Gradient(m/km) - ASTER GDEM
#   30.608  -1.023   6.932 ;Mean Elev.(m), Avg Gradient(m/km), RMS Gradient(m/km) - GMTED2010 
   1    27.779 54661.43717906 24.62  55.171602  66.124103 11.668 -100.00 -100.00 -100.00
   1    28.148 54661.43717965 27.00  55.178076  66.123982 15.291 -100.00 -100.00 -100.00
   1    28.270 54661.43718024 31.91  55.184549  66.123860 22.883 -100.00 -100.00 -100.00
   2    28.105 54671.35282473 22.81  55.175220  66.124134 13.937 -100.00 -100.00 -100.00
   2    28.259 54671.35282532 26.54  55.181694  66.124012 20.923 -100.00 -100.00 -100.00
   3   -17.349 54681.26846859 23.01  55.175895  66.125026 10.221 -100.00 -100.00 -100.00
   3   -16.879 54681.26846918 23.85  55.182368  66.124904 11.815 -100.00 -100.00 -100.00
   4    71.748 54691.18411093 15.29  55.172638  66.125892  9.237 -100.00 -100.00 -100.00
   4    75.264 54691.18411152 16.26  55.179112  66.125770  8.680 -100.00 -100.00 -100.00
   5     3.879 54701.09975176 14.86  55.178218  66.125776  5.854 -100.00 -100.00 -100.00
   5     4.566 54701.09975235 15.36  55.184691  66.125654  6.985 -100.00 -100.00 -100.00
   6    27.588 54711.01539804 22.96  55.173586  66.124515 11.951 -100.00 -100.00 -100.00
   6    28.367 54711.01539863 22.65  55.180059  66.124393  9.026 -100.00 -100.00 -100.00
   7    12.613 54720.93104942 16.27  55.175529  66.122912  5.323 -100.00 -100.00 -100.00
   7    12.898 54720.93105001 16.11  55.182001  66.122790  4.712 -100.00 -100.00 -100.00
   8    24.476 54730.84669764 34.93  55.171462  66.121748 21.671 -100.00 -100.00 -100.00
   8    24.329 54730.84669823 36.79  55.177934  66.121626 25.961 -100.00 -100.00 -100.00
   8    24.140 54730.84669882 41.02  55.184407  66.121504   -100 -100.00 -100.00 -100.00
   9    27.507 54740.76234498 25.64  55.175748  66.121648 16.224 -100.00 -100.00 -100.00
   9    28.108 54740.76234557 26.91  55.182221  66.121525 18.159 -100.00 -100.00 -100.00
  10    32.494 54750.67799193 20.06  55.176167  66.122058  6.335 -100.00 -100.00 -100.00
  10    28.252 54750.67799252 25.44  55.182640  66.121936 15.696 -100.00 -100.00 -100.00
  11    27.621 54760.59363876 29.20  55.177065  66.122304 16.232 -100.00 -100.00 -100.00
  11    28.139 54760.59363935 27.17  55.183538  66.122182 10.299 -100.00 -100.00 -100.00
  12    25.418 54770.50928276 37.94  55.172852  66.121917 25.873 -100.00 -100.00 -100.00
  12    26.244 54770.50928335 41.06  55.179326  66.121795 20.793 -100.00 -100.00 -100.00
  13    25.267 54780.42492418 43.97  55.176178  66.121145 24.454 -100.00 -100.00 -100.00
  13    25.314 54780.42492477 48.04  55.182651  66.121023   -100 -100.00 -100.00 -100.00
  14    23.926 54790.34056252 39.96  55.173777  66.120620 27.313 -100.00 -100.00 -100.00
  14    24.620 54790.34056311 41.96  55.180250  66.120498 18.890 -100.00 -100.00 -100.00
  15    24.022 54800.25619967 26.31  55.170331  66.121154 13.978 -100.00 -100.00 -100.00
  15    24.062 54800.25620026 32.59  55.176804  66.121032 28.891 -100.00 -100.00 -100.00
  15    24.132 54800.25620085 32.89  55.183278  66.120910 28.674 -100.00 -100.00 -100.00
  17    27.060 54820.08747685 23.09  55.176448  66.123188 11.599 -100.00 -100.00 -100.00
  17    28.256 54820.08747744 21.97  55.182921  66.123066 11.053 -100.00 -100.00 -100.00
  18    27.965 54830.00312917 19.09  55.177036  66.123502 15.443 -100.00 -100.00 -100.00
  18    27.906 54830.00312976 20.99  55.183510  66.123380 14.787 -100.00 -100.00 -100.00
  20    72.418 54849.83441700  1.21  55.177399  66.124344  2.987 -100.00 -100.00 -100.00
  20    72.338 54849.83441759  0.91  55.183873  66.124222  2.505 -100.00 -100.00 -100.00
  21    71.865 54859.75006561  1.29  55.177889  66.125354  2.708 -100.00 -100.00 -100.00
  21    68.235 54859.75006620  1.51  55.184362  66.125232  3.400 -100.00 -100.00 -100.00
  22    72.154 54869.66571403  0.85  55.175026  66.126059  2.671 -100.00 -100.00 -100.00
  22    71.240 54869.66571462  0.88  55.181500  66.125937  2.863 -100.00 -100.00 -100.00
  23    72.771 54879.58136150  2.28  55.173498  66.125269  3.157 -100.00 -100.00 -100.00
  23    72.641 54879.58136209  1.67  55.179972  66.125147  2.810 -100.00 -100.00 -100.00
  24    71.773 54889.49700617  2.32  55.175888  66.123251  2.752 -100.00 -100.00 -100.00
  24    73.106 54889.49700676  2.19  55.182361  66.123129  3.010 -100.00 -100.00 -100.00
  25    74.142 54899.41264754  1.05  55.176646  66.121325  2.753 -100.00 -100.00 -100.00
  25    73.908 54899.41264813  0.72  55.183119  66.121203  2.821 -100.00 -100.00 -100.00
  26    74.342 54909.32828629  2.10  55.173973  66.121162  2.735 -100.00 -100.00 -100.00
  26    74.091 54909.32828688  1.87  55.180446  66.121040  2.903 -100.00 -100.00 -100.00
  27    73.746 54919.24392414  3.19  55.175293  66.122214  3.033 -100.00 -100.00 -100.00
  27    73.387 54919.24392473  2.74  55.181767  66.122091  2.840 -100.00 -100.00 -100.00
  28    72.094 54929.15956135  6.57  55.172668  66.123094  2.945 -100.00 -100.00 -100.00
  28    71.480 54929.15956194  6.30  55.179141  66.122972  3.642 -100.00 -100.00 -100.00
  29    73.958 54939.07519789  1.46  55.172091  66.122531  2.488 -100.00 -100.00 -100.00
  29    73.676 54939.07519848  0.77  55.178564  66.122409  2.550 -100.00 -100.00 -100.00
  29    73.160 54939.07519907  0.75  55.185036  66.122287  2.911 -100.00 -100.00 -100.00
  30    74.373 54948.99083320  3.39  55.176115  66.121144  3.459 -100.00 -100.00 -100.00
  30    71.550 54948.99083379  3.18  55.182587  66.121022  3.029 -100.00 -100.00 -100.00
  31    27.476 54958.90647004 13.42  55.170961  66.120323  8.803 -100.00 -100.00 -100.00
  31    25.595 54958.90647063 18.72  55.177433  66.120201 14.877 -100.00 -100.00 -100.00
  31    28.383 54958.90647122 16.12  55.183905  66.120079 10.663 -100.00 -100.00 -100.00
  32    23.784 54968.82211865 26.95  55.171887  66.120762 24.572 -100.00 -100.00 -100.00
  32    27.667 54968.82211924 23.47  55.178359  66.120640 14.288 -100.00 -100.00 -100.00
  32    28.178 54968.82211983 23.38  55.184831  66.120518 12.714 -100.00 -100.00 -100.00
  33    30.223 54978.73776618 43.14  55.173415  66.122036 25.229 -100.00 -100.00 -100.00
  33    30.125 54978.73776677 47.22  55.179887  66.121914   -100 -100.00 -100.00 -100.00
  34    80.302 54988.65341372 20.44  55.175702  66.123038  8.456 -100.00 -100.00 -100.00
  34    80.390 54988.65341431 18.04  55.182175  66.122916  7.634 -100.00 -100.00 -100.00
  35    30.665 54998.56906106 32.83  55.174288  66.123226 16.461 -100.00 -100.00 -100.00
  35    30.868 54998.56906165 33.31  55.180760  66.123104 15.260 -100.00 -100.00 -100.00
  36    28.822 55008.48470691 25.14  55.176277  66.123171 12.119 -100.00 -100.00 -100.00
  36    28.882 55008.48470750 27.71  55.182750  66.123048 19.370 -100.00 -100.00 -100.00
  37    24.095 55018.40035070 37.99  55.176209  66.123417 24.984 -100.00 -100.00 -100.00
  37    24.312 55018.40035129 50.09  55.182682  66.123295   -100 -100.00 -100.00 -100.00
  38    28.090 55028.31599313 25.52  55.176420  66.124436 15.017 -100.00 -100.00 -100.00
  38    28.562 55028.31599372 26.34  55.182893  66.124314 15.308 -100.00 -100.00 -100.00
  39    24.332 55038.23163473 38.07  55.173259  66.125716 19.973 -100.00 -100.00 -100.00
  39    24.235 55038.23163532 40.11  55.179733  66.125594 23.022 -100.00 -100.00 -100.00
  40    22.888 55048.14727556 26.45  55.174134  66.126144 20.853 -100.00 -100.00 -100.00
  40    28.213 55048.14727615 25.19  55.180608  66.126022 15.000 -100.00 -100.00 -100.00
  41    21.605 55058.06291415 35.68  55.172204  66.124898 28.467 -100.00 -100.00 -100.00
  41    21.443 55058.06291474 36.19  55.178677  66.124776 26.535 -100.00 -100.00 -100.00
  42    27.218 55067.97855229 23.88  55.172169  66.122524 11.542 -100.00 -100.00 -100.00
  42    27.662 55067.97855288 26.54  55.178642  66.122402 14.996 -100.00 -100.00 -100.00
  42    28.234 55067.97855347 27.75  55.185115  66.122280 17.869 -100.00 -100.00 -100.00
  43    24.047 55077.89420233 33.26  55.171219  66.120653 14.849 -100.00 -100.00 -100.00
  43    22.952 55077.89420292 34.16  55.177691  66.120531 31.917 -100.00 -100.00 -100.00
  43    22.810 55077.89420351 35.39  55.184163  66.120409   -100 -100.00 -100.00 -100.00
  44    22.308 55087.80985035 36.28  55.174342  66.120594 30.817 -100.00 -100.00 -100.00
  44    23.227 55087.80985094 42.95  55.180814  66.120472 30.058 -100.00 -100.00 -100.00
  45    59.222 55097.72549615 22.93  55.170610  66.122051   -100 -100.00 -100.00 -100.00
  45    23.374 55097.72549674 30.04  55.177082  66.121929 13.597 -100.00 -100.00 -100.00
  45    24.215 55097.72549733 32.24  55.183555  66.121807 15.437 -100.00 -100.00 -100.00
  46    24.104 55107.64114187 41.05  55.171023  66.123232 19.908 -100.00 -100.00 -100.00
  46    24.081 55107.64114246 42.00  55.177497  66.123110 19.923 -100.00 -100.00 -100.00
  46    24.178 55107.64114305 46.43  55.183970  66.122987 26.587 -100.00 -100.00 -100.00
  47    25.476 55117.55678685 40.15  55.171276  66.122722 26.021 -100.00 -100.00 -100.00
  47    25.343 55117.55678744 38.32  55.177749  66.122600 19.490 -100.00 -100.00 -100.00
  47    25.543 55117.55678803 42.14  55.184222  66.122478   -100 -100.00 -100.00 -100.00
  48    27.728 55127.47242997 27.84  55.176160  66.120806 16.018 -100.00 -100.00 -100.00
  48    28.313 55127.47243056 27.90  55.182633  66.120684 14.891 -100.00 -100.00 -100.00
  49    23.143 55137.38807037 37.98  55.175958  66.119414 30.183 -100.00 -100.00 -100.00
  49    22.937 55137.38807096 40.12  55.182431  66.119292   -100 -100.00 -100.00 -100.00
  50    23.630 55147.30370852 32.50  55.171006  66.119927 21.423 -100.00 -100.00 -100.00
  50    23.728 55147.30370911 35.38  55.177479  66.119805 26.841 -100.00 -100.00 -100.00
  50    23.531 55147.30370970 36.88  55.183952  66.119683   -100 -100.00 -100.00 -100.00
  51    26.549 55157.21934677 31.76  55.174498  66.121913 22.507 -100.00 -100.00 -100.00
  51    23.550 55157.21934736 33.39  55.180972  66.121791 21.555 -100.00 -100.00 -100.00
  52    27.015 55167.13498444 26.64  55.172403  66.123693 13.408 -100.00 -100.00 -100.00
  52    27.613 55167.13498503 26.68  55.178877  66.123571 12.591 -100.00 -100.00 -100.00
  53    27.457 55177.05062222 27.57  55.176197  66.124173 17.145 -100.00 -100.00 -100.00
  53    27.691 55177.05062281 26.71  55.182671  66.124051 13.792 -100.00 -100.00 -100.00
  55    27.260 55196.88191624 21.28  55.173769  66.123173  8.594 -100.00 -100.00 -100.00
  55    27.547 55196.88191683 22.88  55.180243  66.123051 10.029 -100.00 -100.00 -100.00
  57    78.563 55216.71321553  1.79  55.177549  66.125592  3.078 -100.00 -100.00 -100.00
  57    71.181 55216.71321612  1.56  55.184023  66.125469  3.019 -100.00 -100.00 -100.00
  60    78.622 55246.46015244  0.22  55.173846  66.121633  2.688 -100.00 -100.00 -100.00
  60    79.613 55246.46015303  0.27  55.180320  66.121511  2.613 -100.00 -100.00 -100.00
  64    73.123 55286.12270675  1.00  55.175551  66.123541  2.928 -100.00 -100.00 -100.00
  64    73.003 55286.12270734  0.63  55.182024  66.123419  2.688 -100.00 -100.00 -100.00
  66    27.629 55305.95398146 22.35  55.172036  66.120706 16.203 -100.00 -100.00 -100.00
  66    27.820 55305.95398205 25.15  55.178508  66.120585 23.640 -100.00 -100.00 -100.00
  66    28.296 55305.95398264 25.31  55.184980  66.120462 20.855 -100.00 -100.00 -100.00
  67    24.926 55315.86962858 32.86  55.173698  66.119228 23.863 -100.00 -100.00 -100.00
  67    24.798 55315.86962917 32.85  55.180169  66.119106 25.392 -100.00 -100.00 -100.00
  68    29.010 55325.78527384 36.90  55.171110  66.120046 24.213 -100.00 -100.00 -100.00
  68    28.778 55325.78527443 37.80  55.177581  66.119924 32.734 -100.00 -100.00 -100.00
  68    29.021 55325.78527502 37.12  55.184053  66.119802 28.116 -100.00 -100.00 -100.00
  69    31.838 55335.70091842 43.39  55.174193  66.122223 22.353 -100.00 -100.00 -100.00
  69    31.478 55335.70091901 48.57  55.180666  66.122101   -100 -100.00 -100.00 -100.00
  70    28.347 55345.61656219 27.46  55.172809  66.124098  9.145 -100.00 -100.00 -100.00
  70    28.757 55345.61656278 28.34  55.179282  66.123976 10.547 -100.00 -100.00 -100.00
  71    28.536 55355.53220546 25.17  55.177517  66.124281  9.540 -100.00 -100.00 -100.00
  71    28.696 55355.53220605 31.69  55.183990  66.124159 24.191 -100.00 -100.00 -100.00
  72    28.390 55365.44784612 23.61  55.175649  66.123788 11.800 -100.00 -100.00 -100.00
  72    28.478 55365.44784671 26.43  55.182122  66.123666 17.242 -100.00 -100.00 -100.00
  73    28.007 55375.36348535 25.73  55.175016  66.123424 16.600 -100.00 -100.00 -100.00
  73    28.397 55375.36348594 26.20  55.181489  66.123302 18.710 -100.00 -100.00 -100.00
  74    24.997 55385.27912347 37.34  55.173766  66.124099 22.099 -100.00 -100.00 -100.00
  74    25.396 55385.27912406 42.15  55.180239  66.123977 22.789 -100.00 -100.00 -100.00
  75    65.162 55395.19476069  4.99  55.172264  66.125102  6.389 -100.00 -100.00 -100.00
  75    48.665 55395.19476128  8.07  55.178737  66.124980  9.954 -100.00 -100.00 -100.00
  76    22.871 55405.11040067 38.36  55.176381  66.125429 29.591 -100.00 -100.00 -100.00
  76    23.015 55405.11040126 41.51  55.182854  66.125307   -100 -100.00 -100.00 -100.00
  77    27.679 55415.02605224 26.38  55.177260  66.124074 18.241 -100.00 -100.00 -100.00
  77    28.486 55415.02605283 25.60  55.183732  66.123952 14.759 -100.00 -100.00 -100.00
  78    27.512 55424.94170009 23.41  55.171556  66.121701 11.679 -100.00 -100.00 -100.00
  78    27.917 55424.94170068 23.43  55.178028  66.121579 11.852 -100.00 -100.00 -100.00
  78    27.961 55424.94170127 29.73  55.184500  66.121457 28.542 -100.00 -100.00 -100.00
  79    27.642 55434.85734594 20.58  55.173009  66.119746  9.050 -100.00 -100.00 -100.00
  79    28.099 55434.85734653 21.86  55.179480  66.119624  9.946 -100.00 -100.00 -100.00
  80    27.577 55444.77299042 24.38  55.175392  66.119870 11.906 -100.00 -100.00 -100.00
  80    28.068 55444.77299101 27.57  55.181864  66.119748 17.896 -100.00 -100.00 -100.00
  81    25.144 55454.68863319 40.14  55.170725  66.121634 19.296 -100.00 -100.00 -100.00
  81    24.610 55454.68863378 41.43  55.177198  66.121512 25.153 -100.00 -100.00 -100.00
  81    24.434 55454.68863437 47.50  55.183670  66.121389   -100 -100.00 -100.00 -100.00
  82    32.608 55464.60427611 20.08  55.175987  66.123204  6.666 -100.00 -100.00 -100.00
  82    32.233 55464.60427670 21.17  55.182461  66.123082  7.844 -100.00 -100.00 -100.00
  83    24.909 55474.51991588 36.73  55.175891  66.122925 24.829 -100.00 -100.00 -100.00
  83    24.406 55474.51991647 34.31  55.182364  66.122803   -100 -100.00 -100.00 -100.00
  84    32.053 55484.43555224 22.49  55.170706  66.121139 11.401 -100.00 -100.00 -100.00
  84    31.911 55484.43555283 20.96  55.177179  66.121017  7.636 -100.00 -100.00 -100.00
  84    28.411 55484.43555342 23.28  55.183653  66.120895 10.029 -100.00 -100.00 -100.00
  85    31.130 55494.35118718 21.80  55.172928  66.119370  6.752 -100.00 -100.00 -100.00
  85    28.214 55494.35118777 24.82  55.179401  66.119248 11.358 -100.00 -100.00 -100.00
  86    24.142 55504.26682107 38.22  55.175416  66.119915 29.347 -100.00 -100.00 -100.00
  86    23.699 55504.26682166 36.14  55.181889  66.119793   -100 -100.00 -100.00 -100.00
  87    24.661 55514.18246995 40.33  55.173286  66.122195 24.710 -100.00 -100.00 -100.00
  87    24.794 55514.18247054 42.35  55.179759  66.122073 24.305 -100.00 -100.00 -100.00
  88    25.070 55524.09811965 40.16  55.174442  66.124317 30.996 -100.00 -100.00 -100.00
  88    25.190 55524.09812024 42.55  55.180916  66.124195 30.143 -100.00 -100.00 -100.00
  89    26.959 55534.01376727 24.85  55.172079  66.124961  9.301 -100.00 -100.00 -100.00
  89    25.012 55534.01376786 26.79  55.178553  66.124839 12.107 -100.00 -100.00 -100.00
  89    28.146 55534.01376845 26.14  55.185027  66.124717 10.947 -100.00 -100.00 -100.00
  90    27.400 55543.92941369 23.11  55.176895  66.124107  9.383 -100.00 -100.00 -100.00
  90    28.230 55543.92941428 22.38  55.183368  66.123985  7.993 -100.00 -100.00 -100.00
  91    27.623 55553.84505735 21.03  55.172696  66.123584  7.176 -100.00 -100.00 -100.00
  91    27.728 55553.84505794 20.23  55.179169  66.123462  5.482 -100.00 -100.00 -100.00
  93    69.324 55573.67634295  1.34  55.176288  66.124710  4.131 -100.00 -100.00 -100.00
  93    73.659 55573.67634354  0.21  55.182761  66.124588  3.689 -100.00 -100.00 -100.00
  94    27.599 55583.59198379 18.91  55.175133  66.124536  8.586 -100.00 -100.00 -100.00
  94    28.034 55583.59198438 19.29  55.181607  66.124414  7.685 -100.00 -100.00 -100.00
  99    73.573 55633.17017710  1.07  55.175639  66.121955  2.634 -100.00 -100.00 -100.00
  99    73.379 55633.17017769  0.48  55.182112  66.121833  2.460 -100.00 -100.00 -100.00
 100    73.089 55643.08582768  0.63  55.175988  66.122623  2.624 -100.00 -100.00 -100.00
 100    73.271 55643.08582827  0.47  55.182461  66.122501  2.836 -100.00 -100.00 -100.00
 102    23.063 55662.91711856 26.19  55.173624  66.120900 32.421 -100.00 -100.00 -100.00
 102    27.521 55662.91711915 27.06  55.180096  66.120778 32.180 -100.00 -100.00 -100.00
 103    24.592 55672.83275911 28.17  55.175532  66.120156 16.385 -100.00 -100.00 -100.00
 103    28.543 55672.83275970 24.46  55.182004  66.120034  9.523 -100.00 -100.00 -100.00
 104    28.275 55682.74839789 35.53  55.174600  66.120772 26.671 -100.00 -100.00 -100.00
 104    27.696 55682.74839848 36.03  55.181072  66.120649   -100 -100.00 -100.00 -100.00
 105    28.869 55692.66403548 25.67  55.176786  66.122521  9.296 -100.00 -100.00 -100.00
 105    28.675 55692.66403607 29.78  55.183259  66.122399 18.298 -100.00 -100.00 -100.00
 106    28.475 55702.57967128 25.15  55.176722  66.124180  6.228 -100.00 -100.00 -100.00
 106    28.869 55702.57967187 26.53  55.183195  66.124058  8.599 -100.00 -100.00 -100.00
 107    28.727 55712.49531430 26.45  55.173829  66.124850 11.873 -100.00 -100.00 -100.00
 107    28.637 55712.49531489 29.36  55.180302  66.124729 16.635 -100.00 -100.00 -100.00
 108    28.958 55722.41096396 26.95  55.176139  66.124492 14.723 -100.00 -100.00 -100.00
 108    29.121 55722.41096455 27.20  55.182612  66.124370 14.955 -100.00 -100.00 -100.00
 109    28.411 55732.32661114 24.12  55.173222  66.124275 11.282 -100.00 -100.00 -100.00
 109    28.466 55732.32661173 26.71  55.179696  66.124153 16.802 -100.00 -100.00 -100.00
 110    28.100 55742.24225757 25.65  55.175771  66.124233 15.811 -100.00 -100.00 -100.00
 110    28.063 55742.24225816 29.29  55.182244  66.124111 28.018 -100.00 -100.00 -100.00
 111    22.792 55752.15790219 33.82  55.172729  66.124276 26.913 -100.00 -100.00 -100.00
 111    23.615 55752.15790278 37.52  55.179202  66.124154 20.640 -100.00 -100.00 -100.00
 112    22.335 55762.07354498 42.98  55.174799  66.123587   -100 -100.00 -100.00 -100.00
 112    22.414 55762.07354557 44.38  55.181272  66.123464   -100 -100.00 -100.00 -100.00
 113    27.278 55771.98918458 27.75  55.172928  66.122454 24.640 -100.00 -100.00 -100.00
 113    27.886 55771.98918517 27.73  55.179401  66.122333 21.232 -100.00 -100.00 -100.00
 114    21.911 55781.90482098 32.66  55.174375  66.120979 20.238 -100.00 -100.00 -100.00
 114    22.815 55781.90482158 39.42  55.180847  66.120857 22.228 -100.00 -100.00 -100.00
 115    27.527 55791.82045445 22.80  55.172342  66.120647 12.351 -100.00 -100.00 -100.00
 115    27.558 55791.82045504 29.06  55.178814  66.120525 27.440 -100.00 -100.00 -100.00
 116    22.084 55801.73608767 35.81  55.175372  66.121211 23.799 -100.00 -100.00 -100.00
 116    22.558 55801.73608826 48.83  55.181844  66.121089   -100 -100.00 -100.00 -100.00
 117    21.974 55811.65173742 35.59  55.171315  66.122200 25.373 -100.00 -100.00 -100.00
 117    22.745 55811.65173801 38.28  55.177787  66.122079 20.471 -100.00 -100.00 -100.00
 117    22.037 55811.65173860 50.93  55.184260  66.121957 14.304 -100.00 -100.00 -100.00
 118    26.879 55821.56738636 25.05  55.175560  66.122433 17.372 -100.00 -100.00 -100.00
 118    27.572 55821.56738696 27.26  55.182033  66.122311 21.525 -100.00 -100.00 -100.00
 119    27.283 55831.48302996 27.08  55.173462  66.121937 22.417 -100.00 -100.00 -100.00
 119    27.880 55831.48303055 23.60  55.179935  66.121815 11.362 -100.00 -100.00 -100.00
 120    27.367 55841.39866939 27.46  55.175555  66.120944 25.058 -100.00 -100.00 -100.00
 120    27.617 55841.39866998 29.98  55.182028  66.120823 28.633 -100.00 -100.00 -100.00
 121    27.530 55851.31430524 24.91  55.172010  66.120773 15.405 -100.00 -100.00 -100.00
 121    28.057 55851.31430583 24.60  55.178483  66.120652 13.279 -100.00 -100.00 -100.00
 121    28.278 55851.31430642 27.19  55.184956  66.120530 17.961 -100.00 -100.00 -100.00
 122    27.888 55861.22993955 21.08  55.174219  66.121901  6.792 -100.00 -100.00 -100.00
 122    28.263 55861.22994014 20.67  55.180692  66.121779  6.517 -100.00 -100.00 -100.00
 123    23.362 55871.14559289 38.59  55.177455  66.123328   -100 -100.00 -100.00 -100.00
 123    23.319 55871.14559348 41.45  55.183929  66.123206   -100 -100.00 -100.00 -100.00
 134    73.829 55980.21766884  0.81  55.174601  66.122299  2.936 -100.00 -100.00 -100.00
 134    73.541 55980.21766943  0.54  55.181074  66.122177  2.749 -100.00 -100.00 -100.00
 135    73.499 55990.13330433  0.58  55.176540  66.122650  2.747 -100.00 -100.00 -100.00
 135    73.444 55990.13330492  0.10  55.183013  66.122528  2.399 -100.00 -100.00 -100.00
 136    73.888 56000.04894797  1.58  55.172941  66.122120  3.190 -100.00 -100.00 -100.00
 136    73.699 56000.04894856  1.39  55.179414  66.121998  2.714 -100.00 -100.00 -100.00
 137    74.305 56009.96459852  1.26  55.171383  66.121065  2.749 -100.00 -100.00 -100.00
 137    74.170 56009.96459911  0.77  55.177856  66.120944  2.562 -100.00 -100.00 -100.00
 137    73.765 56009.96459970  0.75  55.184328  66.120822  2.829 -100.00 -100.00 -100.00
 138    74.732 56019.88024515  1.93  55.171614  66.120763  2.841 -100.00 -100.00 -100.00
 138    74.314 56019.88024574  1.74  55.178086  66.120641  2.777 -100.00 -100.00 -100.00
 138    73.960 56019.88024633  1.54  55.184558  66.120519  2.690 -100.00 -100.00 -100.00
 139    74.088 56029.79588916  4.07  55.175641  66.121472  3.189 -100.00 -100.00 -100.00
 139    73.622 56029.79588975  4.01  55.182113  66.121350  3.454 -100.00 -100.00 -100.00
 141    25.696 56049.62717059 37.03  55.175831  66.124079   -100 -100.00 -100.00 -100.00
 141    25.790 56049.62717118 31.64  55.182304  66.123957   -100 -100.00 -100.00 -100.00
 142    28.227 56059.54280748 40.55  55.174385  66.124635 15.531 -100.00 -100.00 -100.00
 142    27.433 56059.54280807 43.70  55.180859  66.124513 25.389 -100.00 -100.00 -100.00
 143    29.756 56069.45844284 29.57  55.177621  66.124244 13.989 -100.00 -100.00 -100.00
 143    29.751 56069.45844343 30.42  55.184094  66.124122 16.471 -100.00 -100.00 -100.00
 144    28.591 56079.37409386 25.43  55.177175  66.124057 15.329 -100.00 -100.00 -100.00
 144    28.901 56079.37409446 28.36  55.183648  66.123935 21.535 -100.00 -100.00 -100.00
 145    28.146 56089.28974182 24.97  55.172925  66.124436 11.992 -100.00 -100.00 -100.00
 145    28.533 56089.28974241 25.70  55.179398  66.124314 13.990 -100.00 -100.00 -100.00
 146    27.849 56099.20538782 24.35  55.174506  66.124987 14.459 -100.00 -100.00 -100.00
 146    28.374 56099.20538841 25.98  55.180980  66.124865 12.497 -100.00 -100.00 -100.00
 147    25.349 56109.12101985 29.78  55.175941  66.124457 25.536 -100.00 -100.00 -100.00
 147    28.022 56109.12102044 29.29  55.182415  66.124335 21.696 -100.00 -100.00 -100.00
 148    22.804 56119.03666052 37.02  55.177081  66.122682 20.466 -100.00 -100.00 -100.00
 148    23.212 56119.03666111 50.07  55.183554  66.122560   -100 -100.00 -100.00 -100.00
 149    27.604 56128.95229682 23.12  55.170350  66.120845  8.595 -100.00 -100.00 -100.00
 149    27.752 56128.95229741 24.33  55.176822  66.120723  9.899 -100.00 -100.00 -100.00
 149    28.047 56128.95229800 29.00  55.183294  66.120601 18.670 -100.00 -100.00 -100.00
 150    27.740 56138.86793077 22.90  55.175073  66.119990  6.778 -100.00 -100.00 -100.00
 150    27.987 56138.86793136 27.74  55.181545  66.119868 12.604 -100.00 -100.00 -100.00
 151    27.708 56148.78357917 27.23  55.175796  66.121121 13.971 -100.00 -100.00 -100.00
 151    28.105 56148.78357976 29.87  55.182268  66.120999 15.385 -100.00 -100.00 -100.00
 152    22.755 56158.69922794 35.09  55.172707  66.122904 27.009 -100.00 -100.00 -100.00
 152    23.912 56158.69922853 37.79  55.179179  66.122782 17.021 -100.00 -100.00 -100.00
 153    27.766 56168.61487614 22.80  55.176078  66.123430  9.959 -100.00 -100.00 -100.00
 153    27.609 56168.61487673 28.24  55.182551  66.123308 26.850 -100.00 -100.00 -100.00
 154    22.101 56178.53052073 41.63  55.173064  66.122316   -100 -100.00 -100.00 -100.00
 154    22.326 56178.53052132 35.21  55.179537  66.122194 15.121 -100.00 -100.00 -100.00
 155    27.790 56188.44616131 23.82  55.174381  66.120765 10.749 -100.00 -100.00 -100.00
 155    27.674 56188.44616190 29.79  55.180854  66.120643 25.728 -100.00 -100.00 -100.00
 156    26.709 56198.36179801 23.86  55.170214  66.120467 14.019 -100.00 -100.00 -100.00
 156    31.572 56198.36179860 21.08  55.176687  66.120346  7.689 -100.00 -100.00 -100.00
 156    28.362 56198.36179919 24.33  55.183160  66.120223 12.872 -100.00 -100.00 -100.00
 157    24.419 56208.27743272 41.22  55.175568  66.121931 30.984 -100.00 -100.00 -100.00
 157    24.404 56208.27743331 44.46  55.182041  66.121809   -100 -100.00 -100.00 -100.00
 158    27.212 56218.19306505 23.26  55.172913  66.124272 10.681 -100.00 -100.00 -100.00
 158    27.604 56218.19306564 24.68  55.179387  66.124150 13.222 -100.00 -100.00 -100.00
 159    27.656 56228.10871062 24.79  55.178189  66.125485 12.055 -100.00 -100.00 -100.00
 159    28.037 56228.10871121 26.86  55.184663  66.125363 15.824 -100.00 -100.00 -100.00
 160    23.119 56238.02436450 35.62  55.174411  66.125087 32.032 -100.00 -100.00 -100.00
 160    22.930 56238.02436509 37.19  55.180885  66.124965   -100 -100.00 -100.00 -100.00
 161    23.351 56247.94001495 35.13  55.175371  66.124039 30.799 -100.00 -100.00 -100.00
 161    23.261 56247.94001554 36.20  55.181845  66.123917   -100 -100.00 -100.00 -100.00
 162    24.494 56257.85566024 28.69  55.174372  66.123531 16.688 -100.00 -100.00 -100.00
 162    23.428 56257.85566083 31.12  55.180845  66.123409 31.268 -100.00 -100.00 -100.00
 164    23.161 56277.68694266 22.02  55.173082  66.124997 11.370 -100.00 -100.00 -100.00
 164    23.131 56277.68694325 24.21  55.179556  66.124875 18.725 -100.00 -100.00 -100.00
 170    49.630 56337.18080931 10.39  55.173942  66.123257  8.282 -100.00 -100.00 -100.00
 170    29.232 56337.18080990 13.60  55.180415  66.123134 12.831 -100.00 -100.00 -100.00
 171    72.814 56347.09644752  1.42  55.171959  66.124021  3.462 -100.00 -100.00 -100.00
 171    71.230 56347.09644811  1.17  55.178433  66.123899  3.449 -100.00 -100.00 -100.00
 171    70.919 56347.09644870  1.31  55.184906  66.123777  3.454 -100.00 -100.00 -100.00
 172    73.521 56357.01208367  2.23  55.175304  66.122688  4.046 -100.00 -100.00 -100.00
 172    73.077 56357.01208426  1.21  55.181777  66.122566  2.688 -100.00 -100.00 -100.00
 173    72.265 56366.92773189  1.84  55.174261  66.120857  3.154 -100.00 -100.00 -100.00
 173    74.111 56366.92773248  0.90  55.180733  66.120735  3.151 -100.00 -100.00 -100.00
 176    70.595 56396.67466981  6.40  55.177783  66.124706  2.810 -100.00 -100.00 -100.00
 176    71.946 56396.67467040  6.21  55.184257  66.124584  3.127 -100.00 -100.00 -100.00
 177    27.381 56406.59031083 24.77  55.174892  66.126056 13.267 -100.00 -100.00 -100.00
 177    27.910 56406.59031142 25.49  55.181366  66.125934 13.424 -100.00 -100.00 -100.00
 178    25.157 56416.50594869 32.80  55.176515  66.125615 21.660 -100.00 -100.00 -100.00
 178    24.785 56416.50594928 32.24  55.182989  66.125493 22.130 -100.00 -100.00 -100.00
 179    28.595 56426.42158171 42.96  55.176953  66.124155 23.856 -100.00 -100.00 -100.00
 179    28.512 56426.42158230 48.12  55.183427  66.124034   -100 -100.00 -100.00 -100.00
 180    26.569 56436.33723171 41.73  55.171611  66.123371 22.773 -100.00 -100.00 -100.00
 180    26.503 56436.33723230 43.87  55.178084  66.123249 27.797 -100.00 -100.00 -100.00
 180    26.517 56436.33723289 48.15  55.184558  66.123127   -100 -100.00 -100.00 -100.00
 181    27.607 56446.25288346 21.34  55.171890  66.123691  9.005 -100.00 -100.00 -100.00
 181    28.100 56446.25288405 21.16  55.178363  66.123569  8.176 -100.00 -100.00 -100.00
 181    28.602 56446.25288464 23.09  55.184836  66.123447  9.402 -100.00 -100.00 -100.00
 182    28.021 56456.16853331 21.10  55.176911  66.124622  6.400 -100.00 -100.00 -100.00
 182    28.619 56456.16853390 21.37  55.183385  66.124500  5.832 -100.00 -100.00 -100.00
 183    26.055 56466.08417923 38.11  55.172861  66.124532 29.504 -100.00 -100.00 -100.00
 183    26.852 56466.08417982 40.89  55.179334  66.124410 21.604 -100.00 -100.00 -100.00
 184    23.926 56475.99982150 32.82  55.171136  66.122854 12.817 -100.00 -100.00 -100.00
 184    23.834 56475.99982209 32.80  55.177609  66.122732 13.331 -100.00 -100.00 -100.00
 184    24.128 56475.99982268 35.65  55.184081  66.122609 19.826 -100.00 -100.00 -100.00
 185    22.755 56485.91546061 31.68  55.173679  66.120559 30.882 -100.00 -100.00 -100.00
 185    27.832 56485.91546120 26.63  55.180151  66.120437 13.977 -100.00 -100.00 -100.00
 187    21.700 56505.74673125 29.27  55.175939  66.121168 25.282 -100.00 -100.00 -100.00
 187    27.871 56505.74673184 28.52  55.182411  66.121046 16.158 -100.00 -100.00 -100.00
 188    22.175 56515.66236429 34.24  55.177062  66.123409 18.207 -100.00 -100.00 -100.00
 188    21.720 56515.66236488 40.94  55.183535  66.123287   -100 -100.00 -100.00 -100.00
 189    26.426 56525.57801837 25.75  55.172630  66.124277 17.424 -100.00 -100.00 -100.00
 189    27.365 56525.57801897 27.09  55.179104  66.124155 19.192 -100.00 -100.00 -100.00
 190    27.561 56535.49366921 23.38  55.173818  66.123184 12.980 -100.00 -100.00 -100.00
 190    28.012 56535.49366980 22.67  55.180291  66.123062 11.887 -100.00 -100.00 -100.00
 192    22.065 56555.32496043 34.29  55.174446  66.121088 19.881 -100.00 -100.00 -100.00
 192    22.834 56555.32496102 41.12  55.180919  66.120966 25.221 -100.00 -100.00 -100.00
 193    27.489 56565.24060336 24.71  55.176324  66.122691 14.531 -100.00 -100.00 -100.00
 193    27.793 56565.24060395 23.86  55.182797  66.122569 13.294 -100.00 -100.00 -100.00
 194    22.914 56575.15624467 40.09  55.175272  66.125131 19.702 -100.00 -100.00 -100.00
 194    22.693 56575.15624526 44.25  55.181746  66.125009 22.412 -100.00 -100.00 -100.00
 195    23.328 56585.07188333 38.90  55.177666  66.126435 31.008 -100.00 -100.00 -100.00
 195    23.351 56585.07188392 42.02  55.184140  66.126313   -100 -100.00 -100.00 -100.00
 196    22.857 56594.98751942 40.21  55.174967  66.125959 29.080 -100.00 -100.00 -100.00
 196    23.412 56594.98752001 42.05  55.181441  66.125837 21.924 -100.00 -100.00 -100.00
 197    25.469 56604.90317215 35.29  55.173687  66.124433 16.230 -100.00 -100.00 -100.00
 197    24.692 56604.90317275 38.89  55.180160  66.124311 29.537 -100.00 -100.00 -100.00
 198    26.525 56614.81882032 40.97  55.175043  66.123315 22.676 -100.00 -100.00 -100.00
 198    25.931 56614.81882091 45.23  55.181516  66.123193   -100 -100.00 -100.00 -100.00
 199    24.151 56624.73446443 37.79  55.173682  66.123517 29.918 -100.00 -100.00 -100.00
 199    24.071 56624.73446502 40.98  55.180155  66.123395   -100 -100.00 -100.00 -100.00
 200    24.222 56634.65010619 28.05  55.177240  66.123962 25.740 -100.00 -100.00 -100.00
 200    24.086 56634.65010678 30.28  55.183713  66.123840 29.937 -100.00 -100.00 -100.00
 202    74.159 56654.48139583  0.60  55.171916  66.122825  2.639 -100.00 -100.00 -100.00
 202    73.213 56654.48139642  0.57  55.178389  66.122703  2.802 -100.00 -100.00 -100.00
 202    73.349 56654.48139701  0.33  55.184863  66.122581  2.919 -100.00 -100.00 -100.00
 205    74.436 56684.22833527  1.52  55.173214  66.121398  2.915 -100.00 -100.00 -100.00
 205    74.021 56684.22833586  1.07  55.179687  66.121275  2.647 -100.00 -100.00 -100.00
 206    73.262 56694.14397822  0.28  55.176153  66.122987  2.941 -100.00 -100.00 -100.00
 206    73.148 56694.14397881  0.24  55.182626  66.122865  2.675 -100.00 -100.00 -100.00
 208    71.792 56713.97524914  6.55  55.171955  66.123404  2.715 -100.00 -100.00 -100.00
 208    71.110 56713.97524973  6.77  55.178428  66.123282  2.814 -100.00 -100.00 -100.00
 208    70.715 56713.97525032  6.82  55.184901  66.123160  3.360 -100.00 -100.00 -100.00
 209    73.705 56723.89089933  1.90  55.175547  66.122170  4.195 -100.00 -100.00 -100.00
 209    73.152 56723.89089992  0.98  55.182019  66.122048  3.744 -100.00 -100.00 -100.00
 210    73.890 56733.80654962  1.50  55.173970  66.121985  3.436 -100.00 -100.00 -100.00
 210    73.218 56733.80655021  1.16  55.180442  66.121863  3.272 -100.00 -100.00 -100.00
 211    73.064 56743.72219681  4.09  55.176037  66.123488  3.763 -100.00 -100.00 -100.00
 211    72.748 56743.72219740  3.49  55.182510  66.123365  3.010 -100.00 -100.00 -100.00
 212    71.306 56753.63783946  3.44  55.175637  66.125418  2.482 -100.00 -100.00 -100.00
 212    70.638 56753.63784005  3.48  55.182110  66.125296  2.436 -100.00 -100.00 -100.00
 213    22.952 56763.55347653 36.37  55.173103  66.126364 30.326 -100.00 -100.00 -100.00
 213    22.731 56763.55347712 38.13  55.179577  66.126242   -100 -100.00 -100.00 -100.00
 214    23.764 56773.46911063 18.69  55.176148  66.125669 10.485 -100.00 -100.00 -100.00
 214    23.183 56773.46911122 20.82  55.182622  66.125547 15.208 -100.00 -100.00 -100.00
 215    24.790 56783.38476764 33.16  55.171494  66.124465   -100 -100.00 -100.00 -100.00
 215    24.647 56783.38476823 32.67  55.177968  66.124343   -100 -100.00 -100.00 -100.00
 215    24.821 56783.38476882 35.07  55.184442  66.124220   -100 -100.00 -100.00 -100.00
 216    30.050 56793.30042145 35.87  55.171864  66.123636 24.608 -100.00 -100.00 -100.00
 216    30.159 56793.30042204 36.95  55.178337  66.123514 26.872 -100.00 -100.00 -100.00
 216    30.533 56793.30042263 40.23  55.184810  66.123392 23.988 -100.00 -100.00 -100.00
 217    32.093 56803.21607243 32.03  55.172967  66.123563 14.015 -100.00 -100.00 -100.00
 217    32.090 56803.21607302 35.29  55.179440  66.123440 22.068 -100.00 -100.00 -100.00
 218    29.008 56813.13171540 25.07  55.172172  66.123713 10.315 -100.00 -100.00 -100.00
 218    28.979 56813.13171599 27.21  55.178645  66.123591 13.995 -100.00 -100.00 -100.00
 219    28.291 56823.04735489 25.21  55.171783  66.123279 16.110 -100.00 -100.00 -100.00
 219    28.874 56823.04735548 25.12  55.178256  66.123157 13.324 -100.00 -100.00 -100.00
 219    28.706 56823.04735607 30.50  55.184728  66.123034 29.280 -100.00 -100.00 -100.00
 220    76.602 56832.96299056 20.18  55.175155  66.122248  8.540 -100.00 -100.00 -100.00
 220    76.089 56832.96299115 24.84  55.181628  66.122126 28.705 -100.00 -100.00 -100.00
 221    28.626 56842.87862245 24.81  55.174587  66.121428  8.088 -100.00 -100.00 -100.00
 221    28.637 56842.87862304 30.00  55.181059  66.121306 15.093 -100.00 -100.00 -100.00
 222    28.355 56852.79426309 24.57  55.174890  66.121470  7.462 -100.00 -100.00 -100.00
 222    28.528 56852.79426368 29.42  55.181362  66.121348 14.615 -100.00 -100.00 -100.00
 223    27.902 56862.70991716 24.78  55.174777  66.122171 12.208 -100.00 -100.00 -100.00
 223    28.238 56862.70991775 26.10  55.181249  66.122049 16.289 -100.00 -100.00 -100.00
 224    74.456 56872.62557068  1.63  55.174708  66.123059  2.870 -100.00 -100.00 -100.00
 224    84.042 56872.62557127  1.28  55.181181  66.122937  2.631 -100.00 -100.00 -100.00
 225    23.071 56882.54122081 26.16  55.171443  66.123362 20.840 -100.00 -100.00 -100.00
 225    27.636 56882.54122140 25.55  55.177916  66.123240 17.845 -100.00 -100.00 -100.00
 225    28.170 56882.54122199 28.32  55.184390  66.123117 22.353 -100.00 -100.00 -100.00
 226    27.360 56892.45686769 24.24  55.171626  66.123108 11.933 -100.00 -100.00 -100.00
 226    28.114 56892.45686828 23.18  55.178099  66.122985 10.170 -100.00 -100.00 -100.00
 226    28.418 56892.45686887 27.68  55.184573  66.122863 17.447 -100.00 -100.00 -100.00
 227    28.191 56902.37251157 21.48  55.172803  66.122707  8.056 -100.00 -100.00 -100.00
 227    27.798 56902.37251216 26.36  55.179277  66.122584 17.771 -100.00 -100.00 -100.00
 228    27.360 56912.28815326 24.12  55.171190  66.123394 15.897 -100.00 -100.00 -100.00
 228    27.995 56912.28815385 23.60  55.177664  66.123272 11.112 -100.00 -100.00 -100.00
 228    28.172 56912.28815444 28.51  55.184138  66.123149 21.479 -100.00 -100.00 -100.00
 229    28.125 56922.20379404 23.61  55.177405  66.124399 11.731 -100.00 -100.00 -100.00
 229    28.192 56922.20379463 27.59  55.183879  66.124277 19.234 -100.00 -100.00 -100.00
 230    27.936 56932.11943179 22.46  55.175198  66.125601  6.136 -100.00 -100.00 -100.00
 230    27.736 56932.11943238 27.53  55.181672  66.125479 15.394 -100.00 -100.00 -100.00
 231    23.817 56942.03506439 35.39  55.173554  66.125830 26.810 -100.00 -100.00 -100.00
 231    23.671 56942.03506498 33.46  55.180028  66.125708 28.490 -100.00 -100.00 -100.00
 232    22.741 56951.95070699 38.08  55.171658  66.125187   -100 -100.00 -100.00 -100.00
 232    22.896 56951.95070758 39.84  55.178131  66.125065   -100 -100.00 -100.00 -100.00
 232    22.781 56951.95070817 42.34  55.184605  66.124943   -100 -100.00 -100.00 -100.00
 233    23.742 56961.86635809 37.78  55.172181  66.124218   -100 -100.00 -100.00 -100.00
 233    23.563 56961.86635868 40.45  55.178655  66.124096   -100 -100.00 -100.00 -100.00
 234    23.901 56971.78200437 25.44  55.173982  66.123822 13.326 -100.00 -100.00 -100.00
 234    23.609 56971.78200497 28.12  55.180455  66.123700 19.338 -100.00 -100.00 -100.00
 235    23.747 56981.69764622 38.94  55.172343  66.123885   -100 -100.00 -100.00 -100.00
 235    23.981 56981.69764681 40.73  55.178816  66.123763   -100 -100.00 -100.00 -100.00
 236    27.240 56991.61328407 22.65  55.175895  66.123624  8.275 -100.00 -100.00 -100.00
 236    28.101 56991.61328466 22.79  55.182368  66.123502  8.119 -100.00 -100.00 -100.00
 237    76.397 57001.52891620  1.04  55.175144  66.122801  2.663 -100.00 -100.00 -100.00
 237    78.656 57001.52891679  1.19  55.181617  66.122679  2.464 -100.00 -100.00 -100.00
 238    74.629 57011.44457334  2.13  55.171148  66.121852  2.928 -100.00 -100.00 -100.00
 238    77.702 57011.44457393  1.91  55.177621  66.121730  2.541 -100.00 -100.00 -100.00
 238    79.403 57011.44457452  1.63  55.184095  66.121608  2.542 -100.00 -100.00 -100.00
 240    76.685 57031.27587406  0.10  55.173715  66.121943  2.321 -100.00 -100.00 -100.00
 240    80.835 57031.27587465  0.08  55.180188  66.121821  2.378 -100.00 -100.00 -100.00
 241    70.635 57041.19152128  1.83  55.177211  66.122802  2.858 -100.00 -100.00 -100.00
 241    70.069 57041.19152187  1.73  55.183684  66.122679  3.073 -100.00 -100.00 -100.00
 242    73.502 57051.10716598  1.55  55.176062  66.123436  3.039 -100.00 -100.00 -100.00
 242    73.204 57051.10716657  1.37  55.182536  66.123314  3.222 -100.00 -100.00 -100.00
 243    73.345 57061.02280630  0.47  55.172575  66.123208  2.459 -100.00 -100.00 -100.00
 243    73.346 57061.02280689  0.38  55.179048  66.123086  2.691 -100.00 -100.00 -100.00
 244    72.852 57070.93844145  1.28  55.173153  66.122855  2.687 -100.00 -100.00 -100.00
 244    73.288 57070.93844204  0.60  55.179626  66.122733  2.617 -100.00 -100.00 -100.00
 245    71.856 57080.85407249  7.12  55.175828  66.123149  3.699 -100.00 -100.00 -100.00
 245    71.374 57080.85407308  6.86  55.182300  66.123027  3.163 -100.00 -100.00 -100.00
 246    70.234 57090.76971424  7.31  55.176982  66.124417  3.304 -100.00 -100.00 -100.00
 246    68.262 57090.76971483  7.61  55.183455  66.124295  3.609 -100.00 -100.00 -100.00
 247    70.516 57100.68537153  9.17  55.173125  66.125871  3.652 -100.00 -100.00 -100.00
 247    70.006 57100.68537212  8.67  55.179598  66.125749  3.088 -100.00 -100.00 -100.00
 248    70.626 57110.60102635  5.94  55.176655  66.126220  2.719 -100.00 -100.00 -100.00
 248    69.950 57110.60102694  5.92  55.183129  66.126098  3.195 -100.00 -100.00 -100.00
 249    70.808 57120.51667526  1.91  55.177097  66.125277  2.615 -100.00 -100.00 -100.00
 249    70.540 57120.51667585  1.76  55.183571  66.125155  2.612 -100.00 -100.00 -100.00
