# NaN NaN NaN ;Mean Elev.(m), Avg Gradient(m/km), RMS Gradient(m/km) - SRTM1     
#   -9.621  -1.905   6.182 ;Mean Elev.(m), Avg Gradient(m/km), RMS Gradient(m/km) - ASTER GDEM
#   34.000  -2.612   3.905 ;Mean Elev.(m), Avg Gradient(m/km), RMS Gradient(m/km) - GMTED2010 
   1    12.778 54666.43507533 39.97  52.121716  65.473206 30.424 -100.00 -100.00 -100.00
   1    12.998 54666.43507592 37.02  52.127861  65.472593 25.133 -100.00 -100.00 -100.00
   1    12.999 54666.43507651 40.93  52.134005  65.471980   -100 -100.00 -100.00 -100.00
   1    12.945 54666.43507710 42.78  52.140149  65.471367   -100 -100.00 -100.00 -100.00
   2    12.182 54676.35071972 38.89  52.120460  65.474241 25.201 -100.00 -100.00 -100.00
   2    12.480 54676.35072031 41.95  52.126605  65.473628 29.515 -100.00 -100.00 -100.00
   2    12.219 54676.35072090 47.16  52.132749  65.473015   -100 -100.00 -100.00 -100.00
   2    12.383 54676.35072149 36.98  52.138894  65.472402 25.401 -100.00 -100.00 -100.00
   3     3.024 54686.26636293 12.69  52.121665  65.475912  4.005 -100.00 -100.00 -100.00
   3     4.358 54686.26636352 13.85  52.127811  65.475299  3.704 -100.00 -100.00 -100.00
   3     5.710 54686.26636412 13.58  52.133955  65.474686  3.309 -100.00 -100.00 -100.00
   3     6.755 54686.26636471 14.15  52.140100  65.474072  3.386 -100.00 -100.00 -100.00
   4    12.833 54696.18200419 28.81  52.119193  65.477502 32.507 -100.00 -100.00 -100.00
   4    12.387 54696.18200478 29.66  52.125339  65.476889   -100 -100.00 -100.00 -100.00
   4    12.491 54696.18200537 26.09  52.131484  65.476276 27.159 -100.00 -100.00 -100.00
   4    12.582 54696.18200596 24.45  52.137629  65.475663 19.082 -100.00 -100.00 -100.00
   5     7.076 54706.09764388 16.38  52.118986  65.476945  6.059 -100.00 -100.00 -100.00
   5     8.215 54706.09764447 16.03  52.125132  65.476333  4.651 -100.00 -100.00 -100.00
   5     9.344 54706.09764506 17.28  52.131277  65.475720  6.805 -100.00 -100.00 -100.00
   5    10.049 54706.09764565 18.73  52.137422  65.475107  7.990 -100.00 -100.00 -100.00
   6    14.331 54716.01329667 41.90  52.121979  65.473868 26.689 -100.00 -100.00 -100.00
   6    14.449 54716.01329726 46.06  52.128123  65.473255 26.913 -100.00 -100.00 -100.00
   6    14.167 54716.01329785 50.41  52.134267  65.472642   -100 -100.00 -100.00 -100.00
   6    13.918 54716.01329844 54.77  52.140411  65.472029  9.394 -100.00 -100.00 -100.00
   7    14.015 54725.92894657 30.15  52.120669  65.471201 16.196 -100.00 -100.00 -100.00
   7    13.932 54725.92894716 32.63  52.126812  65.470589 23.452 -100.00 -100.00 -100.00
   7    13.507 54725.92894775 34.26  52.132956  65.469976 31.540 -100.00 -100.00 -100.00
   7    13.215 54725.92894834 35.78  52.139098  65.469362 30.698 -100.00 -100.00 -100.00
   8    12.930 54735.84459442 39.13  52.118592  65.470452 32.019 -100.00 -100.00 -100.00
   8    12.888 54735.84459501 41.50  52.124736  65.469839   -100 -100.00 -100.00 -100.00
   8    12.652 54735.84459560 46.44  52.130879  65.469226 19.176 -100.00 -100.00 -100.00
   8    12.640 54735.84459619 39.29  52.137022  65.468613   -100 -100.00 -100.00 -100.00
   9    18.511 54745.76024197 26.33  52.123316  65.471259 11.745 -100.00 -100.00 -100.00
   9    18.464 54745.76024256 25.62  52.129460  65.470645 11.929 -100.00 -100.00 -100.00
   9    17.251 54745.76024315 29.64  52.135603  65.470032 24.639 -100.00 -100.00 -100.00
  10    14.705 54755.67588836 45.03  52.120788  65.473079   -100  253.09  250.81  250.54
  10    14.907 54755.67588895 43.28  52.126932  65.472466 32.679  253.09  250.81  250.54
  10    14.753 54755.67588954 42.67  52.133076  65.471852 32.303  253.09  250.81  250.54
  10    14.763 54755.67589013 44.52  52.139220  65.471238   -100  253.09  250.81  250.54
  11    18.568 54765.59153369 30.88  52.121313  65.473002 26.241 -100.00 -100.00 -100.00
  11    18.431 54765.59153428 26.92  52.127458  65.472389 12.841 -100.00 -100.00 -100.00
  11    12.993 54765.59153487 39.05  52.133602  65.471775  4.918 -100.00 -100.00 -100.00
  11    12.958 54765.59153546 36.08  52.139746  65.471161   -100 -100.00 -100.00 -100.00
  12    14.974 54775.50717600 42.92  52.120161  65.471184 30.840 -100.00 -100.00 -100.00
  12    15.179 54775.50717659 44.76  52.126306  65.470571   -100 -100.00 -100.00 -100.00
  12    15.031 54775.50717718 47.85  52.132450  65.469958   -100 -100.00 -100.00 -100.00
  12    14.873 54775.50717777 50.36  52.138594  65.469344 17.280 -100.00 -100.00 -100.00
  13    13.616 54785.42281598 38.81  52.120439  65.469304 28.975 -100.00 -100.00 -100.00
  13    13.797 54785.42281657 42.89  52.126583  65.468691 32.122 -100.00 -100.00 -100.00
  13    13.212 54785.42281716 44.48  52.132727  65.468078  8.404 -100.00 -100.00 -100.00
  13    13.450 54785.42281775 38.41  52.138871  65.467464   -100 -100.00 -100.00 -100.00
  14    12.932 54795.33845425 38.83  52.119049  65.469627 29.991 -100.00 -100.00 -100.00
  14    12.968 54795.33845484 40.96  52.125194  65.469014   -100 -100.00 -100.00 -100.00
  14    12.641 54795.33845543 40.23  52.131338  65.468401   -100 -100.00 -100.00 -100.00
  14    12.535 54795.33845602 40.78  52.137481  65.467787   -100 -100.00 -100.00 -100.00
  17    12.969 54825.08537570 19.43  52.123638  65.474512  7.364 -100.00 -100.00 -100.00
  17    12.947 54825.08537629 19.86  52.129783  65.473899  7.934 -100.00 -100.00 -100.00
  17    13.043 54825.08537688 19.22  52.135927  65.473286  6.933 -100.00 -100.00 -100.00
  18    12.815 54835.00101490 15.64  52.118043  65.473878  4.993 -100.00 -100.00 -100.00
  18    12.730 54835.00101549 16.17  52.124188  65.473265  6.520 -100.00 -100.00 -100.00
  18    12.813 54835.00101608 15.30  52.130333  65.472652  4.534 -100.00 -100.00 -100.00
  18    12.705 54835.00101667 14.52  52.136477  65.472039  3.918 -100.00 -100.00 -100.00
  19    12.667 54844.91666528 14.19  52.123743  65.472761  5.632 -100.00 -100.00 -100.00
  19    12.541 54844.91666587 13.17  52.129886  65.472148  3.495 -100.00 -100.00 -100.00
  19    12.460 54844.91666646 13.03  52.136030  65.471535  3.378 -100.00 -100.00 -100.00
  20    13.157 54854.83231387 15.91  52.120159  65.473741  4.650 -100.00 -100.00 -100.00
  20    12.894 54854.83231447 15.56  52.126303  65.473128  4.259 -100.00 -100.00 -100.00
  20    12.746 54854.83231506 15.63  52.132447  65.472514  4.914 -100.00 -100.00 -100.00
  20    12.695 54854.83231565 15.27  52.138591  65.471901  5.084 -100.00 -100.00 -100.00
  21    13.101 54864.74796283 13.98  52.122539  65.475052  3.984 -100.00 -100.00 -100.00
  21    12.758 54864.74796342 13.90  52.128684  65.474438  3.736 -100.00 -100.00 -100.00
  21    12.365 54864.74796401 14.08  52.134828  65.473825  4.149 -100.00 -100.00 -100.00
  21    12.574 54864.74796460 13.25  52.140972  65.473211  3.465 -100.00 -100.00 -100.00
  22    12.626 54874.66361138 13.62  52.123725  65.475505  4.287 -100.00 -100.00 -100.00
  22    12.239 54874.66361198 12.93  52.129870  65.474891  3.712 -100.00 -100.00 -100.00
  22    12.244 54874.66361257 12.44  52.136015  65.474278  3.023 -100.00 -100.00 -100.00
  23    12.927 54884.57925700 13.17  52.121139  65.474845  3.188  250.82  244.67  228.60
  23    12.623 54884.57925759 13.00  52.127284  65.474232  3.497  250.82  244.67  228.60
  23    12.570 54884.57925818 12.81  52.133429  65.473619  3.342  250.82  244.67  228.60
  23    12.073 54884.57925877 12.72  52.139573  65.473005  2.778  250.82  244.67  228.60
  24    13.488 54894.49489929 13.33  52.118688  65.472634  3.478 -100.00 -100.00 -100.00
  24    12.881 54894.49489988 13.68  52.124833  65.472021  4.071 -100.00 -100.00 -100.00
  24    12.684 54894.49490047 13.01  52.130977  65.471408  3.427 -100.00 -100.00 -100.00
  24    12.620 54894.49490106 12.71  52.137121  65.470794  2.977 -100.00 -100.00 -100.00
  25    14.185 54904.41053932 13.48  52.120370  65.470268  3.111 -100.00 -100.00 -100.00
  25    13.533 54904.41053991 13.02  52.126515  65.469655  2.901 -100.00 -100.00 -100.00
  25    12.884 54904.41054050 13.12  52.132658  65.469041  3.129 -100.00 -100.00 -100.00
  25    12.757 54904.41054109 12.66  52.138802  65.468427  2.838 -100.00 -100.00 -100.00
  26    13.856 54914.32617791 14.41  52.119763  65.470046  4.073  253.67  246.15  229.37
  26    13.122 54914.32617850 14.24  52.125907  65.469433  4.204  253.67  246.15  229.37
  26    12.916 54914.32617909 13.76  52.132051  65.468819  3.662  253.67  246.15  229.37
  26    12.708 54914.32617968 13.52  52.138194  65.468205  3.735  253.67  246.15  229.37
  27    13.506 54924.24181594 11.97  52.119519  65.471465  4.574 -100.00 -100.00 -100.00
  27    11.785 54924.24181653 11.83  52.125663  65.470852  4.645 -100.00 -100.00 -100.00
  27    11.684 54924.24181712 12.39  52.131807  65.470238  6.135 -100.00 -100.00 -100.00
  27    11.633 54924.24181771 12.81  52.137950  65.469625  7.104 -100.00 -100.00 -100.00
  28    14.148 54934.15745317 12.30  52.119057  65.473158  4.556 -100.00 -100.00 -100.00
  28    13.230 54934.15745376 11.83  52.125201  65.472545  3.422 -100.00 -100.00 -100.00
  28    13.287 54934.15745435 11.31  52.131345  65.471932  2.979 -100.00 -100.00 -100.00
  28    12.372 54934.15745494 11.29  52.137489  65.471319  3.031 -100.00 -100.00 -100.00
  29    11.468 54944.07308889 12.91  52.122550  65.473211  8.325 -100.00 -100.00 -100.00
  29    14.235 54944.07308948 10.42  52.128694  65.472598  5.203 -100.00 -100.00 -100.00
  29    14.344 54944.07309007  9.88  52.134838  65.471985  4.031 -100.00 -100.00 -100.00
  30    11.607 54953.98872196 16.68  52.120276  65.472250  9.410 -100.00 -100.00 -100.00
  30    11.619 54953.98872255 18.13  52.126420  65.471637 13.638 -100.00 -100.00 -100.00
  30    11.704 54953.98872314 17.02  52.132563  65.471024 12.095 -100.00 -100.00 -100.00
  30    11.640 54953.98872373 16.09  52.138707  65.470411  8.726 -100.00 -100.00 -100.00
  31    18.859 54963.90436712 35.07  52.118626  65.470501 25.775 -100.00 -100.00 -100.00
  31    12.258 54963.90436771 39.04  52.124770  65.469888   -100 -100.00 -100.00 -100.00
  31    12.214 54963.90436830 36.21  52.130912  65.469275   -100 -100.00 -100.00 -100.00
  31    12.274 54963.90436889 35.54  52.137055  65.468662 32.000 -100.00 -100.00 -100.00
  32    15.758 54973.82001595 49.29  52.123503  65.469734   -100 -100.00 -100.00 -100.00
  32    15.812 54973.82001654 50.06  52.129646  65.469121   -100 -100.00 -100.00 -100.00
  32    15.572 54973.82001713 55.11  52.135789  65.468508 14.544 -100.00 -100.00 -100.00
  33    18.555 54983.73566319 32.26  52.119941  65.471718 17.194 -100.00 -100.00 -100.00
  33    18.567 54983.73566378 28.78  52.126084  65.471105 12.239 -100.00 -100.00 -100.00
  33    18.307 54983.73566437 28.55  52.132228  65.470492 11.889 -100.00 -100.00 -100.00
  33    18.184 54983.73566496 27.17  52.138371  65.469878  8.086 -100.00 -100.00 -100.00
  34    82.209 54993.65131078 16.90  52.122214  65.473522 21.861 -100.00 -100.00 -100.00
  34    83.238 54993.65131137 16.75  52.128358  65.472909 16.746 -100.00 -100.00 -100.00
  34    92.221 54993.65131196 16.96  52.134502  65.472296 11.730 -100.00 -100.00 -100.00
  34    88.975 54993.65131255 22.50  52.140646  65.471682 18.355 -100.00 -100.00 -100.00
  35    18.896 55003.56695693 32.02  52.120603  65.474509 11.834 -100.00 -100.00 -100.00
  35    18.606 55003.56695752 29.73  52.126747  65.473896  8.116 -100.00 -100.00 -100.00
  35    18.657 55003.56695811 28.97  52.132892  65.473282  7.255 -100.00 -100.00 -100.00
  35    18.723 55003.56695870 28.15  52.139036  65.472669  5.787 -100.00 -100.00 -100.00
  36    18.839 55013.48260132 26.85  52.120765  65.474118 14.504 -100.00 -100.00 -100.00
  36    18.579 55013.48260191 24.01  52.126910  65.473505  8.533 -100.00 -100.00 -100.00
  36    17.989 55013.48260250 26.82  52.133054  65.472892 16.944 -100.00 -100.00 -100.00
  36    14.854 55013.48260309 30.96  52.139199  65.472278 29.382 -100.00 -100.00 -100.00
  37    18.507 55023.39824417 32.16  52.119176  65.473648 28.650 -100.00 -100.00 -100.00
  37    12.746 55023.39824476 29.35  52.125321  65.473035 23.256 -100.00 -100.00 -100.00
  37    12.935 55023.39824535 30.87  52.131466  65.472422 26.673 -100.00 -100.00 -100.00
  37    12.836 55023.39824594 36.24  52.137610  65.471808   -100 -100.00 -100.00 -100.00
  38    13.366 55033.31388637 38.90  52.118307  65.474240 22.906 -100.00 -100.00 -100.00
  38    13.666 55033.31388696 39.98  52.124452  65.473627 20.151 -100.00 -100.00 -100.00
  38    13.462 55033.31388755 44.18  52.130597  65.473014   -100 -100.00 -100.00 -100.00
  38    13.032 55033.31388814 45.21  52.136741  65.472401  5.085 -100.00 -100.00 -100.00
  39    12.678 55043.22952794 29.33  52.118436  65.475380 27.170 -100.00 -100.00 -100.00
  39    12.381 55043.22952853 29.33  52.124581  65.474767 31.758 -100.00 -100.00 -100.00
  39    12.310 55043.22952912 28.40  52.130726  65.474153 23.989 -100.00 -100.00 -100.00
  39    12.704 55043.22952971 32.28  52.136870  65.473540 30.616 -100.00 -100.00 -100.00
  40    11.781 55053.14516847 27.33  52.124007  65.475510 23.009  266.61  265.57  263.99
  40    11.922 55053.14516906 26.80  52.130152  65.474898 24.292  266.61  265.57  263.99
  40    11.857 55053.14516965 29.63  52.136297  65.474284   -100  266.61  265.57  263.99
  41    11.381 55063.06080589 32.08  52.119348  65.475002 31.602 -100.00 -100.00 -100.00
  41    11.772 55063.06080648 29.92  52.125493  65.474389 24.112 -100.00 -100.00 -100.00
  41    11.989 55063.06080707 31.09  52.131638  65.473777 27.601 -100.00 -100.00 -100.00
  41    12.007 55063.06080766 34.21  52.137782  65.473163   -100 -100.00 -100.00 -100.00
  42    11.408 55072.97645107 28.84  52.122528  65.472469 26.907 -100.00 -100.00 -100.00
  42    11.733 55072.97645166 27.55  52.128671  65.471856 23.524 -100.00 -100.00 -100.00
  42    11.770 55072.97645225 33.42  52.134815  65.471243   -100 -100.00 -100.00 -100.00
  43    11.435 55082.89209933 30.62  52.121443  65.470557   -100 -100.00 -100.00 -100.00
  43    11.797 55082.89209992 28.15  52.127587  65.469944 22.647 -100.00 -100.00 -100.00
  43    11.820 55082.89210051 29.78  52.133730  65.469331 28.024 -100.00 -100.00 -100.00
  43    11.896 55082.89210110 32.05  52.139873  65.468718   -100 -100.00 -100.00 -100.00
  44    11.743 55092.80774615 27.08  52.123004  65.470052 20.615  262.76  261.81  260.26
  44    11.708 55092.80774674 32.81  52.129147  65.469439   -100  262.76  261.81  260.26
  44    11.893 55092.80774733 31.20  52.135290  65.468825   -100  262.76  261.81  260.26
  45    12.637 55102.72339231 34.74  52.120946  65.471120 24.179  258.00  256.75  255.51
  45    12.686 55102.72339290 34.11  52.127090  65.470507 19.301  258.00  256.75  255.51
  45    12.607 55102.72339349 33.64  52.133233  65.469894 19.601  258.00  256.75  255.51
  45    12.194 55102.72339408 37.72  52.139376  65.469280   -100  258.00  256.75  255.51
  46    18.628 55112.63903822 25.98  52.119594  65.472320 13.083 -100.00 -100.00 -100.00
  46    18.406 55112.63903881 25.30  52.125738  65.471707 12.537 -100.00 -100.00 -100.00
  46    18.274 55112.63903940 24.00  52.131882  65.471094 10.787 -100.00 -100.00 -100.00
  46    13.550 55112.63903999 30.82  52.138026  65.470480   -100 -100.00 -100.00 -100.00
  47    18.439 55122.55468204 27.38  52.120331  65.472181  8.303 -100.00 -100.00 -100.00
  47    18.157 55122.55468263 28.13  52.126476  65.471568  8.639 -100.00 -100.00 -100.00
  47    13.754 55122.55468322 35.16  52.132620  65.470955 29.351 -100.00 -100.00 -100.00
  47    13.943 55122.55468381 36.93  52.138764  65.470341 28.229 -100.00 -100.00 -100.00
  48    12.780 55132.47032266 39.97  52.117466  65.471382 27.383 -100.00 -100.00 -100.00
  48    12.853 55132.47032325 42.18  52.123611  65.470769 27.197 -100.00 -100.00 -100.00
  48    12.667 55132.47032385 45.33  52.129755  65.470156   -100 -100.00 -100.00 -100.00
  48    12.162 55132.47032444 48.49  52.135899  65.469542 30.959 -100.00 -100.00 -100.00
  49    11.688 55142.38596170 26.76  52.118987  65.470021 15.367 -100.00 -100.00 -100.00
  49    11.658 55142.38596229 28.04  52.125131  65.469408 19.360 -100.00 -100.00 -100.00
  49    11.779 55142.38596288 28.77  52.131275  65.468794 20.376 -100.00 -100.00 -100.00
  49    11.671 55142.38596347 25.14  52.137419  65.468181 13.451 -100.00 -100.00 -100.00
  50    12.060 55152.30160013 36.31  52.120763  65.470088 31.122 -100.00 -100.00 -100.00
  50    12.136 55152.30160072 38.00  52.126907  65.469475   -100 -100.00 -100.00 -100.00
  50    11.618 55152.30160131 41.29  52.133051  65.468862  8.061 -100.00 -100.00 -100.00
  50    11.736 55152.30160190 33.68  52.139195  65.468248   -100 -100.00 -100.00 -100.00
  51    12.729 55162.21723839 30.39  52.118341  65.471961 20.516 -100.00 -100.00 -100.00
  51    12.747 55162.21723898 35.44  52.124485  65.471348 30.846 -100.00 -100.00 -100.00
  51    12.549 55162.21723957 35.40  52.130630  65.470735   -100 -100.00 -100.00 -100.00
  51    12.494 55162.21724016 30.03  52.136774  65.470121 17.799 -100.00 -100.00 -100.00
  52    12.434 55172.13287668 30.08  52.120143  65.473762 22.342 -100.00 -100.00 -100.00
  52    12.647 55172.13287727 33.23  52.126288  65.473149   -100 -100.00 -100.00 -100.00
  52    12.585 55172.13287786 28.01  52.132432  65.472536 15.547 -100.00 -100.00 -100.00
  52    12.523 55172.13287845 26.58  52.138577  65.471923 13.355 -100.00 -100.00 -100.00
  53    12.232 55182.04851314 25.95  52.118916  65.475066 19.692  245.64  240.46  232.06
  53    12.684 55182.04851373 27.97  52.125061  65.474454 19.111  245.64  240.46  232.06
  53    12.342 55182.04851432 29.13  52.131206  65.473841 30.030  245.64  240.46  232.06
  53    12.123 55182.04851491 25.08  52.137351  65.473228 18.914  245.64  240.46  232.06
  54    12.347 55191.96416357 16.89  52.119492  65.474647  5.935 -100.00 -100.00 -100.00
  54    11.986 55191.96416416 25.87  52.125636  65.474034 24.992 -100.00 -100.00 -100.00
  54    12.006 55191.96416475 25.65  52.131781  65.473421 22.790 -100.00 -100.00 -100.00
  54    11.752 55191.96416534 19.91  52.137925  65.472807 11.212 -100.00 -100.00 -100.00
  55    13.769 55201.87981395 14.41  52.122029  65.474137  3.934 -100.00 -100.00 -100.00
  55    11.930 55201.87981454 14.35  52.128174  65.473524  4.585 -100.00 -100.00 -100.00
  55    12.769 55201.87981513 13.82  52.134318  65.472911  3.683 -100.00 -100.00 -100.00
  55    12.325 55201.87981572 13.59  52.140462  65.472297  3.561 -100.00 -100.00 -100.00
  56    13.929 55211.79546347 13.48  52.122753  65.474272  3.665  250.30  243.56  227.98
  56    13.542 55211.79546406 13.56  52.128897  65.473658  3.919  250.30  243.56  227.98
  56    12.074 55211.79546465 13.04  52.135041  65.473045  3.423  250.30  243.56  227.98
  57    13.535 55221.71111235 14.52  52.121841  65.474678  4.608 -100.00 -100.00 -100.00
  57    12.071 55221.71111294 13.73  52.127985  65.474064  3.540 -100.00 -100.00 -100.00
  57    12.420 55221.71111353 13.10  52.134130  65.473451  3.830 -100.00 -100.00 -100.00
  57    12.109 55221.71111412 13.28  52.140274  65.472837  3.783 -100.00 -100.00 -100.00
  58    12.588 55231.62676027 12.71  52.122967  65.473871  3.253 -100.00 -100.00 -100.00
  58    12.450 55231.62676086 12.93  52.129111  65.473258  3.311 -100.00 -100.00 -100.00
  58    12.558 55231.62676145 12.61  52.135256  65.472644  3.019 -100.00 -100.00 -100.00
  59    13.559 55241.54240485 13.47  52.122260  65.472579  3.954 -100.00 -100.00 -100.00
  59    13.404 55241.54240544 13.30  52.128404  65.471965  3.337 -100.00 -100.00 -100.00
  59    12.838 55241.54240603 13.00  52.134548  65.471352  3.302 -100.00 -100.00 -100.00
  59    12.390 55241.54240662 12.89  52.140692  65.470738  3.521 -100.00 -100.00 -100.00
  60    13.651 55251.45804611 12.93  52.123051  65.470886  3.191 -100.00 -100.00 -100.00
  60    12.532 55251.45804670 12.53  52.129195  65.470273  2.921 -100.00 -100.00 -100.00
  60    12.853 55251.45804729 12.39  52.135339  65.469659  3.125 -100.00 -100.00 -100.00
  61    12.509 55261.37368468 13.10  52.119443  65.470384  4.673  256.63  247.37  226.97
  61    12.983 55261.37368527 13.23  52.125587  65.469771  5.484  256.63  247.37  226.97
  61    12.458 55261.37368586 12.06  52.131731  65.469157  4.034  256.63  247.37  226.97
  61    12.480 55261.37368645 11.57  52.137875  65.468543  3.152  256.63  247.37  226.97
  62    12.282 55271.28932293 13.10  52.122252  65.470619  4.625  252.79  241.83  219.99
  62    12.343 55271.28932353 13.22  52.128396  65.470006  4.859  252.79  241.83  219.99
  62    12.343 55271.28932412 12.91  52.134540  65.469393  4.727  252.79  241.83  219.99
  63    13.153 55281.20496085 13.24  52.122460  65.471516  5.839 -100.00 -100.00 -100.00
  63    12.477 55281.20496144 12.10  52.128604  65.470903  3.620 -100.00 -100.00 -100.00
  63    12.161 55281.20496203 12.68  52.134748  65.470289  5.307 -100.00 -100.00 -100.00
  64    11.598 55291.12059752 26.27  52.121808  65.472112   -100  262.67  258.47  245.98
  64    12.093 55291.12059811 27.80  52.127952  65.471499   -100  262.67  258.47  245.98
  64    12.179 55291.12059870 29.17  52.134095  65.470886   -100  262.67  258.47  245.98
  64    12.420 55291.12059929 31.30  52.140239  65.470272   -100  262.67  258.47  245.98
  65    11.700 55301.03623208 20.67  52.122772  65.471890 13.887 -100.00 -100.00 -100.00
  65    12.345 55301.03623268 20.13  52.128916  65.471277 11.848 -100.00 -100.00 -100.00
  65    12.254 55301.03623327 23.39  52.135059  65.470664 20.010 -100.00 -100.00 -100.00
  66    12.202 55310.95187905 30.32  52.123003  65.470817 20.384 -100.00 -100.00 -100.00
  66    12.151 55310.95187964 30.74  52.129146  65.470204 22.655 -100.00 -100.00 -100.00
  66    12.030 55310.95188023 29.82  52.135289  65.469591 21.885 -100.00 -100.00 -100.00
  67    16.529 55320.86752429 47.22  52.119620  65.470648   -100 -100.00 -100.00 -100.00
  67    16.423 55320.86752489 49.47  52.125763  65.470035 12.096 -100.00 -100.00 -100.00
  67    16.562 55320.86752548 51.35  52.131905  65.469422   -100 -100.00 -100.00 -100.00
  67    16.381 55320.86752607 53.05  52.138048  65.468809 26.467 -100.00 -100.00 -100.00
  68    17.966 55330.78316877 46.20  52.120650  65.471044   -100  255.80  256.14  253.34
  68    17.947 55330.78316936 48.32  52.126794  65.470431   -100  255.80  256.14  253.34
  68    17.814 55330.78316995 49.01  52.132936  65.469818   -100  255.80  256.14  253.34
  68    17.864 55330.78317054 42.48  52.139079  65.469205 26.474  255.80  256.14  253.34
  69    18.732 55340.69881277 43.80  52.118050  65.472577   -100 -100.00 -100.00 -100.00
  69    18.691 55340.69881336 42.38  52.124194  65.471964 31.905 -100.00 -100.00 -100.00
  69    18.624 55340.69881395 46.61  52.130337  65.471351   -100 -100.00 -100.00 -100.00
  69    18.744 55340.69881454 46.30  52.136480  65.470737   -100 -100.00 -100.00 -100.00
  70    18.728 55350.61445711 25.32  52.121279  65.473313  9.297 -100.00 -100.00 -100.00
  70    17.414 55350.61445770 28.01  52.127423  65.472700 18.360 -100.00 -100.00 -100.00
  70    13.853 55350.61445829 32.29  52.133567  65.472087   -100 -100.00 -100.00 -100.00
  70    14.401 55350.61445888 34.36  52.139711  65.471474 27.933 -100.00 -100.00 -100.00
  71    18.702 55360.53009914 25.04  52.122202  65.473799  8.123 -100.00 -100.00 -100.00
  71    18.430 55360.53009973 22.80  52.128346  65.473186  5.634 -100.00 -100.00 -100.00
  71    18.175 55360.53010032 23.06  52.134490  65.472573  7.893 -100.00 -100.00 -100.00
  71    17.744 55360.53010091 24.58  52.140634  65.471959 10.795 -100.00 -100.00 -100.00
  72    14.401 55370.44573908 36.38  52.123618  65.473890 29.851 -100.00 -100.00 -100.00
  72    14.241 55370.44573967 38.26  52.129762  65.473277   -100 -100.00 -100.00 -100.00
  72    14.239 55370.44574026 42.28  52.135907  65.472663   -100 -100.00 -100.00 -100.00
  73    13.685 55380.36137706 30.33  52.119767  65.474768 12.382 -100.00 -100.00 -100.00
  73    13.564 55380.36137765 29.48  52.125912  65.474156 10.259 -100.00 -100.00 -100.00
  73    13.709 55380.36137824 32.40  52.132056  65.473542 15.933 -100.00 -100.00 -100.00
  73    13.818 55380.36137883 38.24  52.138201  65.472929 28.933 -100.00 -100.00 -100.00
  74    13.528 55390.27701508 34.38  52.123699  65.475140 21.780 -100.00 -100.00 -100.00
  74    13.487 55390.27701567 33.04  52.129844  65.474527 17.829 -100.00 -100.00 -100.00
  74    13.760 55390.27701626 38.95  52.135989  65.473914 30.303 -100.00 -100.00 -100.00
  75    12.492 55400.19265141 31.08  52.121188  65.475680 32.051 -100.00 -100.00 -100.00
  75    12.207 55400.19265200 34.42  52.127333  65.475067   -100 -100.00 -100.00 -100.00
  75    12.264 55400.19265259 34.18  52.133478  65.474454   -100 -100.00 -100.00 -100.00
  75    12.378 55400.19265318 34.41  52.139622  65.473841   -100 -100.00 -100.00 -100.00
  76    11.801 55410.10829946 37.36  52.122499  65.474301 22.106 -100.00 -100.00 -100.00
  76    12.742 55410.10830005 41.42  52.128644  65.473688 20.083 -100.00 -100.00 -100.00
  76    11.870 55410.10830064 53.34  52.134788  65.473075  6.829 -100.00 -100.00 -100.00
  76    12.035 55410.10830123 38.80  52.140932  65.472462   -100 -100.00 -100.00 -100.00
  77    12.245 55420.02394949 34.49  52.118101  65.472456 20.712 -100.00 -100.00 -100.00
  77    11.357 55420.02395008 36.54  52.124245  65.471843 29.493 -100.00 -100.00 -100.00
  77    12.467 55420.02395067 41.31  52.130389  65.471230 22.650 -100.00 -100.00 -100.00
  77    11.429 55420.02395126 44.37  52.136532  65.470617 27.924 -100.00 -100.00 -100.00
  78    11.836 55429.93959706 31.49  52.121978  65.470381 31.974 -100.00 -100.00 -100.00
  78    11.533 55429.93959766 31.72  52.128122  65.469768   -100 -100.00 -100.00 -100.00
  78    11.696 55429.93959825 31.19  52.134264  65.469155   -100 -100.00 -100.00 -100.00
  79    12.778 55439.85524144 38.02  52.119642  65.470599 24.841  260.51  258.89  257.79
  79    13.027 55439.85524203 40.27  52.125785  65.469986 23.595  260.51  258.89  257.79
  79    12.383 55439.85524262 45.27  52.131928  65.469373   -100  260.51  258.89  257.79
  79    12.172 55439.85524321 39.90  52.138071  65.468759   -100  260.51  258.89  257.79
  80    18.676 55449.77088433 23.85  52.118019  65.471827 11.794 -100.00 -100.00 -100.00
  80    12.173 55449.77088492 25.47  52.124163  65.471214 17.540 -100.00 -100.00 -100.00
  80    12.011 55449.77088551 27.64  52.130306  65.470601 24.997 -100.00 -100.00 -100.00
  80    12.137 55449.77088610 28.69  52.136450  65.469988 27.228 -100.00 -100.00 -100.00
  81    13.568 55459.68652701 39.19  52.118687  65.472476 19.550 -100.00 -100.00 -100.00
  81    13.902 55459.68652760 40.14  52.124831  65.471863 15.837 -100.00 -100.00 -100.00
  81    12.873 55459.68652819 47.53  52.130975  65.471249  3.698 -100.00 -100.00 -100.00
  81    12.883 55459.68652878 39.65  52.137119  65.470636   -100 -100.00 -100.00 -100.00
  82    18.897 55469.60216868 27.83  52.117759  65.472181 15.856 -100.00 -100.00 -100.00
  82    18.419 55469.60216927 25.62  52.123903  65.471568 10.819 -100.00 -100.00 -100.00
  82    18.339 55469.60216986 24.09  52.130047  65.470955  9.811 -100.00 -100.00 -100.00
  82    18.181 55469.60217045 22.91  52.136191  65.470341  6.861 -100.00 -100.00 -100.00
  83    12.521 55479.51780785 36.95  52.123203  65.470628   -100 -100.00 -100.00 -100.00
  83    12.814 55479.51780844 32.98  52.129347  65.470015 27.992 -100.00 -100.00 -100.00
  83    12.911 55479.51780903 31.73  52.135491  65.469402 26.688 -100.00 -100.00 -100.00
  84    18.803 55489.43344328 28.07  52.118671  65.470566 12.590 -100.00 -100.00 -100.00
  84    18.363 55489.43344387 29.66  52.124815  65.469953 16.538 -100.00 -100.00 -100.00
  84    17.578 55489.43344446 28.79  52.130960  65.469340 15.403 -100.00 -100.00 -100.00
  84    16.439 55489.43344505 30.80  52.137103  65.468727 22.353 -100.00 -100.00 -100.00
  85    13.405 55499.34907706 43.85  52.120470  65.471040   -100 -100.00 -100.00 -100.00
  85    13.742 55499.34907765 46.35  52.126615  65.470427 30.217 -100.00 -100.00 -100.00
  85    13.247 55499.34907824 48.80  52.132759  65.469814   -100 -100.00 -100.00 -100.00
  85    12.822 55499.34907883 40.84  52.138903  65.469201   -100 -100.00 -100.00 -100.00
  86    13.481 55509.26471710 41.15  52.118750  65.472661 31.330 -100.00 -100.00 -100.00
  86    13.402 55509.26471769 43.23  52.124895  65.472048   -100 -100.00 -100.00 -100.00
  86    13.313 55509.26471828 45.69  52.131040  65.471435   -100 -100.00 -100.00 -100.00
  86    12.944 55509.26471887 46.96  52.137184  65.470822 20.814 -100.00 -100.00 -100.00
  87    13.551 55519.18036715 40.22  52.119228  65.473556 28.746 -100.00 -100.00 -100.00
  87    13.699 55519.18036774 42.48  52.125373  65.472943 30.349 -100.00 -100.00 -100.00
  87    13.370 55519.18036833 45.68  52.131518  65.472330   -100 -100.00 -100.00 -100.00
  87    13.048 55519.18036892 42.27  52.137662  65.471717   -100 -100.00 -100.00 -100.00
  88    14.355 55529.09601613 26.68  52.117978  65.474128 11.430 -100.00 -100.00 -100.00
  88    14.420 55529.09601672 30.23  52.124123  65.473515 19.709 -100.00 -100.00 -100.00
  88    14.191 55529.09601731 32.78  52.130268  65.472902   -100 -100.00 -100.00 -100.00
  88    14.449 55529.09601790 34.52  52.136412  65.472289   -100 -100.00 -100.00 -100.00
  89    14.029 55539.01166356 22.25  52.119071  65.473871  7.273 -100.00 -100.00 -100.00
  89    14.008 55539.01166415 22.77  52.125215  65.473259  7.561 -100.00 -100.00 -100.00
  89    13.923 55539.01166475 23.84  52.131360  65.472645 10.383 -100.00 -100.00 -100.00
  89    13.943 55539.01166534 21.41  52.137503  65.472032  6.924 -100.00 -100.00 -100.00
  90    13.846 55548.92730882 19.71  52.121089  65.473643  5.543 -100.00 -100.00 -100.00
  90    13.809 55548.92730941 19.07  52.127233  65.473030  5.393 -100.00 -100.00 -100.00
  90    13.608 55548.92731000 20.25  52.133378  65.472417  6.567 -100.00 -100.00 -100.00
  90    13.340 55548.92731059 20.25  52.139521  65.471803  7.211 -100.00 -100.00 -100.00
  91    13.494 55558.84295186 19.30  52.118646  65.474408  6.683 -100.00 -100.00 -100.00
  91    13.511 55558.84295245 18.07  52.124791  65.473796  5.478 -100.00 -100.00 -100.00
  91    13.295 55558.84295304 18.20  52.130935  65.473182  5.055 -100.00 -100.00 -100.00
  91    13.304 55558.84295363 17.97  52.137079  65.472569  5.282 -100.00 -100.00 -100.00
  92    13.051 55568.75859434 18.27  52.119824  65.475217  5.308 -100.00 -100.00 -100.00
  92    13.206 55568.75859493 17.86  52.125969  65.474604  5.511 -100.00 -100.00 -100.00
  92    13.066 55568.75859552 17.45  52.132113  65.473990  4.887 -100.00 -100.00 -100.00
  92    13.010 55568.75859611 17.03  52.138258  65.473377  4.745 -100.00 -100.00 -100.00
  93    13.042 55578.67423604 17.20  52.121700  65.475051  5.258 -100.00 -100.00 -100.00
  93    12.712 55578.67423663 16.44  52.127845  65.474438  5.103 -100.00 -100.00 -100.00
  93    12.717 55578.67423723 16.51  52.133990  65.473824  5.453 -100.00 -100.00 -100.00
  93    12.705 55578.67423782 16.08  52.140134  65.473211  4.787 -100.00 -100.00 -100.00
  94    13.826 55588.58987489 15.82  52.117960  65.473890  4.626 -100.00 -100.00 -100.00
  94    13.416 55588.58987548 16.58  52.124105  65.473277  5.903 -100.00 -100.00 -100.00
  94    12.855 55588.58987607 15.34  52.130250  65.472664  4.423 -100.00 -100.00 -100.00
  94    12.466 55588.58987666 15.41  52.136394  65.472051  4.611 -100.00 -100.00 -100.00
  95    14.186 55598.50551128 14.91  52.119851  65.471481  3.702 -100.00 -100.00 -100.00
  95    12.923 55598.50551187 15.09  52.125995  65.470868  4.650 -100.00 -100.00 -100.00
  95    13.300 55598.50551246 14.25  52.132140  65.470255  3.329 -100.00 -100.00 -100.00
  95    12.673 55598.50551305 13.99  52.138284  65.469642  3.406 -100.00 -100.00 -100.00
  96    13.976 55608.42114504 14.90  52.121467  65.470195  4.797 -100.00 -100.00 -100.00
  96    13.655 55608.42114563 14.94  52.127612  65.469582  4.563 -100.00 -100.00 -100.00
  96    13.347 55608.42114622 13.84  52.133756  65.468969  3.350 -100.00 -100.00 -100.00
  96    12.350 55608.42114681 14.08  52.139899  65.468356  3.889 -100.00 -100.00 -100.00
  97    13.741 55618.33677675 13.97  52.121583  65.471023  3.522  252.93  244.20  224.80
  97    13.534 55618.33677734 14.96  52.127728  65.470411  4.626  252.93  244.20  224.80
  97    13.069 55618.33677793 13.98  52.133872  65.469798  3.208  252.93  244.20  224.80
  97    12.629 55618.33677852 13.48  52.140016  65.469185  2.981  252.93  244.20  224.80
  98    13.744 55628.25242355 13.85  52.120594  65.472929  3.466  256.36  248.34  229.92
  98    12.838 55628.25242414 14.03  52.126739  65.472316  3.765  256.36  248.34  229.92
  98    12.659 55628.25242473 14.02  52.132883  65.471703  5.015  256.36  248.34  229.92
  98    12.378 55628.25242532 13.58  52.139028  65.471090  3.592  256.36  248.34  229.92
  99    13.629 55638.16807477 13.83  52.119992  65.473677  3.756 -100.00 -100.00 -100.00
  99    13.090 55638.16807536 13.61  52.126136  65.473064  4.138 -100.00 -100.00 -100.00
  99    13.037 55638.16807595 12.70  52.132281  65.472451  3.163 -100.00 -100.00 -100.00
  99    12.045 55638.16807654 12.99  52.138425  65.471838  3.660 -100.00 -100.00 -100.00
 100    13.841 55648.08372391 12.47  52.118539  65.472780  3.215  254.18  244.70  223.49
 100    13.285 55648.08372450 12.36  52.124683  65.472167  3.239  254.18  244.70  223.49
 100    12.339 55648.08372509 12.24  52.130827  65.471554  3.348  254.18  244.70  223.49
 100    12.602 55648.08372568 12.21  52.136971  65.470941  3.376  254.18  244.70  223.49
 101    12.291 55657.99937053 36.56  52.121426  65.470382   -100 -100.00 -100.00 -100.00
 101    11.986 55657.99937112 39.33  52.127570  65.469769   -100 -100.00 -100.00 -100.00
 101    11.975 55657.99937171 39.68  52.133713  65.469156   -100 -100.00 -100.00 -100.00
 101    12.700 55657.99937230 36.21  52.139855  65.468543   -100 -100.00 -100.00 -100.00
 102    12.240 55667.91501269 27.05  52.120964  65.469429 21.539 -100.00 -100.00 -100.00
 102    12.232 55667.91501328 27.41  52.127107  65.468816 23.364 -100.00 -100.00 -100.00
 102    14.529 55667.91501387 23.27  52.133249  65.468203 10.527 -100.00 -100.00 -100.00
 102    14.275 55667.91501446 26.03  52.139392  65.467589 17.103 -100.00 -100.00 -100.00
 103    18.331 55677.83065193 34.73  52.118947  65.470742 26.730 -100.00 -100.00 -100.00
 103    18.247 55677.83065252 33.82  52.125090  65.470129 24.327 -100.00 -100.00 -100.00
 103    15.200 55677.83065311 36.06  52.131233  65.469516 29.949 -100.00 -100.00 -100.00
 103    15.138 55677.83065370 39.27  52.137376  65.468903   -100 -100.00 -100.00 -100.00
 104    16.918 55687.74628980 47.66  52.123702  65.472640   -100 -100.00 -100.00 -100.00
 104    16.803 55687.74629039 51.58  52.129846  65.472027  3.104 -100.00 -100.00 -100.00
 104    16.725 55687.74629098 54.71  52.135989  65.471414 19.210 -100.00 -100.00 -100.00
 105    18.819 55697.66192571 29.15  52.121151  65.474743  6.325 -100.00 -100.00 -100.00
 105    18.259 55697.66192630 30.81  52.127296  65.474130 11.668 -100.00 -100.00 -100.00
 105    18.034 55697.66192689 28.54  52.133440  65.473517  8.409 -100.00 -100.00 -100.00
 105    17.784 55697.66192748 27.40  52.139584  65.472904  6.374 -100.00 -100.00 -100.00
 106    18.823 55707.57756087 29.98  52.120025  65.475225  9.671 -100.00 -100.00 -100.00
 106    18.219 55707.57756146 31.05  52.126170  65.474612 12.766 -100.00 -100.00 -100.00
 106    17.779 55707.57756205 31.53  52.132315  65.473999 13.560 -100.00 -100.00 -100.00
 106    16.364 55707.57756264 37.84  52.138459  65.473386   -100 -100.00 -100.00 -100.00
 107    18.328 55717.49321224 29.20  52.121432  65.474040  6.922 -100.00 -100.00 -100.00
 107    18.193 55717.49321283 29.00  52.127577  65.473427  6.720 -100.00 -100.00 -100.00
 107    18.134 55717.49321342 28.24  52.133722  65.472814  6.038 -100.00 -100.00 -100.00
 107    18.164 55717.49321401 28.07  52.139866  65.472201  6.475 -100.00 -100.00 -100.00
 108    18.532 55727.40886099 20.64  52.124023  65.473309  5.990 -100.00 -100.00 -100.00
 108    18.287 55727.40886158 20.36  52.130167  65.472696  6.292 -100.00 -100.00 -100.00
 108    18.144 55727.40886217 19.84  52.136311  65.472083  6.359 -100.00 -100.00 -100.00
 109    16.511 55737.32450782 22.32  52.123937  65.473956 12.483  280.63  279.32  277.20
 109    13.455 55737.32450841 28.35  52.130081  65.473343 28.379  280.63  279.32  277.20
 109    13.936 55737.32450900 28.42  52.136226  65.472730 22.867  280.63  279.32  277.20
 110    12.458 55747.24015311 31.06  52.120866  65.475208   -100 -100.00 -100.00 -100.00
 110    12.411 55747.24015370 28.13  52.127011  65.474595 29.182 -100.00 -100.00 -100.00
 110    12.435 55747.24015430 32.58  52.133155  65.473982   -100 -100.00 -100.00 -100.00
 110    12.432 55747.24015489 32.49  52.139300  65.473368   -100 -100.00 -100.00 -100.00
 111    11.677 55757.15579659 30.37  52.120032  65.475150 27.656  271.09  269.40  267.85
 111    11.767 55757.15579718 29.24  52.126177  65.474537 21.392  271.09  269.40  267.85
 111    11.869 55757.15579777 30.43  52.132321  65.473924 25.665  271.09  269.40  267.85
 111    12.005 55757.15579836 33.59  52.138465  65.473310   -100  271.09  269.40  267.85
 112    11.423 55767.07143752 29.60  52.119092  65.473534   -100 -100.00 -100.00 -100.00
 112    11.465 55767.07143811 29.69  52.125236  65.472922   -100 -100.00 -100.00 -100.00
 112    11.738 55767.07143870 27.60  52.131380  65.472309 30.023 -100.00 -100.00 -100.00
 112    12.104 55767.07143929 31.95  52.137523  65.471695   -100 -100.00 -100.00 -100.00
 113    11.637 55776.98707579 26.33  52.121495  65.470905 21.741  265.49  264.59  262.89
 113    11.701 55776.98707638 25.16  52.127638  65.470292 18.072  265.49  264.59  262.89
 113    11.784 55776.98707697 30.39  52.133782  65.469679   -100  265.49  264.59  262.89
 113    11.930 55776.98707756 28.25  52.139925  65.469066 27.010  265.49  264.59  262.89
 114    12.042 55786.90271085 37.44  52.119146  65.469878 17.063  262.24  261.55  259.84
 114    11.879 55786.90271144 40.47  52.125290  65.469265 21.837  262.24  261.55  259.84
 114    11.336 55786.90271203 46.81  52.131433  65.468652   -100  262.24  261.55  259.84
 114    11.865 55786.90271262 37.37  52.137575  65.468039   -100  262.24  261.55  259.84
 115    11.296 55796.81834462 29.51  52.122529  65.470766 30.442  262.77  261.57  259.79
 115    11.754 55796.81834521 26.30  52.128672  65.470153 18.518  262.77  261.57  259.79
 115    11.767 55796.81834580 32.65  52.134815  65.469540   -100  262.77  261.57  259.79
 116    11.344 55806.73398633 29.65  52.122574  65.472762 28.159 -100.00 -100.00 -100.00
 116    11.737 55806.73398692 27.13  52.128718  65.472150 23.253 -100.00 -100.00 -100.00
 116    11.838 55806.73398751 30.72  52.134862  65.471537   -100 -100.00 -100.00 -100.00
 117    11.121 55816.64963541 34.83  52.124115  65.473722 23.060  268.95  268.29  267.02
 117    11.550 55816.64963600 35.53  52.130259  65.473109 28.504  268.95  268.29  267.02
 117    11.668 55816.64963659 35.22  52.136404  65.472496 25.073  268.95  268.29  267.02
 118    12.045 55826.56528064 24.57  52.118030  65.473281 10.321 -100.00 -100.00 -100.00
 118    11.465 55826.56528123 28.19  52.124175  65.472669 21.399 -100.00 -100.00 -100.00
 118    11.849 55826.56528182 26.99  52.130319  65.472056 17.708 -100.00 -100.00 -100.00
 118    11.897 55826.56528241 27.67  52.136464  65.471443 17.400 -100.00 -100.00 -100.00
 119    12.114 55836.48092205 25.86  52.117480  65.471465 12.997  264.05  262.75  263.14
 119    11.869 55836.48092264 25.96  52.123625  65.470852 14.572  264.05  262.75  263.14
 119    11.558 55836.48092323 31.62  52.129769  65.470239   -100  264.05  262.75  263.14
 119    11.841 55836.48092383 31.63  52.135913  65.469626 26.729  264.05  262.75  263.14
 120    18.400 55846.39656045 25.88  52.119604  65.470046 16.386 -100.00 -100.00 -100.00
 120    17.861 55846.39656104 25.89  52.125749  65.469434 17.959 -100.00 -100.00 -100.00
 120    12.079 55846.39656163 26.58  52.131893  65.468821 19.627 -100.00 -100.00 -100.00
 120    11.939 55846.39656222 30.46  52.138037  65.468207   -100 -100.00 -100.00 -100.00
 121    18.582 55856.31219584 25.08  52.117921  65.471590 11.793 -100.00 -100.00 -100.00
 121    18.220 55856.31219643 23.71  52.124066  65.470978 11.655 -100.00 -100.00 -100.00
 121    18.145 55856.31219702 22.91  52.130210  65.470365  9.967 -100.00 -100.00 -100.00
 121    17.165 55856.31219761 27.09  52.136355  65.469752 21.206 -100.00 -100.00 -100.00
 122    13.435 55866.22783854 40.42  52.119314  65.473839 30.564 -100.00 -100.00 -100.00
 122    13.599 55866.22783913 42.60  52.125460  65.473227   -100 -100.00 -100.00 -100.00
 122    13.536 55866.22783972 46.78  52.131605  65.472614   -100 -100.00 -100.00 -100.00
 122    13.011 55866.22784031 48.51  52.137749  65.472001 24.878 -100.00 -100.00 -100.00
 123    12.076 55876.14349153 44.69  52.124471  65.474999   -100 -100.00 -100.00 -100.00
 123    11.950 55876.14349212 46.73  52.130616  65.474386   -100 -100.00 -100.00 -100.00
 123    11.959 55876.14349271 45.77  52.136761  65.473772   -100 -100.00 -100.00 -100.00
 133    13.018 55975.29992387 15.81  52.121720  65.470293  5.452 -100.00 -100.00 -100.00
 133    12.318 55975.29992446 16.87  52.127864  65.469680  7.676 -100.00 -100.00 -100.00
 133    11.614 55975.29992505 16.77  52.134008  65.469067  6.650 -100.00 -100.00 -100.00
 133    11.699 55975.29992565 14.52  52.140152  65.468453  4.488 -100.00 -100.00 -100.00
 134    13.297 55985.21555971 15.90  52.117715  65.473154  6.099 -100.00 -100.00 -100.00
 134    12.223 55985.21556030 16.19  52.123860  65.472541  5.790 -100.00 -100.00 -100.00
 134    11.939 55985.21556089 16.64  52.130005  65.471928  6.342 -100.00 -100.00 -100.00
 134    11.567 55985.21556148 15.37  52.136149  65.471315  5.111 -100.00 -100.00 -100.00
 135    12.400 55995.13119447 17.05  52.121425  65.474421  5.890 -100.00 -100.00 -100.00
 135    12.122 55995.13119506 16.35  52.127569  65.473808  6.328 -100.00 -100.00 -100.00
 135    11.859 55995.13119565 15.78  52.133714  65.473195  6.169 -100.00 -100.00 -100.00
 135    11.220 55995.13119624 15.94  52.139858  65.472582  6.447 -100.00 -100.00 -100.00
 136    12.478 56005.04684671 16.56  52.121567  65.473197  6.281 -100.00 -100.00 -100.00
 136    11.795 56005.04684730 16.59  52.127711  65.472584  6.256 -100.00 -100.00 -100.00
 136    11.709 56005.04684789 16.21  52.133855  65.471971  6.240 -100.00 -100.00 -100.00
 136    11.469 56005.04684848 15.72  52.139998  65.471358  5.556 -100.00 -100.00 -100.00
 137    13.775 56014.96249474 14.71  52.118005  65.471154  4.802 -100.00 -100.00 -100.00
 137    12.793 56014.96249533 14.63  52.124149  65.470541  5.009 -100.00 -100.00 -100.00
 137    12.262 56014.96249592 15.37  52.130292  65.469928  6.601 -100.00 -100.00 -100.00
 137    11.467 56014.96249651 16.44  52.136435  65.469315  8.130 -100.00 -100.00 -100.00
 139    11.436 56034.79378340 34.62  52.121857  65.470884   -100  267.39  266.36  265.21
 139    12.259 56034.79378399 32.21  52.128000  65.470271 27.892  267.39  266.36  265.21
 139    11.804 56034.79378458 37.20  52.134143  65.469657   -100  267.39  266.36  265.21
 139    12.677 56034.79378518 37.35  52.140286  65.469044   -100  267.39  266.36  265.21
 141    16.794 56054.62506223 44.56  52.119345  65.475781   -100 -100.00 -100.00 -100.00
 141    17.081 56054.62506282 46.09  52.125490  65.475168   -100 -100.00 -100.00 -100.00
 141    16.761 56054.62506341 47.94  52.131635  65.474555 12.513 -100.00 -100.00 -100.00
 141    16.583 56054.62506400 44.57  52.137779  65.473942 18.585 -100.00 -100.00 -100.00
 142    17.910 56064.54069680 45.68  52.119878  65.476117   -100 -100.00 -100.00 -100.00
 142    17.840 56064.54069739 46.59  52.126023  65.475504   -100 -100.00 -100.00 -100.00
 142    17.829 56064.54069798 49.85  52.132168  65.474891   -100 -100.00 -100.00 -100.00
 142    17.925 56064.54069857 51.19  52.138312  65.474278   -100 -100.00 -100.00 -100.00
 143    18.437 56074.45634092 33.35  52.121265  65.474796  9.784 -100.00 -100.00 -100.00
 143    18.303 56074.45634151 33.47  52.127410  65.474183 10.622 -100.00 -100.00 -100.00
 143    18.249 56074.45634210 35.01  52.133555  65.473570 15.542 -100.00 -100.00 -100.00
 143    18.399 56074.45634270 34.99  52.139699  65.472957 13.876 -100.00 -100.00 -100.00
 144    18.558 56084.37199075 24.41  52.122693  65.473697 10.206 -100.00 -100.00 -100.00
 144    18.456 56084.37199134 22.94  52.128837  65.473084  7.774 -100.00 -100.00 -100.00
 144    18.288 56084.37199193 23.63  52.134982  65.472471  8.409 -100.00 -100.00 -100.00
 145    18.745 56094.28763786 23.91  52.120627  65.473845  9.903 -100.00 -100.00 -100.00
 145    18.380 56094.28763845 23.39  52.126772  65.473232  9.970 -100.00 -100.00 -100.00
 145    14.992 56094.28763904 30.97  52.132916  65.472619 32.216 -100.00 -100.00 -100.00
 145    15.292 56094.28763964 32.90  52.139060  65.472005 25.067 -100.00 -100.00 -100.00
 146    18.835 56104.20328297 22.75  52.120192  65.474423  7.097 -100.00 -100.00 -100.00
 146    18.396 56104.20328356 23.52  52.126337  65.473810 10.794 -100.00 -100.00 -100.00
 146    16.350 56104.20328415 25.45  52.132481  65.473197 13.970 -100.00 -100.00 -100.00
 146    14.006 56104.20328474 30.42  52.138625  65.472583 26.025 -100.00 -100.00 -100.00
 147    18.331 56114.11891380 26.06  52.121484  65.473946 20.373 -100.00 -100.00 -100.00
 147    17.198 56114.11891439 25.52  52.127628  65.473333 18.460 -100.00 -100.00 -100.00
 147    13.132 56114.11891498 29.64  52.133772  65.472720   -100 -100.00 -100.00 -100.00
 147    13.138 56114.11891557 30.00  52.139916  65.472106   -100 -100.00 -100.00 -100.00
 148    12.453 56124.03455240 37.84  52.122252  65.472866   -100 -100.00 -100.00 -100.00
 148    12.946 56124.03455299 43.67  52.128396  65.472253   -100 -100.00 -100.00 -100.00
 148    12.328 56124.03455358 48.20  52.134540  65.471640   -100 -100.00 -100.00 -100.00
 148    12.381 56124.03455417 38.65  52.140683  65.471026   -100 -100.00 -100.00 -100.00
 149    12.498 56133.95018666 36.36  52.119085  65.471636 30.183 -100.00 -100.00 -100.00
 149    11.977 56133.95018725 38.50  52.125228  65.471023   -100 -100.00 -100.00 -100.00
 149    12.051 56133.95018784 32.72  52.131372  65.470410 26.575 -100.00 -100.00 -100.00
 149    12.178 56133.95018843 35.17  52.137515  65.469797   -100 -100.00 -100.00 -100.00
 150    12.581 56143.86582625 24.97  52.120655  65.470674 13.619 -100.00 -100.00 -100.00
 150    11.984 56143.86582684 27.60  52.126798  65.470061 22.232 -100.00 -100.00 -100.00
 150    11.957 56143.86582743 30.82  52.132941  65.469449   -100 -100.00 -100.00 -100.00
 150    12.122 56143.86582802 31.81  52.139084  65.468835   -100 -100.00 -100.00 -100.00
 151    12.731 56153.78147652 23.63  52.119971  65.471019 14.413 -100.00 -100.00 -100.00
 151    16.630 56153.78147711 22.88  52.126114  65.470407 13.948 -100.00 -100.00 -100.00
 151    12.381 56153.78147771 26.43  52.132257  65.469794 24.780 -100.00 -100.00 -100.00
 151    12.297 56153.78147830 29.66  52.138400  65.469180   -100 -100.00 -100.00 -100.00
 152    12.172 56163.69712557 29.41  52.120834  65.472272 13.346 -100.00 -100.00 -100.00
 152    11.787 56163.69712616 29.93  52.126978  65.471659 14.622 -100.00 -100.00 -100.00
 152    11.921 56163.69712676 31.34  52.133122  65.471046 19.357 -100.00 -100.00 -100.00
 152    12.206 56163.69712735 33.21  52.139266  65.470433 23.614 -100.00 -100.00 -100.00
 153    12.018 56173.61277225 41.65  52.118409  65.473495   -100 -100.00 -100.00 -100.00
 153    12.090 56173.61277284 36.93  52.124554  65.472883 19.227 -100.00 -100.00 -100.00
 153    11.832 56173.61277343 36.49  52.130698  65.472270 18.895 -100.00 -100.00 -100.00
 153    11.862 56173.61277402 40.81  52.136842  65.471656   -100 -100.00 -100.00 -100.00
 154    11.642 56183.52841434 43.22  52.120401  65.473047   -100 -100.00 -100.00 -100.00
 154    11.658 56183.52841493 39.77  52.126545  65.472434   -100 -100.00 -100.00 -100.00
 154    11.712 56183.52841552 43.03  52.132690  65.471821   -100 -100.00 -100.00 -100.00
 154    11.836 56183.52841611 40.23  52.138834  65.471208   -100 -100.00 -100.00 -100.00
 155    18.394 56193.44405269 31.03  52.121820  65.471629 12.433 -100.00 -100.00 -100.00
 155    18.146 56193.44405328 30.75  52.127965  65.471016 11.782 -100.00 -100.00 -100.00
 155    16.754 56193.44405387 33.25  52.134109  65.470403 17.223 -100.00 -100.00 -100.00
 155    13.008 56193.44405446 39.23  52.140253  65.469790 32.753 -100.00 -100.00 -100.00
 156    13.462 56203.35968792 44.69  52.119516  65.471170   -100 -100.00 -100.00 -100.00
 156    13.363 56203.35968851 43.67  52.125661  65.470557   -100 -100.00 -100.00 -100.00
 156    13.357 56203.35968910 43.07  52.131805  65.469944  0.756 -100.00 -100.00 -100.00
 156    13.257 56203.35968969 36.18  52.137949  65.469331   -100 -100.00 -100.00 -100.00
 157    12.933 56213.27532196 46.83  52.122680  65.472057   -100 -100.00 -100.00 -100.00
 157    12.962 56213.27532255 47.12  52.128825  65.471444   -100 -100.00 -100.00 -100.00
 157    12.901 56213.27532314 41.63  52.134969  65.470831   -100 -100.00 -100.00 -100.00
 158    18.405 56223.19095489 31.23  52.123210  65.474566 19.905 -100.00 -100.00 -100.00
 158    12.420 56223.19095548 33.32  52.129355  65.473953 30.907 -100.00 -100.00 -100.00
 158    17.387 56223.19095607 33.30  52.135500  65.473340 28.425 -100.00 -100.00 -100.00
 159    12.657 56233.10661092 40.74  52.121284  65.476085   -100 -100.00 -100.00 -100.00
 159    12.668 56233.10661151 41.45  52.127429  65.475472   -100 -100.00 -100.00 -100.00
 159    12.602 56233.10661210 44.95  52.133575  65.474859   -100 -100.00 -100.00 -100.00
 159    12.318 56233.10661269 42.24  52.139720  65.474246   -100 -100.00 -100.00 -100.00
 160    11.740 56243.02226309 36.68  52.120433  65.476052   -100 -100.00 -100.00 -100.00
 160    11.581 56243.02226368 37.91  52.126578  65.475439   -100 -100.00 -100.00 -100.00
 160    11.499 56243.02226427 40.69  52.132723  65.474826   -100 -100.00 -100.00 -100.00
 160    11.552 56243.02226486 33.56  52.138867  65.474213 24.862 -100.00 -100.00 -100.00
 161    12.101 56252.93791091 36.15  52.121501  65.474794   -100 -100.00 -100.00 -100.00
 161    12.686 56252.93791150 36.98  52.127646  65.474181 25.086 -100.00 -100.00 -100.00
 161    12.129 56252.93791209 39.98  52.133790  65.473568   -100 -100.00 -100.00 -100.00
 161    11.917 56252.93791268 37.87  52.139934  65.472955   -100 -100.00 -100.00 -100.00
 162    12.646 56262.85355397 30.15  52.120184  65.474081 16.224 -100.00 -100.00 -100.00
 162    12.957 56262.85355456 31.04  52.126329  65.473468 17.143 -100.00 -100.00 -100.00
 162    12.845 56262.85355515 31.90  52.132473  65.472855 20.500 -100.00 -100.00 -100.00
 162    12.786 56262.85355574 31.35  52.138617  65.472242 19.569 -100.00 -100.00 -100.00
 164    12.484 56282.68483754 19.52  52.119266  65.474234  4.929 -100.00 -100.00 -100.00
 164    12.477 56282.68483813 19.89  52.125411  65.473621  5.355 -100.00 -100.00 -100.00
 164    12.249 56282.68483872 19.27  52.131556  65.473008  4.930 -100.00 -100.00 -100.00
 164    12.307 56282.68483931 19.68  52.137700  65.472395  5.818 -100.00 -100.00 -100.00
 165    12.314 56292.60048927 19.16  52.118363  65.473664  4.921 -100.00 -100.00 -100.00
 165    12.221 56292.60048986 19.27  52.124508  65.473051  5.913 -100.00 -100.00 -100.00
 165    12.257 56292.60049045 18.80  52.130653  65.472438  5.022 -100.00 -100.00 -100.00
 165    12.181 56292.60049104 18.33  52.136797  65.471824  4.124 -100.00 -100.00 -100.00
 166    12.976 56302.51613670 17.44  52.118591  65.472157  4.334 -100.00 -100.00 -100.00
 166    12.396 56302.51613729 17.21  52.124736  65.471544  4.842 -100.00 -100.00 -100.00
 166    12.369 56302.51613788 17.18  52.130880  65.470931  4.732 -100.00 -100.00 -100.00
 166    12.320 56302.51613847 16.48  52.137024  65.470317  4.128 -100.00 -100.00 -100.00
 167    12.986 56312.43178029 16.84  52.122393  65.470443  3.992 -100.00 -100.00 -100.00
 167    12.340 56312.43178088 16.33  52.128537  65.469830  3.476 -100.00 -100.00 -100.00
 167    12.271 56312.43178147 16.71  52.134681  65.469216  4.152 -100.00 -100.00 -100.00
 168    13.622 56322.34742092 15.74  52.118042  65.470732  4.088  253.35  247.11  230.90
 168    13.606 56322.34742151 15.29  52.124187  65.470119  3.866  253.35  247.11  230.90
 168    12.978 56322.34742210 14.84  52.130331  65.469506  3.237  253.35  247.11  230.90
 168    12.280 56322.34742269 14.73  52.136475  65.468893  3.252  253.35  247.11  230.90
 169    13.612 56332.26306133 15.34  52.117652  65.471851  4.262  256.60  250.31  235.77
 169    13.086 56332.26306192 15.09  52.123797  65.471238  3.794  256.60  250.31  235.77
 169    12.630 56332.26306251 14.67  52.129941  65.470625  3.746  256.60  250.31  235.77
 169    12.747 56332.26306310 14.44  52.136085  65.470012  3.563  256.60  250.31  235.77
 170    13.281 56342.17870170 16.25  52.121370  65.472611  4.223  250.59  242.61  224.04
 170    12.544 56342.17870229 16.02  52.127514  65.471998  3.481  250.59  242.61  224.04
 170    12.461 56342.17870288 15.83  52.133659  65.471385  3.819  250.59  242.61  224.04
 170    12.448 56342.17870347 15.42  52.139802  65.470772  3.146  250.59  242.61  224.04
 171    12.790 56352.09433944 16.12  52.121298  65.473155  5.119 -100.00 -100.00 -100.00
 171    12.513 56352.09434003 15.34  52.127442  65.472542  3.663 -100.00 -100.00 -100.00
 171    12.164 56352.09434062 15.28  52.133586  65.471929  3.852 -100.00 -100.00 -100.00
 171    12.274 56352.09434121 15.07  52.139730  65.471316  4.036 -100.00 -100.00 -100.00
 172    13.084 56362.00998015 14.85  52.122498  65.472453  4.153 -100.00 -100.00 -100.00
 172    12.457 56362.00998074 15.42  52.128643  65.471840  4.285 -100.00 -100.00 -100.00
 172    12.796 56362.00998133 14.79  52.134786  65.471227  4.214 -100.00 -100.00 -100.00
 173    13.510 56371.92562937 14.40  52.120592  65.471698  3.943  244.46  231.95  208.84
 173    13.584 56371.92562996 14.20  52.126735  65.471085  3.469  244.46  231.95  208.84
 173    12.757 56371.92563055 13.86  52.132878  65.470472  2.982  244.46  231.95  208.84
 173    12.455 56371.92563114 14.09  52.139022  65.469859  3.319  244.46  231.95  208.84
 174    13.778 56381.84127581 13.69  52.118320  65.471971  3.302 -100.00 -100.00 -100.00
 174    13.060 56381.84127640 13.82  52.124464  65.471359  3.569 -100.00 -100.00 -100.00
 174    12.577 56381.84127699 13.69  52.130607  65.470745  3.415 -100.00 -100.00 -100.00
 174    12.554 56381.84127758 13.07  52.136750  65.470132  2.869 -100.00 -100.00 -100.00
 175    13.161 56391.75692050 14.03  52.121172  65.472964  3.956 -100.00 -100.00 -100.00
 175    12.588 56391.75692109 14.02  52.127316  65.472351  3.862 -100.00 -100.00 -100.00
 175    12.696 56391.75692168 13.89  52.133460  65.471738  3.878 -100.00 -100.00 -100.00
 175    12.179 56391.75692227 13.73  52.139603  65.471124  4.104 -100.00 -100.00 -100.00
 176    11.577 56401.67256332 41.97  52.121590  65.474353   -100 -100.00 -100.00 -100.00
 176    11.466 56401.67256391 44.04  52.127734  65.473740   -100 -100.00 -100.00 -100.00
 176    11.212 56401.67256450 46.54  52.133878  65.473127   -100 -100.00 -100.00 -100.00
 176    12.686 56401.67256509 41.86  52.140022  65.472513   -100 -100.00 -100.00 -100.00
 177    12.777 56411.58820326 44.60  52.120340  65.475352   -100 -100.00 -100.00 -100.00
 177    17.751 56411.58820385 36.31  52.126485  65.474739   -100 -100.00 -100.00 -100.00
 177    12.726 56411.58820444 37.02  52.132629  65.474126   -100 -100.00 -100.00 -100.00
 177    12.798 56411.58820503 38.79  52.138774  65.473512   -100 -100.00 -100.00 -100.00
 178    18.561 56421.50383841 33.09  52.120480  65.475448 25.495 -100.00 -100.00 -100.00
 178    18.564 56421.50383900 30.57  52.126626  65.474836 16.696 -100.00 -100.00 -100.00
 178    18.204 56421.50383959 30.73  52.132770  65.474223 16.473 -100.00 -100.00 -100.00
 178    15.748 56421.50384018 35.60  52.138915  65.473609   -100 -100.00 -100.00 -100.00
 179    18.639 56431.41947781 34.01  52.119673  65.475225 18.778 -100.00 -100.00 -100.00
 179    18.483 56431.41947840 32.69  52.125818  65.474612 15.899 -100.00 -100.00 -100.00
 179    18.175 56431.41947899 32.27  52.131963  65.473999 15.638 -100.00 -100.00 -100.00
 179    16.682 56431.41947958 32.08  52.138108  65.473386 17.250 -100.00 -100.00 -100.00
 180    18.712 56441.33513086 28.15  52.121697  65.474408 14.866 -100.00 -100.00 -100.00
 180    18.377 56441.33513145 27.50  52.127842  65.473795 13.534 -100.00 -100.00 -100.00
 180    18.286 56441.33513204 26.78  52.133986  65.473182 15.208 -100.00 -100.00 -100.00
 180    18.046 56441.33513263 25.36  52.140130  65.472568 11.653 -100.00 -100.00 -100.00
 181    18.591 56451.25078119 26.11  52.121413  65.474107  7.723  269.20  267.27  266.88
 181    18.493 56451.25078179 27.06  52.127557  65.473493 10.900  269.20  267.27  266.88
 181    17.801 56451.25078238 29.13  52.133701  65.472880 14.405  269.20  267.27  266.88
 181    16.091 56451.25078297 34.91  52.139845  65.472266 31.416  269.20  267.27  266.88
 182    16.450 56461.16642948 42.90  52.123814  65.473214 22.124 -100.00 -100.00 -100.00
 182    15.908 56461.16643007 49.28  52.129959  65.472601   -100 -100.00 -100.00 -100.00
 182    15.833 56461.16643066 52.04  52.136102  65.471988  2.089 -100.00 -100.00 -100.00
 183    13.914 56471.08207417 25.04  52.122930  65.472065 13.577 -100.00 -100.00 -100.00
 183    14.202 56471.08207476 28.34  52.129073  65.471452 20.332 -100.00 -100.00 -100.00
 183    14.355 56471.08207535 30.92  52.135217  65.470838 27.132 -100.00 -100.00 -100.00
 184    12.680 56480.99771515 26.44  52.121059  65.471190 20.126 -100.00 -100.00 -100.00
 184    12.746 56480.99771574 26.92  52.127202  65.470577 22.969 -100.00 -100.00 -100.00
 184    12.494 56480.99771633 31.03  52.133345  65.469963   -100 -100.00 -100.00 -100.00
 184    12.667 56480.99771692 32.07  52.139488  65.469350   -100 -100.00 -100.00 -100.00
 185    12.209 56490.91335226 25.64  52.120091  65.471052 18.979 -100.00 -100.00 -100.00
 185    12.012 56490.91335285 26.34  52.126234  65.470439 20.600 -100.00 -100.00 -100.00
 185    12.128 56490.91335344 25.42  52.132377  65.469826 20.060 -100.00 -100.00 -100.00
 185    12.101 56490.91335403 29.90  52.138520  65.469212   -100 -100.00 -100.00 -100.00
 187    11.191 56510.74462013 39.96  52.121751  65.473003 24.264 -100.00 -100.00 -100.00
 187    11.623 56510.74462072 43.02  52.127895  65.472390 22.112 -100.00 -100.00 -100.00
 187    10.671 56510.74462131 52.43  52.134039  65.471777 15.208 -100.00 -100.00 -100.00
 187    12.231 56510.74462190 38.59  52.140183  65.471164   -100 -100.00 -100.00 -100.00
 188    10.973 56520.66026380 37.91  52.118605  65.473774 24.961 -100.00 -100.00 -100.00
 188    10.681 56520.66026439 38.04  52.124749  65.473162 25.381 -100.00 -100.00 -100.00
 188    10.859 56520.66026498 42.87  52.130894  65.472549   -100 -100.00 -100.00 -100.00
 188    10.488 56520.66026557 38.41  52.137038  65.471936   -100 -100.00 -100.00 -100.00
 189    11.056 56530.57591714 30.82  52.119347  65.473133 31.104 -100.00 -100.00 -100.00
 189    10.922 56530.57591773 32.24  52.125491  65.472521   -100 -100.00 -100.00 -100.00
 189    12.266 56530.57591832 26.74  52.131636  65.471908 16.458 -100.00 -100.00 -100.00
 189    12.209 56530.57591891 24.95  52.137780  65.471294 15.015 -100.00 -100.00 -100.00
 191    11.545 56550.40721149 33.58  52.117636  65.472227 21.964 -100.00 -100.00 -100.00
 191    11.620 56550.40721209 35.01  52.123781  65.471615 23.429 -100.00 -100.00 -100.00
 191    11.726 56550.40721268 36.28  52.129925  65.471002 30.238 -100.00 -100.00 -100.00
 191    11.833 56550.40721327 32.51  52.136070  65.470388 18.711 -100.00 -100.00 -100.00
 192    12.037 56560.32285467 29.74  52.121845  65.472656   -100 -100.00 -100.00 -100.00
 192    11.994 56560.32285526 27.80  52.127989  65.472043 26.240 -100.00 -100.00 -100.00
 192    12.112 56560.32285585 27.69  52.134134  65.471430 24.839 -100.00 -100.00 -100.00
 192    12.271 56560.32285644 32.84  52.140278  65.470816   -100 -100.00 -100.00 -100.00
 193    11.347 56570.23849632 29.96  52.120763  65.474245   -100 -100.00 -100.00 -100.00
 193    11.692 56570.23849691 28.71  52.126908  65.473632 29.362 -100.00 -100.00 -100.00
 193    12.035 56570.23849750 25.53  52.133053  65.473019 17.496 -100.00 -100.00 -100.00
 193    12.083 56570.23849809 29.29  52.139197  65.472405   -100 -100.00 -100.00 -100.00
 194    12.014 56580.15413664 34.10  52.120288  65.475698   -100 -100.00 -100.00 -100.00
 194    12.114 56580.15413723 32.95  52.126433  65.475085   -100 -100.00 -100.00 -100.00
 194    12.004 56580.15413782 31.57  52.132578  65.474472   -100 -100.00 -100.00 -100.00
 194    12.191 56580.15413841 32.69  52.138723  65.473858   -100 -100.00 -100.00 -100.00
 195    12.296 56590.06977340 38.98  52.123713  65.475673 22.776  261.52  260.27  260.45
 195    11.932 56590.06977399 41.13  52.129858  65.475061   -100  261.52  260.27  260.45
 195    11.601 56590.06977458 41.84  52.136003  65.474447   -100  261.52  260.27  260.45
 196    13.311 56599.98541964 38.04  52.122728  65.474879 18.361 -100.00 -100.00 -100.00
 196    13.114 56599.98542023 41.10  52.128873  65.474266 19.800 -100.00 -100.00 -100.00
 196    12.098 56599.98542082 41.89  52.135018  65.473653  6.477 -100.00 -100.00 -100.00
 196    11.886 56599.98542141 38.89  52.141162  65.473039  4.739 -100.00 -100.00 -100.00
 197    15.558 56609.90107024 41.95  52.123526  65.473778 28.085 -100.00 -100.00 -100.00
 197    15.311 56609.90107083 49.01  52.129670  65.473165   -100 -100.00 -100.00 -100.00
 197    15.233 56609.90107143 51.27  52.135814  65.472552   -100 -100.00 -100.00 -100.00
 198    15.416 56619.81671581 41.07  52.122702  65.474090 25.349 -100.00 -100.00 -100.00
 198    14.978 56619.81671640 43.22  52.128847  65.473477   -100 -100.00 -100.00 -100.00
 198    14.804 56619.81671699 47.00  52.134991  65.472864 15.433 -100.00 -100.00 -100.00
 199    14.016 56629.73235826 35.22  52.122693  65.474572   -100 -100.00 -100.00 -100.00
 199    14.004 56629.73235885 34.00  52.128837  65.473959   -100 -100.00 -100.00 -100.00
 199    13.929 56629.73235944 34.74  52.134982  65.473346   -100 -100.00 -100.00 -100.00
 199    13.916 56629.73236004 32.01  52.141126  65.472732 29.124 -100.00 -100.00 -100.00
 200    13.403 56639.64799725 23.08  52.120821  65.474430 10.122 -100.00 -100.00 -100.00
 200    13.537 56639.64799784 21.31  52.126966  65.473817  8.097 -100.00 -100.00 -100.00
 200    13.333 56639.64799843 22.01  52.133111  65.473204  8.445 -100.00 -100.00 -100.00
 200    13.347 56639.64799902 22.76  52.139255  65.472590 11.352 -100.00 -100.00 -100.00
 201    13.477 56649.56364271 17.80  52.119764  65.472754  4.598 -100.00 -100.00 -100.00
 201    13.499 56649.56364330 17.25  52.125909  65.472141  3.761 -100.00 -100.00 -100.00
 201    13.240 56649.56364389 17.35  52.132054  65.471528  4.236 -100.00 -100.00 -100.00
 201    13.344 56649.56364448 16.95  52.138198  65.470915  4.091 -100.00 -100.00 -100.00
 202    13.292 56659.47929421 13.10  52.123396  65.470295  4.599 -100.00 -100.00 -100.00
 202    13.195 56659.47929480 12.66  52.129540  65.469682  3.387 -100.00 -100.00 -100.00
 202    12.971 56659.47929539 12.71  52.135684  65.469068  3.385 -100.00 -100.00 -100.00
 203    13.554 56669.39494130 12.39  52.121459  65.470029  3.331 -100.00 -100.00 -100.00
 203    12.997 56669.39494189 12.25  52.127603  65.469416  3.177 -100.00 -100.00 -100.00
 203    13.000 56669.39494248 12.11  52.133747  65.468803  3.052 -100.00 -100.00 -100.00
 203    12.626 56669.39494307 12.16  52.139891  65.468189  3.509 -100.00 -100.00 -100.00
 205    13.126 56689.22622928 12.41  52.118946  65.473638  3.234 -100.00 -100.00 -100.00
 205    12.822 56689.22622987 13.21  52.125091  65.473025  4.411 -100.00 -100.00 -100.00
 205    12.400 56689.22623046 12.98  52.131235  65.472411  4.593 -100.00 -100.00 -100.00
 205    12.251 56689.22623105 12.20  52.137380  65.471798  3.096 -100.00 -100.00 -100.00
 206    13.113 56699.14187042 12.08  52.123969  65.473521  3.541 -100.00 -100.00 -100.00
 206    12.490 56699.14187101 12.17  52.130114  65.472908  3.402 -100.00 -100.00 -100.00
 206    12.229 56699.14187160 11.74  52.136258  65.472295  3.302 -100.00 -100.00 -100.00
 207    13.526 56709.05750627 12.47  52.121501  65.472785  3.013 -100.00 -100.00 -100.00
 207    12.779 56709.05750686 12.33  52.127645  65.472172  2.893 -100.00 -100.00 -100.00
 207    12.196 56709.05750745 12.20  52.133789  65.471559  3.090 -100.00 -100.00 -100.00
 207    11.946 56709.05750804 12.60  52.139933  65.470946  4.055 -100.00 -100.00 -100.00
 208    12.694 56718.97314574 12.73  52.119789  65.471891  5.526  248.29  240.31  220.46
 208    12.356 56718.97314633 14.08  52.125933  65.471278  7.760  248.29  240.31  220.46
 208    12.358 56718.97314692 14.05  52.132076  65.470665  8.203  248.29  240.31  220.46
 208    12.460 56718.97314751 12.74  52.138219  65.470052  6.678  248.29  240.31  220.46
 211    13.106 56748.72009122 10.91  52.121051  65.475401  3.472 -100.00 -100.00 -100.00
 211    12.912 56748.72009181 10.48  52.127196  65.474788  2.876 -100.00 -100.00 -100.00
 211    12.084 56748.72009240 10.61  52.133340  65.474175  2.887 -100.00 -100.00 -100.00
 211    11.730 56748.72009299 10.72  52.139484  65.473561  3.536 -100.00 -100.00 -100.00
 212    14.093 56758.63573131 10.81  52.122765  65.476041  2.821 -100.00 -100.00 -100.00
 212    12.389 56758.63573190 10.81  52.128910  65.475428  3.227 -100.00 -100.00 -100.00
 212    11.860 56758.63573249 11.17  52.135055  65.474815  3.334 -100.00 -100.00 -100.00
 212    11.380 56758.63573308 10.44  52.141199  65.474201  2.770 -100.00 -100.00 -100.00
 213    12.028 56768.55136533 28.96  52.124370  65.475412 20.287 -100.00 -100.00 -100.00
 213    14.642 56768.55136592 27.55  52.130515  65.474799 17.244 -100.00 -100.00 -100.00
 213    14.800 56768.55136651 26.58  52.136660  65.474186 13.116 -100.00 -100.00 -100.00
 214    13.466 56778.46701230 28.76  52.119077  65.474419 21.734 -100.00 -100.00 -100.00
 214    14.103 56778.46701289 28.98  52.125222  65.473807 21.259 -100.00 -100.00 -100.00
 214    13.416 56778.46701348 33.96  52.131366  65.473194   -100 -100.00 -100.00 -100.00
 214    14.777 56778.46701407 34.02  52.137511  65.472580   -100 -100.00 -100.00 -100.00
 215    18.439 56788.38266842 35.45  52.121481  65.473265 28.603 -100.00 -100.00 -100.00
 215    15.284 56788.38266901 37.20  52.127626  65.472652   -100 -100.00 -100.00 -100.00
 215    15.484 56788.38266960 40.88  52.133770  65.472038   -100 -100.00 -100.00 -100.00
 215    15.610 56788.38267019 40.39  52.139914  65.471425   -100 -100.00 -100.00 -100.00
 216    20.068 56798.29832060 38.56  52.119173  65.473625   -100 -100.00 -100.00 -100.00
 216    19.884 56798.29832119 31.04  52.125317  65.473012 17.067 -100.00 -100.00 -100.00
 216    19.876 56798.29832178 29.51  52.131462  65.472399  9.993 -100.00 -100.00 -100.00
 216    19.743 56798.29832237 28.21  52.137605  65.471785  7.907 -100.00 -100.00 -100.00
 217    19.716 56808.21396719 45.52  52.118917  65.474304   -100 -100.00 -100.00 -100.00
 217    19.885 56808.21396778 33.12  52.125061  65.473691  8.139 -100.00 -100.00 -100.00
 217    19.888 56808.21396837 32.41  52.131205  65.473078  6.300 -100.00 -100.00 -100.00
 217    19.932 56808.21396896 32.72  52.137349  65.472464  8.395 -100.00 -100.00 -100.00
 219    16.764 56828.04524528 43.77  52.117722  65.472622   -100 -100.00 -100.00 -100.00
 219    16.914 56828.04524587 45.01  52.123866  65.472009   -100 -100.00 -100.00 -100.00
 219    17.064 56828.04524646 45.39  52.130009  65.471396   -100 -100.00 -100.00 -100.00
 219    16.844 56828.04524705 47.52  52.136152  65.470783  8.779 -100.00 -100.00 -100.00
 220    81.999 56837.96087944 10.71  52.118221  65.470912  8.291 -100.00 -100.00 -100.00
 220    82.588 56837.96088004 13.86  52.124365  65.470299 12.005 -100.00 -100.00 -100.00
 220    83.317 56837.96088063 12.18  52.130508  65.469686  7.094 -100.00 -100.00 -100.00
 220    84.098 56837.96088122 13.06  52.136651  65.469073  8.401 -100.00 -100.00 -100.00
 221    18.659 56847.87651072 23.70  52.119150  65.470989 10.886 -100.00 -100.00 -100.00
 221    14.622 56847.87651131 29.78  52.125293  65.470376 31.518 -100.00 -100.00 -100.00
 221    15.018 56847.87651190 30.71  52.131437  65.469763   -100 -100.00 -100.00 -100.00
 221    14.953 56847.87651249 33.19  52.137579  65.469150   -100 -100.00 -100.00 -100.00
 222    18.281 56857.79216347 25.16  52.118065  65.472301 15.902 -100.00 -100.00 -100.00
 222    12.641 56857.79216406 27.28  52.124209  65.471688 23.701 -100.00 -100.00 -100.00
 222    12.575 56857.79216465 24.67  52.130352  65.471075 15.124 -100.00 -100.00 -100.00
 222    12.393 56857.79216524 29.98  52.136495  65.470462   -100 -100.00 -100.00 -100.00
 223    12.465 56867.70781719 36.27  52.122429  65.473664 22.485 -100.00 -100.00 -100.00
 223    11.776 56867.70781778 38.06  52.128573  65.473051   -100 -100.00 -100.00 -100.00
 223    11.883 56867.70781837 37.74  52.134717  65.472438   -100 -100.00 -100.00 -100.00
 223    12.073 56867.70781896 36.97  52.140861  65.471824   -100 -100.00 -100.00 -100.00
 224    12.132 56877.62346861 29.99  52.120328  65.474164 32.317 -100.00 -100.00 -100.00
 224    12.107 56877.62346920 30.48  52.126473  65.473551   -100 -100.00 -100.00 -100.00
 224    12.255 56877.62346979 29.88  52.132617  65.472938   -100 -100.00 -100.00 -100.00
 224    12.260 56877.62347038 33.17  52.138761  65.472324   -100 -100.00 -100.00 -100.00
 225    12.037 56887.53911712 28.88  52.120371  65.472954 25.221 -100.00 -100.00 -100.00
 225    11.980 56887.53911771 27.72  52.126516  65.472341 28.001 -100.00 -100.00 -100.00
 225    11.938 56887.53911830 29.01  52.132660  65.471727 29.815 -100.00 -100.00 -100.00
 225    12.036 56887.53911889 32.18  52.138804  65.471114   -100 -100.00 -100.00 -100.00
 226    12.185 56897.45476275 26.80  52.118144  65.471531 15.627 -100.00 -100.00 -100.00
 226    11.943 56897.45476334 26.44  52.124289  65.470917 16.880 -100.00 -100.00 -100.00
 226    11.784 56897.45476393 30.28  52.130432  65.470304 28.932 -100.00 -100.00 -100.00
 226    11.997 56897.45476452 33.14  52.136576  65.469691   -100 -100.00 -100.00 -100.00
 227    12.111 56907.37040576 31.13  52.117510  65.471654   -100 -100.00 -100.00 -100.00
 227    11.872 56907.37040635 26.59  52.123655  65.471041 22.154 -100.00 -100.00 -100.00
 227    11.907 56907.37040694 28.04  52.129799  65.470428 27.560 -100.00 -100.00 -100.00
 227    11.797 56907.37040754 32.46  52.135943  65.469814   -100 -100.00 -100.00 -100.00
 228    18.406 56917.28604671 24.62  52.117948  65.473626 18.389 -100.00 -100.00 -100.00
 228    16.759 56917.28604730 25.83  52.124093  65.473013 18.812 -100.00 -100.00 -100.00
 228    12.329 56917.28604789 26.12  52.130237  65.472399 24.453 -100.00 -100.00 -100.00
 228    12.421 56917.28604848 26.39  52.136382  65.471786 22.928 -100.00 -100.00 -100.00
 229    18.456 56927.20168622 21.24  52.123947  65.475559  8.500 -100.00 -100.00 -100.00
 229    18.107 56927.20168681 20.25  52.130092  65.474946  8.113 -100.00 -100.00 -100.00
 229    17.485 56927.20168740 21.30  52.136237  65.474332 11.011 -100.00 -100.00 -100.00
 230    12.772 56937.11732122 37.40  52.121220  65.477023   -100 -100.00 -100.00 -100.00
 230    12.664 56937.11732181 33.58  52.127365  65.476410   -100 -100.00 -100.00 -100.00
 230    12.654 56937.11732240 35.63  52.133510  65.475797   -100 -100.00 -100.00 -100.00
 230    12.874 56937.11732299 39.03  52.139655  65.475183   -100 -100.00 -100.00 -100.00
 231    12.721 56947.03295189 42.21  52.121213  65.476320 30.628 -100.00 -100.00 -100.00
 231    12.785 56947.03295248 44.36  52.127358  65.475708   -100 -100.00 -100.00 -100.00
 231    12.513 56947.03295307 48.29  52.133503  65.475095   -100 -100.00 -100.00 -100.00
 231    12.604 56947.03295366 42.34  52.139648  65.474481   -100 -100.00 -100.00 -100.00
 232    11.879 56956.94860609 33.77  52.120766  65.473964 21.394 -100.00 -100.00 -100.00
 232    11.753 56956.94860668 38.02  52.126911  65.473352   -100 -100.00 -100.00 -100.00
 232    11.620 56956.94860727 35.64  52.133055  65.472738 31.574 -100.00 -100.00 -100.00
 232    11.620 56956.94860786 33.80  52.139199  65.472125 24.712 -100.00 -100.00 -100.00
 233    12.418 56966.86425489 35.20  52.122171  65.472544   -100 -100.00 -100.00 -100.00
 233    12.313 56966.86425548 33.92  52.128315  65.471931   -100 -100.00 -100.00 -100.00
 233    12.116 56966.86425607 36.32  52.134458  65.471318   -100 -100.00 -100.00 -100.00
 233    12.260 56966.86425666 35.94  52.140602  65.470704   -100 -100.00 -100.00 -100.00
 234    12.622 56976.77989888 30.42  52.118021  65.473633 16.319 -100.00 -100.00 -100.00
 234    12.484 56976.77989947 31.30  52.124165  65.473020 18.776 -100.00 -100.00 -100.00
 234    12.427 56976.77990006 34.50  52.130310  65.472407 30.481 -100.00 -100.00 -100.00
 234    12.402 56976.77990065 31.98  52.136453  65.471794 20.575 -100.00 -100.00 -100.00
 235    12.595 56986.69553915 32.00  52.122701  65.474524 23.269 -100.00 -100.00 -100.00
 235    12.592 56986.69553974 32.73  52.128846  65.473911 24.373 -100.00 -100.00 -100.00
 235    12.384 56986.69554033 32.16  52.134991  65.473298 23.617 -100.00 -100.00 -100.00
 235    12.503 56986.69554092 30.47  52.141135  65.472684 18.550 -100.00 -100.00 -100.00
 236    12.270 56996.61117327 27.97  52.123159  65.474714 11.636 -100.00 -100.00 -100.00
 236    12.328 56996.61117386 28.25  52.129304  65.474101 12.328 -100.00 -100.00 -100.00
 236    12.265 56996.61117445 28.02  52.135448  65.473488 12.397 -100.00 -100.00 -100.00
 237    12.130 57006.52681768 25.51  52.117862  65.473419  9.575 -100.00 -100.00 -100.00
 237    11.921 57006.52681827 25.42  52.124007  65.472807  9.553 -100.00 -100.00 -100.00
 237    12.036 57006.52681886 25.79  52.130152  65.472194 10.367 -100.00 -100.00 -100.00
 237    11.974 57006.52681945 25.07  52.136296  65.471580  9.843 -100.00 -100.00 -100.00
 238    11.849 57016.44247252 27.02  52.123037  65.470432 11.616 -100.00 -100.00 -100.00
 238    11.865 57016.44247311 25.96  52.129181  65.469819 10.736 -100.00 -100.00 -100.00
 238    11.966 57016.44247370 25.24  52.135325  65.469206 10.190 -100.00 -100.00 -100.00
 239    11.764 57026.35812293 17.99  52.122358  65.469853  4.441 -100.00 -100.00 -100.00
 239    13.644 57026.35812352 17.31  52.128502  65.469240  4.261 -100.00 -100.00 -100.00
 239    13.230 57026.35812411 17.69  52.134646  65.468627  4.956 -100.00 -100.00 -100.00
 240    12.903 57036.27377136 16.98  52.122353  65.471600  4.600  252.67  248.72  239.37
 240    12.720 57036.27377195 16.34  52.128497  65.470987  4.118  252.67  248.72  239.37
 240    12.194 57036.27377254 16.57  52.134641  65.470373  4.389  252.67  248.72  239.37
 241    12.244 57046.18941677 17.57  52.117958  65.474097  5.823 -100.00 -100.00 -100.00
 241    11.947 57046.18941736 16.67  52.124103  65.473484  4.821 -100.00 -100.00 -100.00
 241    11.324 57046.18941795 17.54  52.130247  65.472871  6.396 -100.00 -100.00 -100.00
 241    11.758 57046.18941854 16.08  52.136392  65.472258  4.406 -100.00 -100.00 -100.00
 242    13.684 57056.10505953 15.41  52.120807  65.474621  4.457  255.50  251.42  240.73
 242    12.896 57056.10506012 14.48  52.126952  65.474008  3.982  255.50  251.42  240.73
 242    12.229 57056.10506071 14.42  52.133096  65.473394  4.370  255.50  251.42  240.73
 242    11.907 57056.10506130 13.81  52.139240  65.472781  3.361  255.50  251.42  240.73
 243    13.498 57066.02069675 14.72  52.119181  65.473729  4.454  258.51  253.71  242.65
 243    12.995 57066.02069734 14.12  52.125326  65.473116  4.420  258.51  253.71  242.65
 243    12.602 57066.02069793 14.58  52.131470  65.472503  5.437  258.51  253.71  242.65
 243    11.843 57066.02069852 13.96  52.137614  65.471890  4.639  258.51  253.71  242.65
 244    14.079 57075.93632963 15.20  52.119612  65.472866  5.173 -100.00 -100.00 -100.00
 244    13.670 57075.93633022 14.52  52.125757  65.472253  4.390 -100.00 -100.00 -100.00
 244    12.865 57075.93633081 13.64  52.131900  65.471640  3.929 -100.00 -100.00 -100.00
 244    12.668 57075.93633140 13.34  52.138044  65.471027  3.402 -100.00 -100.00 -100.00
 245    13.182 57085.85195967 13.90  52.123350  65.473074  4.343 -100.00 -100.00 -100.00
 245    14.389 57085.85196026 13.42  52.129494  65.472462  4.610 -100.00 -100.00 -100.00
 245    12.819 57085.85196085 12.96  52.135638  65.471849  3.840 -100.00 -100.00 -100.00
 246    15.201 57095.76761660 12.53  52.123496  65.474603  3.962 -100.00 -100.00 -100.00
 246    14.993 57095.76761719 12.08  52.129640  65.473990  3.127 -100.00 -100.00 -100.00
 246    14.391 57095.76761778 11.62  52.135784  65.473377  2.616 -100.00 -100.00 -100.00
 247    15.499 57105.68327273 10.89  52.123092  65.476197  3.144 -100.00 -100.00 -100.00
 247    14.291 57105.68327332 11.94  52.129237  65.475584  4.421 -100.00 -100.00 -100.00
 247    13.618 57105.68327391 11.49  52.135382  65.474971  4.148 -100.00 -100.00 -100.00
 248    19.437 57115.59892453  9.17  52.124428  65.476475  3.438  262.85  261.93  261.58
 248    22.919 57115.59892512  9.21  52.130573  65.475862  3.428  262.85  261.93  261.58
 248    19.710 57115.59892571  8.46  52.136718  65.475248  2.505  262.85  261.93  261.58
 249    11.871 57125.51457003 14.79  52.124314  65.475133  9.820 -100.00 -100.00 -100.00
 249    12.140 57125.51457062 15.59  52.130459  65.474520 10.523 -100.00 -100.00 -100.00
 249    12.283 57125.51457121 22.58  52.136603  65.473906 27.239 -100.00 -100.00 -100.00
 250     8.873 57135.43020991 14.68  52.120549  65.473733 11.720 -100.00 -100.00 -100.00
 250    11.389 57135.43021050 10.24  52.126693  65.473120  5.811 -100.00 -100.00 -100.00
 250    11.248 57135.43021109 11.67  52.132838  65.472507  7.804 -100.00 -100.00 -100.00
 250    24.622 57135.43021168  8.04  52.138982  65.471894  3.427 -100.00 -100.00 -100.00
