# NaN NaN NaN ;Mean Elev.(m), Avg Gradient(m/km), RMS Gradient(m/km) - SRTM1     
#    6.271     NaN     NaN ;Mean Elev.(m), Avg Gradient(m/km), RMS Gradient(m/km) - ASTER GDEM
#   39.000  -1.654   4.360 ;Mean Elev.(m), Avg Gradient(m/km), RMS Gradient(m/km) - GMTED2010 
   1  54.362249  65.532314    17.111    17.111  2 54659.48625806 17.025
   2  54.369897  65.530830    22.648    23.612  4 54669.40190486 22.737
   3  54.369005  65.531595     3.277     3.274  4 54679.31754887 10.788
   4  54.371019  65.532873    20.822    20.720  4 54689.23319197 24.360
   5  54.370301  65.533954    -2.892    -2.283  4 54699.14883274 26.595
   6  54.368814  65.533247    27.625    28.399  4 54709.06447660 21.837
   7  54.367613  65.531165    12.931    12.982  4 54718.98012813 15.446
   8  54.367939  65.528823    20.072    20.084  3 54728.89577718 46.905
   9  54.368656  65.527924    32.159    32.244  3 54738.81142460 19.813
  10  54.367825  65.528603    69.301    69.342  3 54748.72707171 13.430
  11  54.369494  65.529386    29.874    32.760  3 54758.64271875 25.540
  12  54.370526  65.529502    69.088    68.926  3 54768.55836352 13.439
  13  54.369647  65.528651    21.552    21.531  4 54778.47400480 43.806
  14  54.367946  65.527616    19.643    19.685  3 54788.38964359 45.104
  15  54.369075  65.527379    19.216    19.214  3 54798.30528161 37.264
  17  54.371740  65.530588    20.715    19.988  4 54818.13655701 18.950
  18  54.368251  65.531747    19.588    19.584  4 54828.05220752 17.826
  19  54.368311  65.531457    52.741    52.794  4 54837.96784651  9.010
  20  54.367847  65.531310    44.701    45.614  4 54847.88349578  8.536
  21  54.367242  65.531704    39.938    39.284  4 54857.79914443  9.007
  22  54.370494  65.532160    45.471    44.592  5 54867.71479350  9.093
  23  54.371491  65.531969    38.089    36.457  4 54877.63044168 14.412
  24  54.369565  65.531033    44.879    45.117  3 54887.54608660 11.275
  25  54.370589  65.529027    63.228    66.640  3 54897.46172848  8.801
  26  54.368595  65.528016    56.071    55.663  3 54907.37736745  9.360
  27  54.370169  65.528055    56.567    54.694  3 54917.29300550  9.945
  28  54.371290  65.528852    54.430    49.363  3 54927.20864336 10.531
  29  54.368391  65.529666    69.575    69.390  4 54937.12428022  2.549
  30  54.369996  65.529418    68.539    69.510  3 54947.03991574  6.028
  31  54.367559  65.529023    69.027    69.600  3 54956.95554948  6.090
  32  54.370910  65.528027    32.539    32.591  3 54966.87119843 23.875
  33  54.368694  65.528530    73.808    75.718  3 54976.78684579 27.173
  34  54.369349  65.529440    70.131    69.764  4 54986.70249339 19.919
  35  54.370691  65.530196    27.421    27.490  4 54996.61814118 46.424
  36  54.372083  65.530551    24.707    24.764  4 55006.53378733 27.836
  37  54.369483  65.531066    26.761    24.566  4 55016.44943094 22.501
  38  54.368020  65.531615    20.016    20.036  4 55026.36507325 42.341
  39  54.370768  65.532249    19.351    19.335  5 55036.28071550 42.565
  40  54.370711  65.532738    20.542    20.272  5 55046.19635665 24.621
  41  54.371976  65.532034    20.547    20.359  4 55056.11199615 26.733
  42  54.367816  65.530695    20.479    20.532  4 55066.02763286 23.933
  43  54.370063  65.528695    21.665    23.154  3 55075.94328231 22.794
  44  54.368263  65.528219    19.883    18.458  3 55085.85892998 21.753
  45  54.371880  65.528428    21.656    23.165  3 55095.77457645 23.861
  46  54.369906  65.529187    30.566    32.480  4 55105.69022211 20.857
  47  54.368971  65.529053    68.774    69.151  4 55115.60586762 12.293
  48  54.369368  65.528042    29.111    31.954  3 55125.52151091 23.725
  49  54.370879  65.527175    18.833    18.914  3 55135.43715172 38.575
  50  54.369324  65.527429    19.415    19.415  2 55145.35279011 39.305
  51  54.369035  65.528725    19.070    19.074  3 55155.26842789 35.515
  52  54.370257  65.529902    20.452    19.239  3 55165.18406607 27.900
  53  54.371991  65.530804    19.424    19.038  4 55175.09970411 22.919
  54  54.370222  65.531113    20.154    19.961  3 55185.01534435 17.462
  55  54.369462  65.531070    19.853    19.730  4 55194.93099543 16.935
  56  54.368323  65.531621    19.776    19.576  4 55204.84664514 17.008
  57  54.372036  65.532251    19.554    19.204  4 55214.76229462 17.941
  58  54.370239  65.532579    18.815    18.600  4 55224.67794308 21.948
  59  54.367397  65.531364    19.364    19.211  4 55234.59358966 17.944
  60  54.368369  65.528851    19.208    19.288  3 55244.50923338 18.658
  61  54.369690  65.526905    20.052    19.765  3 55254.42487418 16.669
  62  54.367667  65.527332    19.659    19.869  3 55264.34051278 17.949
  63  54.367486  65.529222    18.910    19.197  3 55274.25615058 18.393
  64  54.369553  65.530315    49.072    53.635  3 55284.17178808  8.235
  65  54.370571  65.529694    69.375    69.213  4 55294.08742405  3.687
  67  54.367692  65.526926    32.377    32.377  2 55313.91870897 24.729
  68  54.367151  65.527725    32.898    32.829  3 55323.83435433 20.439
  69  54.369033  65.529466    76.430    77.037  4 55333.74999854 27.190
  70  54.371761  65.530684    23.467    23.306  4 55343.66564269 30.107
  71  54.369513  65.530976    69.080    69.056  4 55353.58128591 13.697
  72  54.368857  65.530652    23.178    23.162  4 55363.49692721 40.428
  73  54.370147  65.530600    21.089    21.095  3 55373.41256687 43.948
  74  54.369290  65.531772    20.360    20.315  4 55383.32820503 49.313
  75  54.370898  65.532863    21.256    21.156  4 55393.24384264 24.536
  76  54.371760  65.533248    25.543    23.120  5 55403.15947903 22.292
  77  54.372798  65.531282    18.708    18.658  4 55413.07513119 53.077
  78  54.367385  65.528996    19.564    17.791  3 55422.99077991 22.836
  79  54.366699  65.527034    19.038    19.124  3 55432.90642638 42.968
  80  54.367153  65.527354    19.267    19.251  3 55442.82207098 47.220
  81  54.367024  65.529043    20.221    20.214  3 55452.73771398 44.484
  82  54.368144  65.530484    19.820    19.885  4 55462.65335629 34.591
  83  54.369463  65.529818    32.886    32.975  4 55472.56899683 22.155
  84  54.370171  65.527983    32.310    32.318  3 55482.48463455 18.985
  85  54.367594  65.526800    70.303    70.303  2 55492.40026975 11.486
  86  54.370148  65.527525    69.216    69.729  3 55502.31590373 18.033
  87  54.369315  65.529840    19.771    19.757  4 55512.23154905 39.491
  88  54.370725  65.531562    20.697    20.769  4 55522.14719871 42.268
  89  54.370554  65.531877    20.770    20.774  4 55532.06284697 26.029
  90  54.371461  65.530786    21.449    21.692  4 55541.97849372 19.690
  91  54.368366  65.530367    20.266    20.250  4 55551.89413800 20.489
  92  54.370205  65.530765    20.035    19.968  4 55561.80978127 19.253
  93  54.372639  65.531869    24.066    21.536  4 55571.72542381 18.505
  94  54.370722  65.532421    20.294    19.914  5 55581.64106481 19.302
  95  54.369574  65.530958    20.533    20.092  3 55591.55670281 17.178
  96  54.367413  65.528704    32.888    33.193  3 55601.47233752 17.086
  97  54.370286  65.527006    38.972    35.646  3 55611.38797053 11.956
  98  54.370557  65.527917    20.942    20.891  3 55621.30360313 16.349
  99  54.368819  65.529905    30.251    33.112  4 55631.21925580 16.270
 100  54.372242  65.530664    19.998    20.023  4 55641.13490693 16.142
 101  54.369379  65.530087    19.904    19.512  3 55651.05055484 16.842
 102  54.370701  65.527668    18.743    18.757  3 55660.96619949 36.917
 103  54.366845  65.526786    28.022    31.946  3 55670.88184027 30.742
 104  54.369235  65.527521    55.429    55.013  3 55680.79747979 18.357
 105  54.369361  65.530143    73.226    74.310  4 55690.71311719 26.063
 106  54.372530  65.532027    68.645    68.743  4 55700.62875329 14.559
 107  54.371471  65.532616    23.612    23.538  4 55710.54439315 49.388
 108  54.367565  65.531919    25.714    25.691  4 55720.46004286 38.382
 109  54.370099  65.530958    21.015    20.999  3 55730.37569099 49.853
 110  54.367437  65.531305    22.711    23.536  4 55740.29133731 21.458
 111  54.370155  65.531561    23.336    23.450  4 55750.20698291 23.205
 112  54.369896  65.531534    23.026    23.068  4 55760.12262588 23.297
 113  54.369178  65.530547    18.262    18.368  3 55770.03826600 38.866
 114  54.371148  65.528442    19.403    17.479  3 55779.95390306 27.935
 115  54.368727  65.527529    17.429    17.536  3 55789.86953707 27.551
 116  54.367214  65.528287    18.223    18.119  3 55799.78516987 33.648
 117  54.368845  65.529524    18.077    18.154  3 55809.70081723 45.078
 118  54.370076  65.530612    20.925    22.360  3 55819.61646614 25.668
 119  54.367776  65.530576    17.425    17.410  4 55829.53211030 32.889
 120  54.369165  65.528890    25.787    23.116  3 55839.44775042 18.812
 121  54.369573  65.527618    69.916    72.752  3 55849.36338740 24.576
 122  54.369556  65.528530    20.205    20.173  4 55859.27902225 30.136
 123  54.370508  65.530454    18.794    18.735  4 55869.19467132 41.333
 133  54.367270  65.527826    69.152    69.393  3 55968.35111375  5.729
 134  54.367504  65.528799    44.823    41.315  3 55978.26675042  8.671
 135  54.369384  65.529823    55.168    56.004  3 55988.18238661  8.073
 136  54.369541  65.530243    19.128    19.154  4 55998.09802703 19.291
 137  54.370254  65.529380    59.358    55.391  3 56008.01367836  9.154
 138  54.369725  65.528392    18.235    18.046  3 56017.92932538 19.301
 139  54.371186  65.528082    55.752    56.172  3 56027.84496960  9.155
 141  54.369584  65.530724    28.916    33.384  3 56047.67625212 33.792
 142  54.371212  65.531931    68.385    68.454  4 56057.59188985 22.027
 143  54.370315  65.532648    29.355    29.140  4 56067.50752304 29.902
 144  54.370503  65.532124    26.584    24.106  4 56077.42317264 27.962
 145  54.372615  65.531490    31.161    33.232  4 56087.33882168 23.691
 146  54.372124  65.531403    21.121    21.110  4 56097.25446801 43.974
 147  54.370500  65.531125    25.854    23.430  4 56107.17011208 23.599
 148  54.368746  65.530223    18.847    18.669  4 56117.08574177 50.593
 149  54.371478  65.528885    32.497    32.461  3 56127.00137977 23.924
 150  54.371662  65.528215    32.339    32.350  3 56136.91701368 23.892
 151  54.366658  65.528891    18.542    18.544  3 56146.83265777 30.644
 152  54.370862  65.529202    19.022    18.833  3 56156.74830748 48.525
 153  54.370824  65.529759    24.681    23.337  3 56166.66395586 22.990
 154  54.368483  65.529673    17.992    17.967  3 56176.57960165 41.194
 155  54.370372  65.528839    29.789    32.818  3 56186.49524297 21.975
 156  54.371815  65.528252    69.616    69.573  3 56196.41088052 15.303
 157  54.370215  65.529200    28.162    28.222  4 56206.32651476 27.613
 158  54.369729  65.531027    31.210    33.424  4 56216.24214759 23.775
 159  54.368764  65.532693    34.237    34.299  4 56226.15778791 21.420
 160  54.369898  65.532617    18.464    18.519  4 56236.07344320 38.703
 161  54.370022  65.531895    18.041    18.081  4 56245.98909454 37.564
 162  54.367362  65.531604    18.707    18.691  4 56255.90474050 27.754
 163  54.367550  65.531938    18.654    18.648  4 56265.82038285 25.403
 164  54.368982  65.532273    18.313    18.314  4 56275.73602359 22.885
 165  54.369315  65.531636    18.378    18.338  4 56285.65166972 21.269
 166  54.369486  65.529671    19.230    18.340  4 56295.56732015 19.775
 167  54.367767  65.527722    18.571    18.204  3 56305.48296629 18.948
 168  54.367804  65.527191    20.539    21.571  3 56315.39860909 18.359
 169  54.371210  65.528271    18.385    17.935  3 56325.31425027 19.620
 170  54.368345  65.530346    17.565    17.559  4 56335.22989002 23.122
 171  54.368410  65.530827    49.118    46.902  4 56345.14552908 11.366
 172  54.368348  65.529953    19.724    19.549  4 56355.06116586 18.705
 173  54.371205  65.528260    21.039    21.123  3 56364.97681161 17.408
 174  54.368451  65.528265    39.018    42.287  3 56374.89246023 13.706
 176  54.367477  65.531725    44.217    44.275  4 56394.72374967  9.400
 177  54.371052  65.532408    20.228    17.168  5 56404.63939180 29.695
 178  54.372155  65.532312    34.404    34.294  4 56414.55503066 27.804
 179  54.368471  65.531950    74.195    75.969  4 56424.47066425 24.788
 180  54.367712  65.531489    72.222    72.973  4 56434.38631041 25.574
 181  54.368868  65.531334    23.616    23.607  4 56444.30196267 51.047
 182  54.367792  65.532066    22.499    22.400  4 56454.21761219 22.843
 183  54.371152  65.531224    22.148    21.984  4 56464.13325937 35.135
 184  54.369062  65.529642    19.819    19.880  4 56474.04890260 49.665
 185  54.369378  65.527545    18.248    18.248  2 56483.96454267 21.672
 187  54.368759  65.528895    17.364    17.254  3 56503.79581365 39.927
 188  54.371293  65.531188    17.492    17.514  4 56513.71144659 45.121
 189  54.367589  65.532074    17.240    17.091  4 56523.62709638 44.701
 190  54.370002  65.530352    17.398    17.458  4 56533.54274843 38.235
 192  54.369296  65.528115    17.822    17.822  2 56553.37404117 37.709
 193  54.369696  65.529943    19.406    17.909  3 56563.28968387 27.031
 194  54.370659  65.532399    18.880    17.701  4 56573.20532535 25.302
 195  54.369358  65.533969    18.567    18.708  5 56583.12096442 44.522
 196  54.371143  65.533340    17.917    17.831  5 56593.03659937 37.522
 197  54.371717  65.531370    18.883    18.909  4 56602.95225139 34.253
 198  54.369855  65.530388    21.561    21.538  4 56612.86790037 39.813
 199  54.368660  65.531108    20.071    20.017  4 56622.78354506 42.715
 200  54.367814  65.532070    19.730    19.742  4 56632.69918686 27.297
 201  54.370365  65.531925    19.842    19.833  5 56642.61482456 20.922
 202  54.368871  65.530029    19.873    19.898  3 56652.53047459 20.480
 203  54.371074  65.527517    69.334    69.636  3 56662.44612441  2.040
 204  54.365364  65.527226    71.207    71.207  2 56672.36177056  0.839
 205  54.369517  65.528503    69.740    69.615  4 56682.27741596  3.209
 206  54.371238  65.530412    19.056    19.064  4 56692.19305906 15.445
 207  54.368029  65.531811    61.236    61.284  4 56702.10869776  5.668
 208  54.369008  65.530768    50.006    46.945  4 56712.02433197  7.350
 210  54.369795  65.528475    18.392    18.402  3 56731.85562938 13.769
 211  54.369278  65.530291    69.805    69.875  3 56741.77127700  3.011
 212  54.370294  65.532615    43.394    45.779  5 56751.68692039  8.737
 213  54.371496  65.533853    70.519    70.563  4 56761.60255872 11.739
 214  54.371472  65.533424    18.363    18.296  4 56771.51819026 25.063
 215  54.367194  65.531689    19.652    19.646  4 56781.43384548 21.945
 216  54.368066  65.530133    68.804    68.907  4 56791.34950028 25.739
 217  54.368747  65.529999    69.687    69.550  4 56801.26515201 16.267
 218  54.368960  65.530867    24.503    24.398  4 56811.18079653 30.360
 219  54.369683  65.531001    23.483    23.463  4 56821.09643664 51.632
 220  54.370471  65.529790    67.421    67.582  3 56831.01207271 26.832
 221  54.368511  65.528446    23.509    23.611  3 56840.92770522 47.119
 222  54.369042  65.528006    32.026    32.026  2 56850.84334153 20.084
 223  54.370140  65.528807    18.898    18.966  3 56860.75899598 45.021
 224  54.369107  65.530620    21.890    23.541  3 56870.67464946 22.099
 225  54.369363  65.531274    18.286    18.232  4 56880.59030035 39.870
 226  54.369671  65.530418    30.083    32.804  3 56890.50594766 20.800
 227  54.369667  65.528965    26.634    23.576  3 56900.42159213 20.620
 228  54.368666  65.529089    32.724    32.841  4 56910.33723438 21.117
 229  54.371188  65.530453    30.946    33.033  4 56920.25287527 22.564
 230  54.370287  65.532787    20.155    20.188  4 56930.16851369 46.141
 231  54.371167  65.533794    34.453    34.505  4 56940.08414752 22.608
 232  54.369550  65.533398    18.681    18.606  4 56949.99978523 44.248
 233  54.370234  65.531436    19.131    19.129  4 56959.91543751 46.224
 234  54.368541  65.530449    18.729    18.686  4 56969.83108443 25.116
 235  54.367650  65.530585    19.155    19.071  4 56979.74672743 34.104
 236  54.372349  65.530766    18.980    18.969  4 56989.66236651 29.942
 237  54.370108  65.531212    18.788    18.795  3 56999.57799864 25.861
 238  54.369260  65.530125    18.616    18.610  3 57009.49365152 25.897
 239  54.370659  65.528488    18.365    18.357  3 57019.40930414 28.493
 240  54.368976  65.528204    40.202    36.698  3 57029.32495341 11.493
 241  54.367205  65.529173    33.796    33.855  3 57039.24060095 14.142
 242  54.368426  65.530388    18.224    18.057  4 57049.15624645 22.481
 243  54.369666  65.531072    34.910    36.092  4 57059.07188803 13.544
 244  54.370994  65.530873    67.797    67.766  4 57068.98752396  8.001
 245  54.371163  65.530695    68.435    68.536  4 57078.90315546 12.492
 246  54.368384  65.531467    57.876    59.821  4 57088.81879123 13.223
 247  54.370217  65.532128    67.740    68.019  4 57098.73444964 11.919
 248  54.369616  65.533148    61.164    66.612  4 57108.65010484 11.475
 249  54.370038  65.533110    68.560    68.564  4 57118.56575497  3.998
 250  54.363230  65.532750    69.662    69.662  2 57128.48139839  0.629
