# NaN NaN NaN ;Mean Elev.(m), Avg Gradient(m/km), RMS Gradient(m/km) - SRTM1     
#   -6.105  -2.230  10.585 ;Mean Elev.(m), Avg Gradient(m/km), RMS Gradient(m/km) - ASTER GDEM
#   22.080  -1.685   5.608 ;Mean Elev.(m), Avg Gradient(m/km), RMS Gradient(m/km) - GMTED2010 
   1     7.908 54668.38595291 21.82  52.492795  66.120231  7.113 -100.00 -100.00 -100.00
   1     9.701 54668.38595350 22.44  52.499267  66.120102  8.387 -100.00 -100.00 -100.00
   1     8.033 54668.38595409 28.85  52.505738  66.119973 18.232 -100.00 -100.00 -100.00
   1     8.139 54668.38595468 29.88  52.512210  66.119844 18.917 -100.00 -100.00 -100.00
   2     7.242 54678.30159678 23.52  52.488181  66.121118 10.581  268.90  268.95  269.82
   2     7.299 54678.30159737 24.68  52.494653  66.120989 13.649  268.90  268.95  269.82
   2     7.489 54678.30159796 27.94  52.501125  66.120860 17.047  268.90  268.95  269.82
   2     7.471 54678.30159855 31.12  52.507597  66.120731 20.045  268.90  268.95  269.82
   2     7.348 54678.30159914 32.49  52.514068  66.120602 29.504  268.90  268.95  269.82
   3     4.044 54688.21724036 20.53  52.494072  66.122615 10.672 -100.00 -100.00 -100.00
   3     5.370 54688.21724095 23.78  52.500544  66.122486 14.812 -100.00 -100.00 -100.00
   3     6.215 54688.21724154 25.93  52.507017  66.122357 13.977 -100.00 -100.00 -100.00
   3     6.544 54688.21724213 34.83  52.513489  66.122227   -100 -100.00 -100.00 -100.00
   4     8.261 54698.13288112 35.02  52.490312  66.123724 20.279 -100.00 -100.00 -100.00
   4     7.894 54698.13288171 39.02  52.496785  66.123595 25.425 -100.00 -100.00 -100.00
   4     7.802 54698.13288231 45.78  52.503257  66.123467  6.965 -100.00 -100.00 -100.00
   4     7.475 54698.13288290 46.00  52.509729  66.123337  0.504 -100.00 -100.00 -100.00
   6     9.567 54717.96417525 18.58  52.489113  66.120682  9.338 -100.00 -100.00 -100.00
   6    10.078 54717.96417584 18.02  52.495584  66.120554  7.471 -100.00 -100.00 -100.00
   6    10.023 54717.96417643 18.76  52.502055  66.120425  7.667 -100.00 -100.00 -100.00
   6    10.303 54717.96417702 22.32  52.508526  66.120296 12.976 -100.00 -100.00 -100.00
   6    10.222 54717.96417761 22.95  52.514997  66.120167 12.844 -100.00 -100.00 -100.00
   7     9.931 54727.87982478 36.05  52.492732  66.118300 19.014 -100.00 -100.00 -100.00
   7     8.954 54727.87982537 35.75  52.499203  66.118172   -100 -100.00 -100.00 -100.00
   7     8.978 54727.87982596 31.56  52.505673  66.118042   -100 -100.00 -100.00 -100.00
   7     9.983 54727.87982655 28.83  52.512144  66.117913 18.660 -100.00 -100.00 -100.00
   8     8.710 54737.79547234 18.69  52.492439  66.117638  6.407 -100.00 -100.00 -100.00
   8    10.293 54737.79547293 21.39  52.498909  66.117509  9.679 -100.00 -100.00 -100.00
   8     7.882 54737.79547352 26.03  52.505379  66.117380 18.506 -100.00 -100.00 -100.00
   8     8.180 54737.79547411 26.26  52.511850  66.117251 16.870 -100.00 -100.00 -100.00
   8     8.091 54737.79547470 28.12  52.518320  66.117121 21.480 -100.00 -100.00 -100.00
   9    40.197 54747.71111977 32.60  52.493798  66.118642   -100 -100.00 -100.00 -100.00
   9    39.899 54747.71112036 28.35  52.500269  66.118513 25.106 -100.00 -100.00 -100.00
   9    39.469 54747.71112095 26.68  52.506740  66.118383 23.929 -100.00 -100.00 -100.00
   9    38.850 54747.71112154 24.88  52.513210  66.118254 19.679 -100.00 -100.00 -100.00
  10     9.992 54757.62676664 20.73  52.493078  66.119951  6.797 -100.00 -100.00 -100.00
  10    10.094 54757.62676723 23.15  52.499550  66.119822 10.780 -100.00 -100.00 -100.00
  10    10.294 54757.62676782 26.93  52.506021  66.119692 18.118 -100.00 -100.00 -100.00
  10    10.348 54757.62676841 26.32  52.512493  66.119563 15.609 -100.00 -100.00 -100.00
  11    40.032 54767.54241138 28.64  52.491481  66.120135 31.182 -100.00 -100.00 -100.00
  11    39.758 54767.54241197 30.26  52.497953  66.120006   -100 -100.00 -100.00 -100.00
  11    39.371 54767.54241256 24.88  52.504425  66.119877 23.458 -100.00 -100.00 -100.00
  11    38.914 54767.54241315 25.10  52.510897  66.119747 25.953 -100.00 -100.00 -100.00
  12    10.418 54777.45805275 36.11  52.488776  66.118756 18.163 -100.00 -100.00 -100.00
  12    10.661 54777.45805334 40.02  52.495248  66.118627 22.637 -100.00 -100.00 -100.00
  12    10.375 54777.45805393 50.91  52.501720  66.118498   -100 -100.00 -100.00 -100.00
  12    10.507 54777.45805452 51.93  52.508192  66.118369   -100 -100.00 -100.00 -100.00
  12    10.491 54777.45805511 52.98  52.514663  66.118239   -100 -100.00 -100.00 -100.00
  13     8.730 54787.37369236 39.91  52.493160  66.117083 24.891 -100.00 -100.00 -100.00
  13     8.261 54787.37369354 44.58  52.506103  66.116824   -100 -100.00 -100.00 -100.00
  13     8.667 54787.37369413 46.82  52.512575  66.116695   -100 -100.00 -100.00 -100.00
  14     9.762 54797.28933043 38.94  52.492407  66.116879 26.042 -100.00 -100.00 -100.00
  14     9.441 54797.28933161 41.92  52.505350  66.116621   -100 -100.00 -100.00 -100.00
  14     9.653 54797.28933220 47.13  52.511821  66.116491   -100 -100.00 -100.00 -100.00
  14     9.451 54797.28933279 47.13  52.518293  66.116362   -100 -100.00 -100.00 -100.00
  17     8.818 54827.03625454 15.34  52.488944  66.121418  6.322 -100.00 -100.00 -100.00
  17     8.787 54827.03625513 16.48  52.495417  66.121289  7.590 -100.00 -100.00 -100.00
  17     9.018 54827.03625572 16.16  52.501889  66.121160  6.012 -100.00 -100.00 -100.00
  17     8.843 54827.03625631 16.90  52.508361  66.121031  7.409 -100.00 -100.00 -100.00
  17     9.602 54827.03625690 16.60  52.514833  66.120902  6.133 -100.00 -100.00 -100.00
  18     9.167 54836.95189378 14.69  52.490122  66.121032  6.410 -100.00 -100.00 -100.00
  18     9.354 54836.95189437 15.07  52.496594  66.120903  5.797 -100.00 -100.00 -100.00
  18     9.969 54836.95189496 15.33  52.503066  66.120774  6.038 -100.00 -100.00 -100.00
  18     8.717 54836.95189555 15.60  52.509538  66.120645  6.111 -100.00 -100.00 -100.00
  18     8.930 54836.95189614 15.76  52.516009  66.120515  5.215 -100.00 -100.00 -100.00
  19     8.397 54846.86754318 14.83  52.489589  66.120984  5.825 -100.00 -100.00 -100.00
  19     8.435 54846.86754377 15.38  52.496061  66.120855  5.510 -100.00 -100.00 -100.00
  19     9.978 54846.86754437 15.01  52.502532  66.120726  4.258 -100.00 -100.00 -100.00
  19    10.621 54846.86754496 14.87  52.509004  66.120596  4.829 -100.00 -100.00 -100.00
  19    10.560 54846.86754555 15.25  52.515476  66.120467  5.146 -100.00 -100.00 -100.00
  20     9.227 54856.78319198 14.24  52.489114  66.121477  7.569 -100.00 -100.00 -100.00
  20     9.691 54856.78319257 14.37  52.495585  66.121348  6.857 -100.00 -100.00 -100.00
  20     9.692 54856.78319316 14.95  52.502057  66.121218  6.698 -100.00 -100.00 -100.00
  20    10.278 54856.78319375 15.19  52.508529  66.121089  6.263 -100.00 -100.00 -100.00
  20    10.401 54856.78319434 14.90  52.515001  66.120959  4.667 -100.00 -100.00 -100.00
  21     8.792 54866.69884106 13.89  52.491742  66.122472  6.981 -100.00 -100.00 -100.00
  21     9.732 54866.69884165 14.43  52.498214  66.122343  6.192 -100.00 -100.00 -100.00
  21     9.991 54866.69884224 14.79  52.504687  66.122214  5.537 -100.00 -100.00 -100.00
  21    10.801 54866.69884283 14.90  52.511159  66.122084  5.136 -100.00 -100.00 -100.00
  22     8.691 54876.61448934 13.97  52.491613  66.122641  7.668 -100.00 -100.00 -100.00
  22     9.558 54876.61448993 14.57  52.498086  66.122511  7.395 -100.00 -100.00 -100.00
  22     9.734 54876.61449052 14.78  52.504558  66.122382  6.247 -100.00 -100.00 -100.00
  22    10.051 54876.61449111 14.74  52.511030  66.122252  5.516 -100.00 -100.00 -100.00
  23    38.593 54886.53013455 14.09  52.490183  66.121708  8.493 -100.00 -100.00 -100.00
  23     9.668 54886.53013514 15.32  52.496656  66.121579 10.839 -100.00 -100.00 -100.00
  23     9.655 54886.53013573 14.94  52.503128  66.121450  8.010 -100.00 -100.00 -100.00
  23    10.211 54886.53013632 15.20  52.509600  66.121321  6.985 -100.00 -100.00 -100.00
  24    39.442 54896.44577644 13.71  52.489683  66.119754  9.986 -100.00 -100.00 -100.00
  24    38.996 54896.44577703 13.21  52.496155  66.119625  9.346 -100.00 -100.00 -100.00
  24     9.753 54896.44577762 15.70  52.502627  66.119496 13.262 -100.00 -100.00 -100.00
  24    10.195 54896.44577821 15.33  52.509099  66.119367 10.861 -100.00 -100.00 -100.00
  24    10.512 54896.44577881 15.58  52.515571  66.119237  8.954 -100.00 -100.00 -100.00
  25     9.360 54906.36141597 13.35  52.492356  66.118176 10.317 -100.00 -100.00 -100.00
  25    39.161 54906.36141656 14.13  52.498828  66.118047 10.974 -100.00 -100.00 -100.00
  25    10.009 54906.36141715 15.24  52.505300  66.117918 11.412 -100.00 -100.00 -100.00
  25    10.109 54906.36141774 15.15  52.511771  66.117788  9.894 -100.00 -100.00 -100.00
  26    40.179 54916.27705412 10.98  52.492794  66.118016  7.182 -100.00 -100.00 -100.00
  26    39.784 54916.27705471 12.28  52.499265  66.117887  9.128 -100.00 -100.00 -100.00
  26    39.313 54916.27705530 12.03  52.505736  66.117757  7.459 -100.00 -100.00 -100.00
  26    10.255 54916.27705589 15.36  52.512208  66.117628 13.701 -100.00 -100.00 -100.00
  27    40.212 54926.19269189 12.77  52.491281  66.118897  6.423 -100.00 -100.00 -100.00
  27    39.604 54926.19269248 13.63  52.497752  66.118768  7.081 -100.00 -100.00 -100.00
  27    38.877 54926.19269307 13.61  52.504223  66.118639  7.165 -100.00 -100.00 -100.00
  27    38.730 54926.19269366 13.41  52.510695  66.118509  7.004 -100.00 -100.00 -100.00
  28    40.181 54936.10832895  9.17  52.489157  66.119700  5.781 -100.00 -100.00 -100.00
  28    39.826 54936.10832954  9.11  52.495629  66.119571  5.929 -100.00 -100.00 -100.00
  28    39.507 54936.10833013  9.55  52.502100  66.119442  6.582 -100.00 -100.00 -100.00
  28    38.889 54936.10833072  9.93  52.508572  66.119313  7.544 -100.00 -100.00 -100.00
  28    38.516 54936.10833131 10.47  52.515043  66.119183  7.698 -100.00 -100.00 -100.00
  29    40.143 54946.02396431  9.91  52.489034  66.119666  9.182 -100.00 -100.00 -100.00
  29    40.109 54946.02396490  9.32  52.495505  66.119538  7.834 -100.00 -100.00 -100.00
  29    39.566 54946.02396549  9.63  52.501976  66.119409  8.274 -100.00 -100.00 -100.00
  29    38.812 54946.02396608 11.50  52.508447  66.119280 11.166 -100.00 -100.00 -100.00
  29    38.584 54946.02396667 10.92  52.514918  66.119150  8.548 -100.00 -100.00 -100.00
  30    40.023 54955.93959727 12.36  52.491107  66.118573  7.990 -100.00 -100.00 -100.00
  30    39.374 54955.93959786 12.66  52.497577  66.118445  9.055 -100.00 -100.00 -100.00
  30    39.033 54955.93959845 12.85  52.504048  66.118316  8.912 -100.00 -100.00 -100.00
  30    38.632 54955.93959904 12.70  52.510519  66.118187  8.806 -100.00 -100.00 -100.00
  30    37.888 54955.93959963 12.81  52.516989  66.118057  8.998 -100.00 -100.00 -100.00
  31    40.220 54965.85524531 28.39  52.489382  66.117565 23.208 -100.00 -100.00 -100.00
  31    39.986 54965.85524590 25.90  52.495852  66.117437 15.965 -100.00 -100.00 -100.00
  31    39.503 54965.85524649 26.71  52.502322  66.117308 19.532 -100.00 -100.00 -100.00
  31    39.115 54965.85524708 23.30  52.508792  66.117179 12.645 -100.00 -100.00 -100.00
  31    38.443 54965.85524767 24.19  52.515263  66.117049 15.023 -100.00 -100.00 -100.00
  32    12.264 54975.77089339 47.33  52.492111  66.117614 12.857 -100.00 -100.00 -100.00
  32    12.342 54975.77089398 46.82  52.498581  66.117485  6.815 -100.00 -100.00 -100.00
  32    12.415 54975.77089457 48.21  52.505052  66.117356  3.728 -100.00 -100.00 -100.00
  32    12.303 54975.77089516 42.91  52.511522  66.117226   -100 -100.00 -100.00 -100.00
  32    37.815 54975.77089575 35.00  52.517992  66.117097 22.448 -100.00 -100.00 -100.00
  33    14.902 54985.68654089 43.13  52.490025  66.118934   -100 -100.00 -100.00 -100.00
  33    14.521 54985.68654148 43.13  52.496496  66.118805   -100 -100.00 -100.00 -100.00
  33    14.617 54985.68654207 46.94  52.502967  66.118676 12.644 -100.00 -100.00 -100.00
  33    14.325 54985.68654266 36.40  52.509438  66.118547 25.685 -100.00 -100.00 -100.00
  33    38.313 54985.68654325 31.42  52.515908  66.118417 10.052 -100.00 -100.00 -100.00
  34    13.880 54995.60218895 26.62  52.493854  66.120208  8.622 -100.00 -100.00 -100.00
  34    13.889 54995.60218954 27.80  52.500325  66.120080 10.272 -100.00 -100.00 -100.00
  34    14.218 54995.60219013 28.34  52.506796  66.119950 11.705 -100.00 -100.00 -100.00
  34    14.311 54995.60219072 29.59  52.513268  66.119821 12.742 -100.00 -100.00 -100.00
  35    14.281 55005.51783493 37.87  52.491608  66.120988 13.924 -100.00 -100.00 -100.00
  35    14.250 55005.51783552 38.71  52.498080  66.120859 16.366 -100.00 -100.00 -100.00
  35    14.143 55005.51783611 39.71  52.504552  66.120730 19.209 -100.00 -100.00 -100.00
  35    14.230 55005.51783670 39.74  52.511023  66.120601 17.787 -100.00 -100.00 -100.00
  36    10.983 55015.43347866 19.09  52.488638  66.121191  4.759 -100.00 -100.00 -100.00
  36    11.735 55015.43347925 20.23  52.495110  66.121062  6.003 -100.00 -100.00 -100.00
  36    12.019 55015.43347984 21.04  52.501582  66.120933  6.831 -100.00 -100.00 -100.00
  36    12.425 55015.43348043 23.61  52.508054  66.120804 10.614 -100.00 -100.00 -100.00
  36    12.414 55015.43348102 24.96  52.514526  66.120674 10.954 -100.00 -100.00 -100.00
  37     8.705 55025.34912155 42.11  52.491857  66.121222 18.361 -100.00 -100.00 -100.00
  37     8.559 55025.34912214 45.36  52.498329  66.121093 26.230 -100.00 -100.00 -100.00
  37     7.771 55025.34912273 49.90  52.504801  66.120964   -100 -100.00 -100.00 -100.00
  37     8.165 55025.34912332 53.41  52.511273  66.120834   -100 -100.00 -100.00 -100.00
  38     8.260 55035.26476376 37.60  52.493002  66.121941 26.187 -100.00 -100.00 -100.00
  38     8.604 55035.26476435 35.96  52.499474  66.121812 18.224 -100.00 -100.00 -100.00
  38     8.865 55035.26476494 42.95  52.505946  66.121683 29.326 -100.00 -100.00 -100.00
  38     8.761 55035.26476553 43.28  52.512418  66.121553 24.695 -100.00 -100.00 -100.00
  39     7.034 55045.18040505 23.90  52.492549  66.122462 12.199 -100.00 -100.00 -100.00
  39     7.202 55045.18040565 27.94  52.499021  66.122333 16.904 -100.00 -100.00 -100.00
  39     7.778 55045.18040624 27.03  52.505493  66.122204 16.282 -100.00 -100.00 -100.00
  39     7.602 55045.18040683 31.49  52.511965  66.122074 29.272 -100.00 -100.00 -100.00
  40     5.896 55055.09604430 25.79  52.488541  66.122104 18.495 -100.00 -100.00 -100.00
  40     5.777 55055.09604489 28.89  52.495013  66.121975 29.028 -100.00 -100.00 -100.00
  40     6.534 55055.09604548 27.19  52.501485  66.121847 19.992 -100.00 -100.00 -100.00
  40     6.410 55055.09604607 32.35  52.507957  66.121717 24.615 -100.00 -100.00 -100.00
  40     6.362 55055.09604666 33.22  52.514429  66.121588 27.463 -100.00 -100.00 -100.00
  41     6.188 55065.01168175 31.38  52.489776  66.120413 20.899 -100.00 -100.00 -100.00
  41     5.974 55065.01168234 35.52  52.496247  66.120284   -100 -100.00 -100.00 -100.00
  41     6.191 55065.01168293 31.75  52.502718  66.120155 30.694 -100.00 -100.00 -100.00
  41     6.509 55065.01168352 32.20  52.509190  66.120026 24.545 -100.00 -100.00 -100.00
  41     6.285 55065.01168411 33.43  52.515661  66.119897 29.377 -100.00 -100.00 -100.00
  42     5.815 55074.92732953 26.51  52.491514  66.118804 23.805  264.12  264.16  264.06
  42     6.200 55074.92733012 28.38  52.497985  66.118675 25.088  264.12  264.16  264.06
  42     6.699 55074.92733071 26.87  52.504456  66.118546 17.110  264.12  264.16  264.06
  42     6.741 55074.92733130 28.98  52.510926  66.118417 20.416  264.12  264.16  264.06
  43     6.239 55084.84297758 28.56  52.493232  66.118055 24.907 -100.00 -100.00 -100.00
  43     6.810 55084.84297817 26.09  52.499702  66.117926 14.995 -100.00 -100.00 -100.00
  43     6.883 55084.84297876 31.26  52.506173  66.117797 30.048 -100.00 -100.00 -100.00
  43     6.435 55084.84297935 33.20  52.512643  66.117667 27.875 -100.00 -100.00 -100.00
  44     6.615 55094.75862338 32.15  52.487946  66.118591 20.460 -100.00 -100.00 -100.00
  44     6.947 55094.75862397 37.07  52.494417  66.118462 22.650 -100.00 -100.00 -100.00
  44     6.689 55094.75862456 34.68  52.500887  66.118333   -100 -100.00 -100.00 -100.00
  44     7.045 55094.75862515 34.90  52.507358  66.118203   -100 -100.00 -100.00 -100.00
  44     6.327 55094.75862574 35.22  52.513829  66.118074   -100 -100.00 -100.00 -100.00
  45     8.033 55104.67426969 29.66  52.490117  66.119079 16.232 -100.00 -100.00 -100.00
  45     8.389 55104.67427028 36.28  52.496588  66.118950 27.962 -100.00 -100.00 -100.00
  45     7.864 55104.67427087 37.10  52.503059  66.118820   -100 -100.00 -100.00 -100.00
  45     7.688 55104.67427147 35.83  52.509530  66.118691   -100 -100.00 -100.00 -100.00
  45     7.623 55104.67427206 32.52  52.516001  66.118561 26.906 -100.00 -100.00 -100.00
  46     9.624 55114.58991556 17.08  52.489772  66.119165  5.256 -100.00 -100.00 -100.00
  46    10.054 55114.58991615 16.94  52.496243  66.119036  4.577 -100.00 -100.00 -100.00
  46     9.933 55114.58991675 18.17  52.502715  66.118907  6.471 -100.00 -100.00 -100.00
  46     9.955 55114.58991734 21.77  52.509186  66.118777 11.106 -100.00 -100.00 -100.00
  46    10.289 55114.58991793 21.55  52.515657  66.118648 10.287 -100.00 -100.00 -100.00
  47     9.670 55124.50555928 42.13  52.492475  66.118454 18.211 -100.00 -100.00 -100.00
  47     9.058 55124.50555987 48.16  52.498947  66.118325   -100 -100.00 -100.00 -100.00
  47     9.036 55124.50556046 42.08  52.505418  66.118196   -100 -100.00 -100.00 -100.00
  47     9.089 55124.50556105 44.78  52.511890  66.118066   -100 -100.00 -100.00 -100.00
  48     7.479 55134.42120000 38.93  52.492482  66.117752 29.542 -100.00 -100.00 -100.00
  48     7.644 55134.42120059 42.08  52.498954  66.117623   -100 -100.00 -100.00 -100.00
  48     7.607 55134.42120118 40.30  52.505425  66.117494   -100 -100.00 -100.00 -100.00
  48     7.672 55134.42120177 41.03  52.511897  66.117365   -100 -100.00 -100.00 -100.00
  49     7.855 55144.33683865 39.10  52.493312  66.117431 17.483 -100.00 -100.00 -100.00
  49     7.379 55144.33683924 43.20  52.499783  66.117302 26.810 -100.00 -100.00 -100.00
  49     7.111 55144.33683983 41.15  52.506254  66.117173   -100 -100.00 -100.00 -100.00
  49     7.222 55144.33684042 52.06  52.512726  66.117043   -100 -100.00 -100.00 -100.00
  50     7.179 55154.25247623 32.37  52.489374  66.118245 20.058 -100.00 -100.00 -100.00
  50     7.749 55154.25247682 36.97  52.495846  66.118116 29.001 -100.00 -100.00 -100.00
  50     7.467 55154.25247741 37.77  52.502318  66.117987   -100 -100.00 -100.00 -100.00
  50     7.067 55154.25247800 37.29  52.508789  66.117858   -100 -100.00 -100.00 -100.00
  50     7.296 55154.25247859 38.70  52.515261  66.117728   -100 -100.00 -100.00 -100.00
  51     7.676 55164.16811436 30.61  52.487861  66.119339 18.943  256.08  254.36  249.96
  51     7.691 55164.16811495 31.03  52.494333  66.119210 16.938  256.08  254.36  249.96
  51     7.475 55164.16811554 32.81  52.500805  66.119081 25.351  256.08  254.36  249.96
  51     7.676 55164.16811613 31.43  52.507276  66.118952 18.710  256.08  254.36  249.96
  51     7.754 55164.16811673 31.22  52.513748  66.118822 18.097  256.08  254.36  249.96
  52     7.564 55174.08375246 24.71  52.488396  66.120441  8.873 -100.00 -100.00 -100.00
  52     7.567 55174.08375305 25.87  52.494868  66.120312 11.630 -100.00 -100.00 -100.00
  52     7.659 55174.08375364 25.27  52.501339  66.120183 10.166 -100.00 -100.00 -100.00
  52     7.549 55174.08375423 26.01  52.507811  66.120054 10.750 -100.00 -100.00 -100.00
  52    10.025 55174.08375482 25.40  52.514283  66.119925 10.199 -100.00 -100.00 -100.00
  53     8.604 55183.99939153 17.79  52.491797  66.120783  5.770 -100.00 -100.00 -100.00
  53     9.237 55183.99939212 18.61  52.498268  66.120654  5.772 -100.00 -100.00 -100.00
  53     9.708 55183.99939271 19.30  52.504740  66.120525  8.151 -100.00 -100.00 -100.00
  53     9.994 55183.99939330 20.35  52.511212  66.120396  9.280 -100.00 -100.00 -100.00
  54     9.272 55193.91504255 16.40  52.489953  66.121022  3.936 -100.00 -100.00 -100.00
  54     9.598 55193.91504314 16.98  52.496424  66.120893  4.323 -100.00 -100.00 -100.00
  54     9.696 55193.91504373 17.53  52.502896  66.120764  4.595 -100.00 -100.00 -100.00
  54     9.691 55193.91504432 18.76  52.509368  66.120635  5.918 -100.00 -100.00 -100.00
  54    10.258 55193.91504491 18.93  52.515839  66.120505  5.419 -100.00 -100.00 -100.00
  55     8.812 55203.83069255 16.79  52.491059  66.121530 10.546 -100.00 -100.00 -100.00
  55     8.805 55203.83069314 17.64  52.497531  66.121401  7.640 -100.00 -100.00 -100.00
  55     9.085 55203.83069373 18.03  52.504003  66.121272  7.184 -100.00 -100.00 -100.00
  55    10.059 55203.83069432 18.02  52.510474  66.121143  5.787 -100.00 -100.00 -100.00
  56     8.464 55213.74634183 14.93  52.491644  66.122368 14.303 -100.00 -100.00 -100.00
  56     6.962 55213.74634242 17.51  52.498116  66.122239 18.198 -100.00 -100.00 -100.00
  56     9.580 55213.74634301 18.03  52.504588  66.122109 15.574 -100.00 -100.00 -100.00
  56     8.550 55213.74634360 18.14  52.511060  66.121980 10.061 -100.00 -100.00 -100.00
  57     8.227 55223.66199045 16.25  52.490081  66.122542 10.673 -100.00 -100.00 -100.00
  57     9.371 55223.66199104 16.72  52.496553  66.122413  8.341 -100.00 -100.00 -100.00
  57     9.288 55223.66199163 17.04  52.503025  66.122284  7.189 -100.00 -100.00 -100.00
  57     8.512 55223.66199222 17.88  52.509498  66.122154  7.515 -100.00 -100.00 -100.00
  58    39.320 55233.57763749 12.26  52.488311  66.121336 10.932 -100.00 -100.00 -100.00
  58     7.628 55233.57763808 16.44  52.494784  66.121207 17.787 -100.00 -100.00 -100.00
  58     9.362 55233.57763867 16.36  52.501256  66.121078 14.913 -100.00 -100.00 -100.00
  58     8.641 55233.57763926 18.04  52.507728  66.120949 12.489 -100.00 -100.00 -100.00
  58    10.343 55233.57763985 17.09  52.514200  66.120819  7.394 -100.00 -100.00 -100.00
  59    40.392 55243.49328185  9.78  52.492400  66.119163  7.892 -100.00 -100.00 -100.00
  59    39.159 55243.49328244 13.09  52.498872  66.119034 11.024 -100.00 -100.00 -100.00
  59    38.749 55243.49328303 13.26  52.505344  66.118904  9.999 -100.00 -100.00 -100.00
  59    38.273 55243.49328362 13.31  52.511815  66.118775  9.200 -100.00 -100.00 -100.00
  60    39.430 55253.40892237 13.71  52.488839  66.117667  9.626 -100.00 -100.00 -100.00
  60     7.835 55253.40892296 16.19  52.495310  66.117538 15.437 -100.00 -100.00 -100.00
  60     8.596 55253.40892355 16.42  52.501782  66.117409 12.269 -100.00 -100.00 -100.00
  60     9.447 55253.40892414 16.42  52.508253  66.117279  8.956 -100.00 -100.00 -100.00
  60     9.771 55253.40892473 16.39  52.514724  66.117149  6.159 -100.00 -100.00 -100.00
  61     8.854 55263.32456130 13.79  52.490706  66.117655 15.386 -100.00 -100.00 -100.00
  61     9.407 55263.32456189 14.10  52.497178  66.117526 16.266 -100.00 -100.00 -100.00
  61     8.991 55263.32456248 16.21  52.503649  66.117396 17.039 -100.00 -100.00 -100.00
  61    10.155 55263.32456307 16.20  52.510120  66.117267 12.964 -100.00 -100.00 -100.00
  61    10.216 55263.32456366 16.13  52.516592  66.117137  7.527 -100.00 -100.00 -100.00
  62     8.287 55273.24019928 16.75  52.492545  66.119017 17.067 -100.00 -100.00 -100.00
  62     8.931 55273.24019987 15.88  52.499016  66.118888  9.614 -100.00 -100.00 -100.00
  62     9.625 55273.24020046 15.67  52.505488  66.118759  6.382 -100.00 -100.00 -100.00
  62    10.155 55273.24020105 15.52  52.511959  66.118629  4.957 -100.00 -100.00 -100.00
  63     7.989 55283.15583654 16.70  52.490299  66.119915 15.605 -100.00 -100.00 -100.00
  63     8.256 55283.15583713 15.24  52.496771  66.119786  9.048 -100.00 -100.00 -100.00
  63     9.448 55283.15583772 14.98  52.503242  66.119656  7.160 -100.00 -100.00 -100.00
  63     9.601 55283.15583831 15.16  52.509714  66.119527  5.307 -100.00 -100.00 -100.00
  64     5.904 55293.07147285 14.31  52.491590  66.119307 11.979  251.49  242.35  218.49
  64     6.075 55293.07147344 14.07  52.498061  66.119179  9.779  251.49  242.35  218.49
  64     9.727 55293.07147403 13.37  52.504532  66.119050  8.401  251.49  242.35  218.49
  64    10.322 55293.07147462 13.01  52.511003  66.118920  7.741  251.49  242.35  218.49
  66    40.128 55312.90275675 28.09  52.491962  66.116898 21.646 -100.00 -100.00 -100.00
  66    39.211 55312.90275793 26.75  52.504902  66.116640 22.212 -100.00 -100.00 -100.00
  66    38.928 55312.90275852 27.13  52.511371  66.116511 21.055 -100.00 -100.00 -100.00
  66    38.238 55312.90275911 26.39  52.517841  66.116381 21.300 -100.00 -100.00 -100.00
  67    40.429 55322.81840170 36.97  52.487071  66.117607 21.695 -100.00 -100.00 -100.00
  67    39.989 55322.81840229 35.45  52.493541  66.117479 18.054 -100.00 -100.00 -100.00
  67    39.184 55322.81840288 37.73  52.500011  66.117350 32.230 -100.00 -100.00 -100.00
  67    14.446 55322.81840348 39.65  52.506482  66.117221   -100 -100.00 -100.00 -100.00
  67    14.181 55322.81840407 39.95  52.512952  66.117091   -100 -100.00 -100.00 -100.00
  68    40.197 55332.73404603 25.06  52.489336  66.119116 10.639 -100.00 -100.00 -100.00
  68    39.760 55332.73404662 25.90  52.495807  66.118987 15.718 -100.00 -100.00 -100.00
  68    39.272 55332.73404721 25.98  52.502277  66.118858 14.161 -100.00 -100.00 -100.00
  68    37.685 55332.73404780 27.23  52.508748  66.118729 16.537 -100.00 -100.00 -100.00
  68    13.332 55332.73404839 29.60  52.515218  66.118599 23.693 -100.00 -100.00 -100.00
  69    13.296 55342.64969034 24.27  52.491946  66.120379  5.715 -100.00 -100.00 -100.00
  69    13.483 55342.64969093 25.69  52.498417  66.120250  6.463 -100.00 -100.00 -100.00
  69    13.655 55342.64969152 26.62  52.504888  66.120121  8.976 -100.00 -100.00 -100.00
  69    13.624 55342.64969211 26.85  52.511359  66.119992  7.655 -100.00 -100.00 -100.00
  70     9.036 55352.56533412 45.25  52.491889  66.120581   -100 -100.00 -100.00 -100.00
  70     9.509 55352.56533471 42.62  52.498360  66.120452 25.522 -100.00 -100.00 -100.00
  70     9.568 55352.56533530 44.48  52.504832  66.120323 30.844 -100.00 -100.00 -100.00
  70     9.428 55352.56533589 43.35  52.511303  66.120194 28.475 -100.00 -100.00 -100.00
  71    38.863 55362.48097552 23.38  52.489533  66.120431 14.978 -100.00 -100.00 -100.00
  71    11.845 55362.48097611 26.95  52.496004  66.120302 23.861 -100.00 -100.00 -100.00
  71    12.015 55362.48097670 28.90  52.502476  66.120173 30.166 -100.00 -100.00 -100.00
  71    11.809 55362.48097729 29.86  52.508947  66.120044 32.207 -100.00 -100.00 -100.00
  71    11.850 55362.48097788 27.22  52.515419  66.119915 18.882 -100.00 -100.00 -100.00
  72    10.119 55372.39661556 19.54  52.493681  66.120537  6.321 -100.00 -100.00 -100.00
  72    10.103 55372.39661615 20.85  52.500153  66.120408  9.377 -100.00 -100.00 -100.00
  72    10.265 55372.39661674 21.50  52.506625  66.120279  8.227 -100.00 -100.00 -100.00
  72    10.735 55372.39661733 23.39  52.513096  66.120150 11.833 -100.00 -100.00 -100.00
  74     8.686 55392.22789147 19.36  52.494805  66.122542  8.492 -100.00 -100.00 -100.00
  74     9.059 55392.22789206 22.14  52.501277  66.122413 10.709 -100.00 -100.00 -100.00
  74     9.082 55392.22789266 26.18  52.507749  66.122284 19.517 -100.00 -100.00 -100.00
  74     8.979 55392.22789325 27.03  52.514221  66.122155 19.177 -100.00 -100.00 -100.00
  75     7.462 55402.14352701 21.42  52.488627  66.122755 11.334 -100.00 -100.00 -100.00
  75     7.410 55402.14352760 24.00  52.495099  66.122627 14.222 -100.00 -100.00 -100.00
  75     7.724 55402.14352819 27.90  52.501571  66.122498 19.541 -100.00 -100.00 -100.00
  75     7.625 55402.14352878 29.17  52.508043  66.122369 21.807 -100.00 -100.00 -100.00
  75     7.776 55402.14352937 27.93  52.514515  66.122240 18.322 -100.00 -100.00 -100.00
  76     6.742 55412.05917830 25.91  52.493648  66.120938 14.638  272.91  274.40  272.83
  76     7.053 55412.05917889 28.47  52.500119  66.120810 19.864  272.91  274.40  272.83
  76     7.131 55412.05917948 31.29  52.506590  66.120681 20.579  272.91  274.40  272.83
  76     7.258 55412.05918007 30.58  52.513061  66.120551 20.539  272.91  274.40  272.83
  77     6.486 55421.97482757 23.57  52.490920  66.118471 12.267 -100.00 -100.00 -100.00
  77     6.463 55421.97482816 28.12  52.497390  66.118342 25.805 -100.00 -100.00 -100.00
  77     6.677 55421.97482875 29.71  52.503861  66.118213 26.787 -100.00 -100.00 -100.00
  77     6.648 55421.97482934 28.16  52.510331  66.118084 21.320 -100.00 -100.00 -100.00
  77    10.491 55421.97482993 28.85  52.516802  66.117955 22.621 -100.00 -100.00 -100.00
  78     6.563 55431.89047441 36.60  52.492016  66.116837 21.686 -100.00 -100.00 -100.00
  78     6.738 55431.89047559 45.21  52.504956  66.116579   -100 -100.00 -100.00 -100.00
  78     6.883 55431.89047618 44.05  52.511426  66.116450   -100 -100.00 -100.00 -100.00
  78     6.923 55431.89047678 49.30  52.517896  66.116320  4.269 -100.00 -100.00 -100.00
  79     7.509 55441.80611911 24.12  52.492866  66.117460 14.639 -100.00 -100.00 -100.00
  79     8.068 55441.80611970 29.16  52.499337  66.117331 19.572 -100.00 -100.00 -100.00
  79     8.219 55441.80612029 29.41  52.505807  66.117201 14.293 -100.00 -100.00 -100.00
  79     7.244 55441.80612088 31.99  52.512277  66.117072   -100 -100.00 -100.00 -100.00
  80     7.717 55451.72176170 37.31  52.487492  66.119188 22.507 -100.00 -100.00 -100.00
  80     7.752 55451.72176229 40.29  52.493963  66.119059 21.927 -100.00 -100.00 -100.00
  80     7.510 55451.72176288 52.13  52.500434  66.118930   -100 -100.00 -100.00 -100.00
  80     7.730 55451.72176347 48.85  52.506905  66.118800  2.343 -100.00 -100.00 -100.00
  80     7.505 55451.72176406 54.53  52.513375  66.118671   -100 -100.00 -100.00 -100.00
  81     8.614 55461.63740423 37.40  52.489462  66.120259 20.453 -100.00 -100.00 -100.00
  81     9.314 55461.63740482 41.40  52.495934  66.120130 17.498 -100.00 -100.00 -100.00
  81     8.305 55461.63740541 52.35  52.502405  66.120001   -100 -100.00 -100.00 -100.00
  81     8.239 55461.63740600 50.90  52.508877  66.119871  4.924 -100.00 -100.00 -100.00
  81     8.436 55461.63740659 54.32  52.515348  66.119741   -100 -100.00 -100.00 -100.00
  82     8.889 55471.55304498 34.94  52.487976  66.119427 29.912 -100.00 -100.00 -100.00
  82     8.951 55471.55304557 31.51  52.494448  66.119298 17.917 -100.00 -100.00 -100.00
  82     8.927 55471.55304616 33.19  52.500919  66.119169 25.398 -100.00 -100.00 -100.00
  82     8.887 55471.55304675 35.64  52.507391  66.119040   -100 -100.00 -100.00 -100.00
  82     8.752 55471.55304734 31.47  52.513862  66.118910 16.723 -100.00 -100.00 -100.00
  83    39.375 55481.46868319 22.06  52.490248  66.117657 17.134 -100.00 -100.00 -100.00
  83     7.779 55481.46868378 23.02  52.496719  66.117528 19.806 -100.00 -100.00 -100.00
  83     8.262 55481.46868437 21.63  52.503190  66.117399 14.183 -100.00 -100.00 -100.00
  83     8.100 55481.46868496 24.98  52.509662  66.117270 22.072 -100.00 -100.00 -100.00
  83     8.304 55481.46868555 25.67  52.516133  66.117141 19.561 -100.00 -100.00 -100.00
  84    40.038 55491.38431891 20.78  52.490789  66.116479 18.111 -100.00 -100.00 -100.00
  84     9.178 55491.38432009 25.82  52.503732  66.116221   -100 -100.00 -100.00 -100.00
  84    38.284 55491.38432068 18.72  52.510203  66.116092 17.377 -100.00 -100.00 -100.00
  84    10.661 55491.38432127 22.53  52.516674  66.115962 27.509 -100.00 -100.00 -100.00
  85     8.769 55501.29995283 34.49  52.492798  66.117325 20.621 -100.00 -100.00 -100.00
  85     9.168 55501.29995342 36.61  52.499269  66.117197 18.553 -100.00 -100.00 -100.00
  85     8.960 55501.29995401 39.39  52.505741  66.117068 21.733 -100.00 -100.00 -100.00
  85     8.565 55501.29995460 44.39  52.512212  66.116939   -100 -100.00 -100.00 -100.00
  85     8.452 55501.29995519 46.50  52.518684  66.116809   -100 -100.00 -100.00 -100.00
  86     9.570 55511.21559636 39.42  52.491716  66.119422 16.749  250.54  251.11  251.61
  86     9.193 55511.21559695 42.48  52.498188  66.119293 22.247  250.54  251.11  251.61
  86     8.286 55511.21559754 47.53  52.504660  66.119164   -100  250.54  251.11  251.61
  86     8.780 55511.21559813 49.62  52.511132  66.119035   -100  250.54  251.11  251.61
  87    10.268 55521.13124568 39.18  52.488143  66.121129 22.008 -100.00 -100.00 -100.00
  87    10.134 55521.13124627 40.46  52.494615  66.121000 21.231 -100.00 -100.00 -100.00
  87     9.792 55521.13124686 44.38  52.501088  66.120871   -100 -100.00 -100.00 -100.00
  87    10.058 55521.13124745 48.19  52.507560  66.120742   -100 -100.00 -100.00 -100.00
  87     9.589 55521.13124804 49.18  52.514032  66.120613   -100 -100.00 -100.00 -100.00
  88     9.485 55531.04689457 28.39  52.492053  66.121379 26.376 -100.00 -100.00 -100.00
  88     9.724 55531.04689516 26.29  52.498525  66.121250 15.586 -100.00 -100.00 -100.00
  88     9.777 55531.04689575 26.69  52.504997  66.121121 14.941 -100.00 -100.00 -100.00
  88     9.996 55531.04689634 28.77  52.511469  66.120992 16.935 -100.00 -100.00 -100.00
  89     9.419 55540.96254158 21.18  52.493375  66.120648  6.343 -100.00 -100.00 -100.00
  89     9.378 55540.96254217 21.70  52.499846  66.120519  6.291 -100.00 -100.00 -100.00
  89     9.945 55540.96254277 22.53  52.506318  66.120389  7.550 -100.00 -100.00 -100.00
  89    10.125 55540.96254336 23.12  52.512790  66.120260  7.765 -100.00 -100.00 -100.00
  90     8.985 55550.87818625 22.14  52.492386  66.120261 10.853 -100.00 -100.00 -100.00
  90     8.904 55550.87818684 22.92  52.498857  66.120132 10.956 -100.00 -100.00 -100.00
  90    10.102 55550.87818743 21.76  52.505329  66.120003  7.595 -100.00 -100.00 -100.00
  90     9.971 55550.87818802 22.06  52.511800  66.119874  7.652 -100.00 -100.00 -100.00
  91     9.486 55560.79382946 19.98  52.492671  66.120969  6.260  252.48  248.53  240.72
  91     9.773 55560.79383005 21.35  52.499142  66.120840  7.851  252.48  248.53  240.72
  91     9.911 55560.79383064 20.73  52.505614  66.120711  5.789  252.48  248.53  240.72
  91    10.423 55560.79383123 20.79  52.512086  66.120581  6.197  252.48  248.53  240.72
  92     9.070 55570.70947188 18.22  52.493194  66.122246  5.350  255.77  251.73  242.97
  92     9.729 55570.70947248 18.92  52.499666  66.122117  5.158  255.77  251.73  242.97
  92    10.195 55570.70947307 19.14  52.506139  66.121987  5.115  255.77  251.73  242.97
  92    10.510 55570.70947366 18.79  52.512611  66.121858  5.117  255.77  251.73  242.97
  93     9.568 55580.62511301 17.22  52.490969  66.122506  3.873 -100.00 -100.00 -100.00
  93    10.058 55580.62511360 18.09  52.497442  66.122377  4.215 -100.00 -100.00 -100.00
  93     9.950 55580.62511419 18.12  52.503914  66.122247  4.193 -100.00 -100.00 -100.00
  93    10.026 55580.62511478 18.54  52.510387  66.122118  4.499 -100.00 -100.00 -100.00
  94     8.878 55590.54075126 18.17  52.489161  66.120753 18.503 -100.00 -100.00 -100.00
  94     9.099 55590.54075185 18.18  52.495633  66.120625 15.028 -100.00 -100.00 -100.00
  94     9.750 55590.54075244 17.92  52.502105  66.120496  7.226 -100.00 -100.00 -100.00
  94     9.951 55590.54075303 18.63  52.508577  66.120367  7.583 -100.00 -100.00 -100.00
  94    10.206 55590.54075362 18.07  52.515049  66.120237  6.392 -100.00 -100.00 -100.00
  95    38.821 55600.45638654 16.17  52.489186  66.118035 13.540 -100.00 -100.00 -100.00
  95     9.359 55600.45638714 16.73  52.495658  66.117907 14.076 -100.00 -100.00 -100.00
  95     9.771 55600.45638773 17.80  52.502130  66.117778 11.105 -100.00 -100.00 -100.00
  95     9.934 55600.45638832 18.20  52.508601  66.117649  9.621 -100.00 -100.00 -100.00
  95    10.721 55600.45638891 18.19  52.515073  66.117519  6.018 -100.00 -100.00 -100.00
  96    39.597 55610.37201968 12.70  52.490344  66.116430 16.145  251.15  242.67  223.74
  96    38.268 55610.37202086 16.74  52.503286  66.116173 27.291  251.15  242.67  223.74
  96    10.260 55610.37202145 16.34  52.509757  66.116044 21.242  251.15  242.67  223.74
  96    10.383 55610.37202204 17.96  52.516229  66.115914 24.342  251.15  242.67  223.74
  97     8.889 55620.28765115 16.00  52.487063  66.117380 13.740 -100.00 -100.00 -100.00
  97     9.370 55620.28765174 15.88  52.493535  66.117251 13.027 -100.00 -100.00 -100.00
  97     9.530 55620.28765233 16.19  52.500006  66.117123  8.581 -100.00 -100.00 -100.00
  97    10.084 55620.28765292 15.96  52.506477  66.116994  6.732 -100.00 -100.00 -100.00
  97    10.515 55620.28765351 17.09  52.512949  66.116865  7.162 -100.00 -100.00 -100.00
  98     9.044 55630.20330295 15.14  52.491379  66.119538  7.372 -100.00 -100.00 -100.00
  98     9.445 55630.20330354 15.79  52.497851  66.119410  8.083 -100.00 -100.00 -100.00
  98     9.946 55630.20330413 16.14  52.504322  66.119281  6.479 -100.00 -100.00 -100.00
  98    10.065 55630.20330472 16.09  52.510794  66.119151  5.708 -100.00 -100.00 -100.00
  99     8.555 55640.11895365 14.66  52.489064  66.120792  6.753 -100.00 -100.00 -100.00
  99     9.356 55640.11895424 14.76  52.495536  66.120663  5.523 -100.00 -100.00 -100.00
  99     9.530 55640.11895483 14.88  52.502007  66.120535  4.757 -100.00 -100.00 -100.00
  99    10.327 55640.11895542 15.48  52.508479  66.120405  4.982 -100.00 -100.00 -100.00
  99    10.518 55640.11895601 15.64  52.514951  66.120276  5.115 -100.00 -100.00 -100.00
 100     9.111 55650.03460237 14.19  52.492096  66.119709  6.083 -100.00 -100.00 -100.00
 100     9.393 55650.03460296 14.31  52.498567  66.119580  4.974 -100.00 -100.00 -100.00
 100     9.897 55650.03460355 14.92  52.505038  66.119451  4.595 -100.00 -100.00 -100.00
 100    10.458 55650.03460414 14.85  52.511509  66.119322  4.755 -100.00 -100.00 -100.00
 101    40.098 55659.95024744 27.64  52.492459  66.117348 31.204 -100.00 -100.00 -100.00
 101    39.768 55659.95024803 27.20  52.498929  66.117219 27.496 -100.00 -100.00 -100.00
 101    39.464 55659.95024862 24.90  52.505400  66.117090 20.526 -100.00 -100.00 -100.00
 101    38.735 55659.95024921 24.24  52.511870  66.116960 24.465 -100.00 -100.00 -100.00
 101    38.207 55659.95024980 23.20  52.518340  66.116831 20.476 -100.00 -100.00 -100.00
 102    40.275 55669.86588874 35.80  52.490653  66.116201 29.355 -100.00 -100.00 -100.00
 102    39.375 55669.86588992 32.49  52.503593  66.115944 26.049 -100.00 -100.00 -100.00
 102    39.105 55669.86589051 29.13  52.510063  66.115814 18.286 -100.00 -100.00 -100.00
 102    38.636 55669.86589110 28.78  52.516532  66.115685 16.242 -100.00 -100.00 -100.00
 103    40.021 55679.78152823 36.58  52.491282  66.117362   -100 -100.00 -100.00 -100.00
 103    10.655 55679.78152882 42.18  52.497753  66.117233 10.230 -100.00 -100.00 -100.00
 103    10.653 55679.78152941 42.54  52.504223  66.117104  7.557 -100.00 -100.00 -100.00
 103    10.673 55679.78153000 42.59  52.510693  66.116975 17.538 -100.00 -100.00 -100.00
 103    10.637 55679.78153059 39.12  52.517163  66.116845   -100 -100.00 -100.00 -100.00
 104    13.054 55689.69716564 40.35  52.490280  66.119942   -100 -100.00 -100.00 -100.00
 104    14.044 55689.69716623 42.48  52.496751  66.119813 17.853 -100.00 -100.00 -100.00
 104    13.082 55689.69716683 54.64  52.503222  66.119684 15.806 -100.00 -100.00 -100.00
 104    13.301 55689.69716742 54.36  52.509693  66.119555   -100 -100.00 -100.00 -100.00
 105    12.989 55699.61280162 34.66  52.490071  66.121833 29.488 -100.00 -100.00 -100.00
 105    12.529 55699.61280221 36.95  52.496543  66.121704   -100 -100.00 -100.00 -100.00
 105    12.419 55699.61280280 29.78  52.503015  66.121575 19.692 -100.00 -100.00 -100.00
 105    12.558 55699.61280339 27.34  52.509487  66.121446 12.609 -100.00 -100.00 -100.00
 106    11.678 55709.52844021 25.30  52.492298  66.121941 17.305 -100.00 -100.00 -100.00
 106    11.869 55709.52844080 23.91  52.498770  66.121813 12.910 -100.00 -100.00 -100.00
 106    11.751 55709.52844139 25.38  52.505242  66.121684 17.101 -100.00 -100.00 -100.00
 106    11.864 55709.52844198 24.45  52.511714  66.121555 13.820 -100.00 -100.00 -100.00
 107    13.012 55719.44409029 23.87  52.488372  66.121034  6.839 -100.00 -100.00 -100.00
 107    12.750 55719.44409088 24.23  52.494844  66.120906  6.651 -100.00 -100.00 -100.00
 107    13.325 55719.44409147 24.41  52.501316  66.120777  6.834 -100.00 -100.00 -100.00
 107    13.274 55719.44409206 25.10  52.507788  66.120648  7.088 -100.00 -100.00 -100.00
 107    13.178 55719.44409265 27.49  52.514259  66.120518 11.899 -100.00 -100.00 -100.00
 108    11.061 55729.35973856 37.45  52.490286  66.120540 23.714  264.13  263.69  266.36
 108    11.477 55729.35973915 40.48  52.496758  66.120411 22.048  264.13  263.69  266.36
 108    11.408 55729.35973974 52.48  52.503230  66.120282   -100  264.13  263.69  266.36
 108    11.445 55729.35974033 52.46  52.509702  66.120153   -100  264.13  263.69  266.36
 109     9.580 55739.27538520 38.32  52.489515  66.121004 14.680 -100.00 -100.00 -100.00
 109     9.359 55739.27538579 40.28  52.495986  66.120875 17.406 -100.00 -100.00 -100.00
 109     8.721 55739.27538638 47.78  52.502458  66.120746   -100 -100.00 -100.00 -100.00
 109     8.714 55739.27538697 51.60  52.508930  66.120617  1.918 -100.00 -100.00 -100.00
 109     8.771 55739.27538756 51.64  52.515402  66.120487   -100 -100.00 -100.00 -100.00
 110     7.544 55749.19103062 33.88  52.488921  66.121807 21.011 -100.00 -100.00 -100.00
 110     7.304 55749.19103121 37.51  52.495392  66.121678 26.547 -100.00 -100.00 -100.00
 110     7.547 55749.19103180 49.89  52.501864  66.121549   -100 -100.00 -100.00 -100.00
 110     7.705 55749.19103239 52.66  52.508336  66.121420   -100 -100.00 -100.00 -100.00
 110     7.565 55749.19103298 51.81  52.514808  66.121290   -100 -100.00 -100.00 -100.00
 111     6.440 55759.10667373 27.57  52.488586  66.121764 20.575  271.16  271.37  271.56
 111     6.425 55759.10667432 29.73  52.495058  66.121635 23.394  271.16  271.37  271.56
 111     6.707 55759.10667491 31.00  52.501529  66.121506 23.501  271.16  271.37  271.56
 111     6.807 55759.10667550 33.90  52.508001  66.121377 22.805  271.16  271.37  271.56
 111     7.321 55759.10667609 35.91  52.514473  66.121247 20.116  271.16  271.37  271.56
 112     5.954 55769.02231415 26.17  52.489488  66.120399 20.909 -100.00 -100.00 -100.00
 112     6.313 55769.02231474 26.27  52.495959  66.120270 17.975 -100.00 -100.00 -100.00
 112     6.359 55769.02231533 27.79  52.502431  66.120142 19.944 -100.00 -100.00 -100.00
 112     6.259 55769.02231592 31.31  52.508902  66.120012 26.693 -100.00 -100.00 -100.00
 112     6.754 55769.02231651 30.78  52.515373  66.119883 24.153 -100.00 -100.00 -100.00
 113     6.123 55778.93795107 29.97  52.487300  66.118233 18.108 -100.00 -100.00 -100.00
 113     6.167 55778.93795166 31.28  52.493771  66.118104 24.448 -100.00 -100.00 -100.00
 113     6.455 55778.93795225 31.38  52.500241  66.117975 19.913 -100.00 -100.00 -100.00
 113     6.473 55778.93795284 37.04  52.506711  66.117846   -100 -100.00 -100.00 -100.00
 113     6.119 55778.93795343 37.23  52.513182  66.117717   -100 -100.00 -100.00 -100.00
 114     6.149 55788.85358590 25.70  52.490221  66.116759 18.338 -100.00 -100.00 -100.00
 114     6.183 55788.85358649 26.84  52.496691  66.116630 19.221 -100.00 -100.00 -100.00
 114    10.144 55788.85358708 26.08  52.503161  66.116501 18.956 -100.00 -100.00 -100.00
 114     6.141 55788.85358767 28.75  52.509631  66.116372 22.854 -100.00 -100.00 -100.00
 114     6.111 55788.85358826 29.74  52.516101  66.116243 28.573 -100.00 -100.00 -100.00
 115     6.100 55798.76921902 35.83  52.488665  66.117391 20.635 -100.00 -100.00 -100.00
 115     6.290 55798.76921961 39.58  52.495136  66.117262 22.663 -100.00 -100.00 -100.00
 115     6.090 55798.76922020 50.77  52.501606  66.117134   -100 -100.00 -100.00 -100.00
 115     6.370 55798.76922079 46.85  52.508076  66.117005  1.473 -100.00 -100.00 -100.00
 115     6.436 55798.76922138 53.26  52.514547  66.116875   -100 -100.00 -100.00 -100.00
 116     6.582 55808.68486458 32.78  52.489862  66.119065 19.908  268.18  268.87  269.33
 116     6.944 55808.68486517 34.87  52.496333  66.118936 18.484  268.18  268.87  269.33
 116     6.011 55808.68486576 47.98  52.502804  66.118807   -100  268.18  268.87  269.33
 116     6.022 55808.68486635 37.26  52.509275  66.118678   -100  268.18  268.87  269.33
 116     6.498 55808.68486694 36.58  52.515746  66.118549   -100  268.18  268.87  269.33
 117     6.600 55818.60051341 31.91  52.488901  66.120490 22.766 -100.00 -100.00 -100.00
 117     5.506 55818.60051400 35.90  52.495373  66.120362 28.520 -100.00 -100.00 -100.00
 117     6.122 55818.60051459 47.93  52.501844  66.120233   -100 -100.00 -100.00 -100.00
 117     5.855 55818.60051518 38.98  52.508316  66.120104   -100 -100.00 -100.00 -100.00
 117     6.162 55818.60051577 33.49  52.514788  66.119974   -100 -100.00 -100.00 -100.00
 118     5.981 55828.51615851 26.41  52.492232  66.119930 19.161 -100.00 -100.00 -100.00
 118     6.185 55828.51615910 26.87  52.498704  66.119801 20.162 -100.00 -100.00 -100.00
 118     5.823 55828.51615969 30.42  52.505176  66.119673 27.201 -100.00 -100.00 -100.00
 118     6.043 55828.51616028 29.95  52.511648  66.119543 26.861 -100.00 -100.00 -100.00
 119     7.218 55838.43179874 29.47  52.490052  66.118214 20.923 -100.00 -100.00 -100.00
 119     6.964 55838.43179934 25.57  52.496523  66.118086 14.464 -100.00 -100.00 -100.00
 119     6.916 55838.43179993 25.64  52.502995  66.117957 13.518 -100.00 -100.00 -100.00
 119     7.129 55838.43180052 25.58  52.509467  66.117828 14.522 -100.00 -100.00 -100.00
 119    10.644 55838.43180111 25.40  52.515938  66.117699 12.285 -100.00 -100.00 -100.00
 120     9.289 55848.34743639 18.84  52.493048  66.116750  7.913 -100.00 -100.00 -100.00
 120     7.347 55848.34743757 24.11  52.505990  66.116492 18.030 -100.00 -100.00 -100.00
 120     9.877 55848.34743816 22.18  52.512462  66.116363 11.980 -100.00 -100.00 -100.00
 120     7.555 55848.34743875 27.31  52.518933  66.116233 21.615 -100.00 -100.00 -100.00
 121     9.567 55858.26307115 20.42  52.488047  66.117749  5.795 -100.00 -100.00 -100.00
 121     9.720 55858.26307174 21.45  52.494519  66.117621  6.827 -100.00 -100.00 -100.00
 121    10.201 55858.26307233 28.26  52.500990  66.117492 13.925 -100.00 -100.00 -100.00
 121    10.092 55858.26307292 29.36  52.507462  66.117363 17.050 -100.00 -100.00 -100.00
 121     9.406 55858.26307351 29.12  52.513933  66.117234 17.960 -100.00 -100.00 -100.00
 122     8.489 55868.17871800 38.55  52.488007  66.120079 24.608 -100.00 -100.00 -100.00
 122     8.382 55868.17871859 40.64  52.494479  66.119951 29.096 -100.00 -100.00 -100.00
 122     8.086 55868.17871918 43.44  52.500951  66.119822   -100 -100.00 -100.00 -100.00
 122     8.261 55868.17871977 40.86  52.507423  66.119693   -100 -100.00 -100.00 -100.00
 122     8.313 55868.17872036 46.48  52.513895  66.119564   -100 -100.00 -100.00 -100.00
 123    39.656 55878.09437018 23.30  52.492896  66.121991 25.912 -100.00 -100.00 -100.00
 123    39.239 55878.09437077 22.84  52.499369  66.121862 20.048 -100.00 -100.00 -100.00
 123    39.041 55878.09437136 19.81  52.505841  66.121733 12.811 -100.00 -100.00 -100.00
 123    58.573 55878.09437195 18.65  52.512313  66.121604 14.769 -100.00 -100.00 -100.00
 133    39.728 55977.25079925 10.50  52.489483  66.117952  9.348 -100.00 -100.00 -100.00
 133    39.239 55977.25079984 11.69  52.495954  66.117824 10.450 -100.00 -100.00 -100.00
 133    38.779 55977.25080043 11.48  52.502426  66.117695 10.262 -100.00 -100.00 -100.00
 133    10.061 55977.25080102 16.27  52.508897  66.117565 22.632 -100.00 -100.00 -100.00
 133    10.205 55977.25080161 16.60  52.515369  66.117436 19.001 -100.00 -100.00 -100.00
 134    39.651 55987.16643537 10.83  52.488529  66.119380  8.885 -100.00 -100.00 -100.00
 134    39.608 55987.16643596 11.54  52.495001  66.119252 10.036 -100.00 -100.00 -100.00
 134    38.861 55987.16643655 12.19  52.501472  66.119123 10.369 -100.00 -100.00 -100.00
 134    37.086 55987.16643714 12.98  52.507944  66.118994 10.482 -100.00 -100.00 -100.00
 134    10.281 55987.16643773 14.81  52.514415  66.118865 12.360 -100.00 -100.00 -100.00
 135    40.197 55997.08207421 10.14  52.493201  66.119998  5.442  252.03  243.01  219.70
 135    39.520 55997.08207480 11.88  52.499672  66.119869  8.178  252.03  243.01  219.70
 135    38.968 55997.08207539 11.57  52.506144  66.119740  6.863  252.03  243.01  219.70
 135    38.581 55997.08207598 12.61  52.512615  66.119611  7.450  252.03  243.01  219.70
 136    40.265 56006.99772529 10.05  52.489058  66.119416  6.213 -100.00 -100.00 -100.00
 136    39.865 56006.99772588  9.93  52.495529  66.119287  5.717 -100.00 -100.00 -100.00
 136    39.383 56006.99772647 11.50  52.502000  66.119159  9.178 -100.00 -100.00 -100.00
 136    38.954 56006.99772706 11.24  52.508471  66.119030  8.240 -100.00 -100.00 -100.00
 136    38.469 56006.99772765 12.10  52.514942  66.118900  7.402 -100.00 -100.00 -100.00
 137    40.065 56016.91337294  8.94  52.492688  66.118025  6.224 -100.00 -100.00 -100.00
 137    39.491 56016.91337353 10.46  52.499158  66.117897  7.680 -100.00 -100.00 -100.00
 137    39.023 56016.91337412 11.28  52.505629  66.117768  9.255 -100.00 -100.00 -100.00
 137    38.292 56016.91337471 12.93  52.512099  66.117638 11.848 -100.00 -100.00 -100.00
 139     6.300 56036.74465960 18.06  52.488021  66.118778 14.276 -100.00 -100.00 -100.00
 139     6.167 56036.74466019 19.84  52.494492  66.118649 19.813 -100.00 -100.00 -100.00
 139     6.199 56036.74466078 21.90  52.500963  66.118520 22.494 -100.00 -100.00 -100.00
 139     6.182 56036.74466137 22.71  52.507433  66.118391 27.756 -100.00 -100.00 -100.00
 139    10.365 56036.74466196 21.26  52.513904  66.118261 21.022 -100.00 -100.00 -100.00
 141    40.031 56056.57593849 32.86  52.490847  66.121866 16.980 -100.00 -100.00 -100.00
 141    39.877 56056.57593909 32.35  52.497319  66.121737 15.693 -100.00 -100.00 -100.00
 141    39.121 56056.57593968 31.28  52.503791  66.121608 15.881 -100.00 -100.00 -100.00
 141    38.492 56056.57594027 33.88  52.510263  66.121479 24.911 -100.00 -100.00 -100.00
 142    40.241 56066.49157219 30.51  52.490873  66.122221 22.658 -100.00 -100.00 -100.00
 142    39.859 56066.49157278 29.06  52.497346  66.122092 18.924 -100.00 -100.00 -100.00
 142    39.423 56066.49157337 27.19  52.503818  66.121964 12.396 -100.00 -100.00 -100.00
 142    38.779 56066.49157396 29.31  52.510290  66.121835 19.703 -100.00 -100.00 -100.00
 143    13.723 56076.40722000 23.85  52.493371  66.121648  6.654 -100.00 -100.00 -100.00
 143    13.820 56076.40722060 24.77  52.499843  66.121520  6.131 -100.00 -100.00 -100.00
 143    13.902 56076.40722119 25.47  52.506315  66.121391  7.243 -100.00 -100.00 -100.00
 143    13.737 56076.40722178 25.89  52.512787  66.121261  6.865 -100.00 -100.00 -100.00
 144    11.359 56086.32286868 18.88  52.488812  66.121396  5.083 -100.00 -100.00 -100.00
 144    11.757 56086.32286927 19.03  52.495284  66.121268  4.936 -100.00 -100.00 -100.00
 144    11.644 56086.32286986 22.09  52.501756  66.121139  9.568 -100.00 -100.00 -100.00
 144    11.620 56086.32287045 21.76  52.508228  66.121009  7.741 -100.00 -100.00 -100.00
 144    11.723 56086.32287104 24.90  52.514700  66.120880 13.751 -100.00 -100.00 -100.00
 145    40.057 56096.23851567 32.31  52.492155  66.121197   -100 -100.00 -100.00 -100.00
 145    39.698 56096.23851626 30.35  52.498627  66.121068 24.854 -100.00 -100.00 -100.00
 145    39.296 56096.23851685 29.27  52.505098  66.120939 28.704 -100.00 -100.00 -100.00
 145    38.823 56096.23851744 28.56  52.511570  66.120810 28.567 -100.00 -100.00 -100.00
 146    10.048 56106.15416038 19.50  52.493792  66.120936  8.331  273.22  275.11  274.44
 146    10.874 56106.15416097 20.51  52.500263  66.120807  7.528  273.22  275.11  274.44
 146     9.379 56106.15416156 23.29  52.506735  66.120678 11.919  273.22  275.11  274.44
 146    10.428 56106.15416215 22.73  52.513206  66.120548 10.934  273.22  275.11  274.44
 147     9.258 56116.06979029 20.46  52.491525  66.120098  5.905  266.21  267.63  267.26
 147     8.520 56116.06979088 22.84  52.497996  66.119969  8.931  266.21  267.63  267.26
 147     8.198 56116.06979147 25.01  52.504467  66.119840 11.597  266.21  267.63  267.26
 147     8.122 56116.06979206 29.80  52.510939  66.119711 19.707  266.21  267.63  267.26
 148     7.588 56125.98542828 36.95  52.491863  66.119087 21.133 -100.00 -100.00 -100.00
 148     8.571 56125.98542887 42.61  52.498334  66.118959 21.978 -100.00 -100.00 -100.00
 148     7.578 56125.98542947 50.24  52.504805  66.118830  8.443 -100.00 -100.00 -100.00
 148     8.186 56125.98543006 52.89  52.511275  66.118701   -100 -100.00 -100.00 -100.00
 149    40.382 56135.90106215 27.06  52.490159  66.118154 32.651  262.41  262.81  263.43
 149    40.029 56135.90106274 25.82  52.496629  66.118026 32.322  262.41  262.81  263.43
 149    39.534 56135.90106333 22.73  52.503100  66.117897 22.113  262.41  262.81  263.43
 149    39.216 56135.90106392 24.72  52.509570  66.117768 28.877  262.41  262.81  263.43
 149    10.640 56135.90106451 28.97  52.516040  66.117639   -100  262.41  262.81  263.43
 150     7.126 56145.81670504 29.10  52.491742  66.118010 19.451 -100.00 -100.00 -100.00
 150     7.586 56145.81670563 29.67  52.498213  66.117881 16.982 -100.00 -100.00 -100.00
 150     7.576 56145.81670622 34.17  52.504683  66.117752 22.564 -100.00 -100.00 -100.00
 150     7.467 56145.81670681 35.19  52.511153  66.117623 24.672 -100.00 -100.00 -100.00
 150     7.552 56145.81670740 38.60  52.517623  66.117493   -100 -100.00 -100.00 -100.00
 151     8.090 56155.73235442 42.74  52.488486  66.118616 23.697  260.01  259.66  260.48
 151     8.014 56155.73235501 43.37  52.494956  66.118487 31.614  260.01  259.66  260.48
 151     7.612 56155.73235560 46.94  52.501427  66.118358   -100  260.01  259.66  260.48
 151     7.926 56155.73235619 47.29  52.507898  66.118229   -100  260.01  259.66  260.48
 151     7.774 56155.73235678 44.16  52.514368  66.118100   -100  260.01  259.66  260.48
 152     7.492 56165.64800325 38.82  52.489811  66.119363 23.725 -100.00 -100.00 -100.00
 152     8.196 56165.64800384 40.74  52.496282  66.119234 18.374 -100.00 -100.00 -100.00
 152     7.087 56165.64800443 51.73  52.502753  66.119105  5.298 -100.00 -100.00 -100.00
 152     7.556 56165.64800502 52.74  52.509224  66.118976   -100 -100.00 -100.00 -100.00
 152     7.342 56165.64800561 54.17  52.515695  66.118846   -100 -100.00 -100.00 -100.00
 153     7.107 56175.56364964 36.06  52.488856  66.119572 18.939 -100.00 -100.00 -100.00
 153     6.836 56175.56365023 38.85  52.495328  66.119443 21.648 -100.00 -100.00 -100.00
 153     6.905 56175.56365082 50.87  52.501799  66.119314   -100 -100.00 -100.00 -100.00
 153     7.236 56175.56365141 54.10  52.508270  66.119185 13.859 -100.00 -100.00 -100.00
 153     7.088 56175.56365200 53.12  52.514742  66.119055   -100 -100.00 -100.00 -100.00
 154    40.407 56185.47929100 27.66  52.488336  66.119181 29.538 -100.00 -100.00 -100.00
 154    39.970 56185.47929159 27.32  52.494808  66.119052 29.338 -100.00 -100.00 -100.00
 154    39.672 56185.47929219 27.56  52.501279  66.118924 30.019 -100.00 -100.00 -100.00
 154    39.283 56185.47929278 25.47  52.507751  66.118794 30.757 -100.00 -100.00 -100.00
 154    38.834 56185.47929337 22.16  52.514222  66.118665 17.112 -100.00 -100.00 -100.00
 155    40.335 56195.39492887 33.88  52.490811  66.118417   -100 -100.00 -100.00 -100.00
 155    40.001 56195.39492946 31.02  52.497283  66.118289 30.640 -100.00 -100.00 -100.00
 155    39.563 56195.39493005 28.75  52.503754  66.118160 27.650 -100.00 -100.00 -100.00
 155    39.020 56195.39493064 27.34  52.510226  66.118030 22.123 -100.00 -100.00 -100.00
 155    38.480 56195.39493123 25.83  52.516697  66.117901 17.507 -100.00 -100.00 -100.00
 156    39.863 56205.31056343 33.59  52.489523  66.118607 28.801 -100.00 -100.00 -100.00
 156    39.863 56205.31056402 27.21  52.495994  66.118478   -100 -100.00 -100.00 -100.00
 156    39.281 56205.31056461 28.16  52.502466  66.118350 24.346 -100.00 -100.00 -100.00
 156    39.146 56205.31056520 24.16  52.508938  66.118220 29.945 -100.00 -100.00 -100.00
 156    57.944 56205.31056579 21.69  52.515409  66.118091  9.204 -100.00 -100.00 -100.00
 157     8.175 56215.22619665 41.44  52.489646  66.119855 29.817 -100.00 -100.00 -100.00
 157     8.548 56215.22619724 36.93  52.496118  66.119726 14.805 -100.00 -100.00 -100.00
 157     8.377 56215.22619783 38.78  52.502590  66.119597 16.946 -100.00 -100.00 -100.00
 157     8.317 56215.22619842 44.43  52.509062  66.119468   -100 -100.00 -100.00 -100.00
 157     8.501 56215.22619901 43.18  52.515533  66.119339   -100 -100.00 -100.00 -100.00
 158    40.050 56225.14183483 24.40  52.492167  66.121478 18.086 -100.00 -100.00 -100.00
 158    39.801 56225.14183542 22.55  52.498639  66.121350 15.691 -100.00 -100.00 -100.00
 158    39.271 56225.14183601 22.02  52.505111  66.121221 16.729 -100.00 -100.00 -100.00
 158    38.862 56225.14183660 21.29  52.511584  66.121092 15.808 -100.00 -100.00 -100.00
 159     8.537 56235.05749049 40.78  52.493178  66.122115 18.676 -100.00 -100.00 -100.00
 159     8.233 56235.05749108 45.04  52.499650  66.121987 24.353 -100.00 -100.00 -100.00
 159     7.705 56235.05749167 49.09  52.506123  66.121858   -100 -100.00 -100.00 -100.00
 159     7.787 56235.05749226 52.92  52.512595  66.121728   -100 -100.00 -100.00 -100.00
 160     8.277 56244.97314217 38.64  52.493231  66.121856 19.370 -100.00 -100.00 -100.00
 160     7.953 56244.97314276 43.96  52.499703  66.121727 28.928 -100.00 -100.00 -100.00
 160     7.501 56244.97314335 42.38  52.506175  66.121598   -100 -100.00 -100.00 -100.00
 160     7.682 56244.97314394 52.17  52.512647  66.121469   -100 -100.00 -100.00 -100.00
 161     8.349 56254.88878887 35.89  52.494029  66.121307   -100  250.46  246.92  241.44
 161     8.494 56254.88878946 35.16  52.500500  66.121178   -100  250.46  246.92  241.44
 161     8.594 56254.88879005 36.29  52.506972  66.121049   -100  250.46  246.92  241.44
 161     8.325 56254.88879064 35.37  52.513444  66.120920   -100  250.46  246.92  241.44
 162     8.233 56264.80443094 29.25  52.488884  66.121471 19.538 -100.00 -100.00 -100.00
 162     8.108 56264.80443153 30.15  52.495355  66.121342 22.901 -100.00 -100.00 -100.00
 162     8.149 56264.80443212 30.38  52.501827  66.121213 23.594 -100.00 -100.00 -100.00
 162     8.131 56264.80443271 29.81  52.508299  66.121084 20.267 -100.00 -100.00 -100.00
 162     8.245 56264.80443330 29.25  52.514770  66.120954 18.313 -100.00 -100.00 -100.00
 165    38.904 56294.55136769 11.53  52.490005  66.119737 16.043  246.06  240.74  224.33
 165    38.814 56294.55136828  8.80  52.496477  66.119608 23.943  246.06  240.74  224.33
 165    38.317 56294.55136887 10.55  52.502949  66.119479 13.681  246.06  240.74  224.33
 165    37.012 56294.55136946 12.28  52.509420  66.119350 17.207  246.06  240.74  224.33
 165    37.136 56294.55137005  9.16  52.515892  66.119220 10.536  246.06  240.74  224.33
 166    39.898 56304.46701438  8.67  52.490060  66.117958  7.010 -100.00 -100.00 -100.00
 166    39.471 56304.46701497  9.67  52.496531  66.117829  7.878 -100.00 -100.00 -100.00
 166    38.750 56304.46701556 11.71  52.503003  66.117700 12.179 -100.00 -100.00 -100.00
 166    37.920 56304.46701615 12.81  52.509474  66.117570 14.625 -100.00 -100.00 -100.00
 166    36.944 56304.46701674 13.25  52.515946  66.117441 13.825 -100.00 -100.00 -100.00
 167    40.120 56314.38265700 10.02  52.487232  66.117483  6.903 -100.00 -100.00 -100.00
 167    39.857 56314.38265759 10.66  52.493704  66.117354  8.113 -100.00 -100.00 -100.00
 167    38.806 56314.38265818 13.07  52.500176  66.117225 11.316 -100.00 -100.00 -100.00
 167    37.882 56314.38265877 14.46  52.506647  66.117096 12.394 -100.00 -100.00 -100.00
 167     9.612 56314.38265936 17.13  52.513118  66.116966 18.589 -100.00 -100.00 -100.00
 168     6.438 56324.29829843 19.77  52.493577  66.118361  8.327 -100.00 -100.00 -100.00
 168     6.648 56324.29829902 20.45  52.500048  66.118232  7.792 -100.00 -100.00 -100.00
 168     6.462 56324.29829961 20.54  52.506520  66.118103  8.248 -100.00 -100.00 -100.00
 168     6.743 56324.29830020 20.68  52.512992  66.117973  8.299 -100.00 -100.00 -100.00
 169    39.783 56334.21393856  9.68  52.493389  66.119764  8.665 -100.00 -100.00 -100.00
 169    39.668 56334.21393915 10.01  52.499861  66.119635  8.606 -100.00 -100.00 -100.00
 169    38.519 56334.21393974 12.06  52.506333  66.119506 11.130 -100.00 -100.00 -100.00
 169    36.924 56334.21394033 12.66  52.512804  66.119377 12.745 -100.00 -100.00 -100.00
 170    40.284 56344.12957755  9.67  52.488531  66.120137  7.827 -100.00 -100.00 -100.00
 170    40.024 56344.12957814  9.85  52.495003  66.120009  7.528 -100.00 -100.00 -100.00
 170    39.456 56344.12957873  9.41  52.501475  66.119880  8.275 -100.00 -100.00 -100.00
 170    38.962 56344.12957932 11.35  52.507946  66.119750  9.797 -100.00 -100.00 -100.00
 170    10.189 56344.12957991 15.85  52.514418  66.119621 19.251 -100.00 -100.00 -100.00
 171     5.923 56354.04521476 18.25  52.489348  66.119356 11.660 -100.00 -100.00 -100.00
 171     8.715 56354.04521535 17.64  52.495819  66.119228  9.523 -100.00 -100.00 -100.00
 171     6.529 56354.04521594 18.36  52.502291  66.119099  9.121 -100.00 -100.00 -100.00
 171     8.878 56354.04521653 17.69  52.508762  66.118970  6.558 -100.00 -100.00 -100.00
 171     8.120 56354.04521712 18.17  52.515233  66.118841  6.737 -100.00 -100.00 -100.00
 172     8.226 56363.96085856 17.09  52.489714  66.118331 12.570 -100.00 -100.00 -100.00
 172     8.403 56363.96085915 17.34  52.496184  66.118203 10.999 -100.00 -100.00 -100.00
 172     8.923 56363.96085974 18.00  52.502655  66.118074 10.755 -100.00 -100.00 -100.00
 172     9.335 56363.96086033 16.98  52.509126  66.117945  7.328 -100.00 -100.00 -100.00
 172    10.269 56363.96086092 16.87  52.515596  66.117816  6.160 -100.00 -100.00 -100.00
 173     8.360 56373.87650756 15.96  52.490037  66.118306 12.751 -100.00 -100.00 -100.00
 173     8.677 56373.87650815 16.33  52.496507  66.118177 12.560 -100.00 -100.00 -100.00
 173     8.903 56373.87650875 17.23  52.502978  66.118049 11.882 -100.00 -100.00 -100.00
 173     9.412 56373.87650934 16.89  52.509448  66.117919  8.980 -100.00 -100.00 -100.00
 173    10.077 56373.87650993 16.34  52.515919  66.117790  5.862 -100.00 -100.00 -100.00
 175     8.572 56393.70779774 15.20  52.490922  66.121237 12.953 -100.00 -100.00 -100.00
 175     8.198 56393.70779833 16.45  52.497393  66.121108 13.737 -100.00 -100.00 -100.00
 175     8.938 56393.70779892 15.68  52.503865  66.120979 10.720 -100.00 -100.00 -100.00
 175     9.440 56393.70779951 16.27  52.510336  66.120850  9.068 -100.00 -100.00 -100.00
 176    40.054 56403.62343991 33.10  52.490449  66.122085 24.970  258.91  257.19  255.60
 176    39.376 56403.62344050 32.50  52.496921  66.121956 32.437  258.91  257.19  255.60
 176    39.214 56403.62344109 29.83  52.503392  66.121827 22.576  258.91  257.19  255.60
 176    39.014 56403.62344168 28.59  52.509864  66.121698 20.659  258.91  257.19  255.60
 177    40.155 56413.53907904 35.26  52.488508  66.122133 28.190 -100.00 -100.00 -100.00
 177    39.723 56413.53907963 33.50  52.494981  66.122004 25.347 -100.00 -100.00 -100.00
 177    39.463 56413.53908022 31.54  52.501453  66.121876 23.919 -100.00 -100.00 -100.00
 177    39.079 56413.53908081 28.23  52.507925  66.121746 15.079 -100.00 -100.00 -100.00
 177    38.476 56413.53908140 29.43  52.514396  66.121617 20.094 -100.00 -100.00 -100.00
 178    40.247 56423.45471354 30.99  52.489946  66.121441 16.836 -100.00 -100.00 -100.00
 178    39.824 56423.45471413 31.29  52.496418  66.121313 18.261 -100.00 -100.00 -100.00
 178    12.216 56423.45471472 37.45  52.502890  66.121184   -100 -100.00 -100.00 -100.00
 178    12.533 56423.45471531 38.92  52.509362  66.121055   -100 -100.00 -100.00 -100.00
 178    12.998 56423.45471590 39.76  52.515834  66.120925 28.080 -100.00 -100.00 -100.00
 179    40.135 56433.37035740 30.75  52.489141  66.121223   -100 -100.00 -100.00 -100.00
 179    11.426 56433.37035799 31.57  52.495613  66.121094   -100 -100.00 -100.00 -100.00
 179    11.387 56433.37035858 31.62  52.502085  66.120965   -100 -100.00 -100.00 -100.00
 179    11.320 56433.37035917 31.86  52.508557  66.120836   -100 -100.00 -100.00 -100.00
 179    11.383 56433.37035976 30.11  52.515029  66.120707   -100 -100.00 -100.00 -100.00
 180    11.535 56443.28600966 36.08  52.488275  66.121413 21.136 -100.00 -100.00 -100.00
 180    11.971 56443.28601026 39.97  52.494747  66.121284 26.377 -100.00 -100.00 -100.00
 180    11.885 56443.28601085 51.32  52.501219  66.121155   -100 -100.00 -100.00 -100.00
 180    11.824 56443.28601144 53.39  52.507691  66.121026   -100 -100.00 -100.00 -100.00
 180    11.680 56443.28601203 54.03  52.514163  66.120896   -100 -100.00 -100.00 -100.00
 181    12.209 56453.20166001 40.85  52.494210  66.121792 16.087  271.96  271.66  274.18
 181    11.559 56453.20166060 48.08  52.500682  66.121663   -100  271.96  271.66  274.18
 181    11.410 56453.20166119 51.29  52.507154  66.121534  7.846  271.96  271.66  274.18
 181    11.363 56453.20166178 53.89  52.513626  66.121404   -100  271.96  271.66  274.18
 182    10.872 56463.11730684 23.95  52.490529  66.121198 16.889 -100.00 -100.00 -100.00
 182    10.969 56463.11730743 22.53  52.497001  66.121069 13.437 -100.00 -100.00 -100.00
 182    11.339 56463.11730802 22.54  52.503473  66.120940 11.667 -100.00 -100.00 -100.00
 182    11.421 56463.11730861 22.68  52.509944  66.120810 12.520 -100.00 -100.00 -100.00
 184     7.246 56482.94859121 22.71  52.491768  66.117643  9.788 -100.00 -100.00 -100.00
 184     7.830 56482.94859180 25.12  52.498239  66.117514 15.189 -100.00 -100.00 -100.00
 184     7.793 56482.94859239 30.15  52.504709  66.117385 19.760 -100.00 -100.00 -100.00
 184     7.786 56482.94859298 27.67  52.511179  66.117255 20.036 -100.00 -100.00 -100.00
 184     7.992 56482.94859357 34.01  52.517649  66.117125   -100 -100.00 -100.00 -100.00
 185     6.888 56492.86422807 39.00  52.491447  66.117319 20.133 -100.00 -100.00 -100.00
 185     7.182 56492.86422867 43.97  52.497917  66.117190 23.913 -100.00 -100.00 -100.00
 185     6.040 56492.86422926 48.09  52.504387  66.117061  2.694 -100.00 -100.00 -100.00
 185     6.653 56492.86422985 54.00  52.510857  66.116931   -100 -100.00 -100.00 -100.00
 185     6.727 56492.86423044 52.37  52.517327  66.116802   -100 -100.00 -100.00 -100.00
 187     5.968 56512.69549520 36.41  52.489332  66.120484 22.337  275.70  276.04  275.12
 187     5.658 56512.69549579 39.08  52.495804  66.120355 23.644  275.70  276.04  275.12
 187     5.606 56512.69549638 51.13  52.502275  66.120227  4.455  275.70  276.04  275.12
 187     5.982 56512.69549697 53.43  52.508746  66.120098 25.433  275.70  276.04  275.12
 187     5.852 56512.69549756 52.33  52.515217  66.119968   -100  275.70  276.04  275.12
 188     6.111 56522.61114323 35.11  52.489165  66.120891 23.276 -100.00 -100.00 -100.00
 188     5.734 56522.61114382 37.01  52.495637  66.120763 32.193 -100.00 -100.00 -100.00
 188     5.884 56522.61114441 40.52  52.502109  66.120634   -100 -100.00 -100.00 -100.00
 188     5.620 56522.61114500 37.49  52.508580  66.120505   -100 -100.00 -100.00 -100.00
 188     5.574 56522.61114560 38.01  52.515052  66.120376   -100 -100.00 -100.00 -100.00
 189     6.419 56532.52679590 37.23  52.492442  66.119699 19.558 -100.00 -100.00 -100.00
 189     5.762 56532.52679649 39.83  52.498914  66.119570   -100 -100.00 -100.00 -100.00
 189     6.416 56532.52679708 40.17  52.505386  66.119442   -100 -100.00 -100.00 -100.00
 189     6.380 56532.52679767 45.26  52.511857  66.119312   -100 -100.00 -100.00 -100.00
 191     7.332 56552.35808932 40.97  52.491747  66.118201 16.596  270.64  270.28  271.55
 191     6.883 56552.35808991 45.12  52.498219  66.118072 29.379  270.64  270.28  271.55
 191     6.493 56552.35809050 43.72  52.504690  66.117943   -100  270.64  270.28  271.55
 191     6.832 56552.35809109 50.06  52.511162  66.117813   -100  270.64  270.28  271.55
 191     6.345 56552.35809168 47.37  52.517633  66.117684   -100  270.64  270.28  271.55
 192     6.812 56562.27373169 33.25  52.488211  66.120023 22.412 -100.00 -100.00 -100.00
 192     6.978 56562.27373228 36.37  52.494683  66.119894 24.699 -100.00 -100.00 -100.00
 192     6.535 56562.27373287 45.46  52.501155  66.119765   -100 -100.00 -100.00 -100.00
 192     6.806 56562.27373346 43.97  52.507627  66.119636   -100 -100.00 -100.00 -100.00
 192     6.975 56562.27373405 38.38  52.514099  66.119506   -100 -100.00 -100.00 -100.00
 193     7.001 56572.18937370 33.20  52.493682  66.122115 16.048 -100.00 -100.00 -100.00
 193     6.664 56572.18937429 36.18  52.500155  66.121986 27.534 -100.00 -100.00 -100.00
 193     6.696 56572.18937488 38.76  52.506627  66.121856   -100 -100.00 -100.00 -100.00
 193     6.660 56572.18937547 42.26  52.513099  66.121727 31.453 -100.00 -100.00 -100.00
 194     8.239 56582.10501319 39.99  52.491870  66.123311 17.782 -100.00 -100.00 -100.00
 194     8.036 56582.10501378 44.24  52.498342  66.123182 23.151 -100.00 -100.00 -100.00
 194     7.314 56582.10501437 49.36  52.504815  66.123053   -100 -100.00 -100.00 -100.00
 194     7.408 56582.10501496 52.59  52.511287  66.122924   -100 -100.00 -100.00 -100.00
 195     7.661 56592.02064828 38.15  52.489177  66.122661 20.033 -100.00 -100.00 -100.00
 195     7.485 56592.02064887 42.18  52.495649  66.122532 20.964 -100.00 -100.00 -100.00
 195     7.132 56592.02064946 46.27  52.502121  66.122404   -100 -100.00 -100.00 -100.00
 195     7.055 56592.02065005 47.39  52.508593  66.122275  0.350 -100.00 -100.00 -100.00
 195     6.579 56592.02065064 52.17  52.515065  66.122145 14.178 -100.00 -100.00 -100.00
 196     8.215 56601.93629826 34.56  52.489082  66.121133 27.179 -100.00 -100.00 -100.00
 196     8.332 56601.93629885 33.55  52.495554  66.121004 18.110 -100.00 -100.00 -100.00
 196     8.105 56601.93629944 38.02  52.502026  66.120875 30.840 -100.00 -100.00 -100.00
 196     8.281 56601.93630003 36.78  52.508498  66.120746 28.317 -100.00 -100.00 -100.00
 196     8.233 56601.93630062 38.34  52.514969  66.120617 32.698 -100.00 -100.00 -100.00
 197    11.518 56611.85194801 37.97  52.490715  66.120315 23.700 -100.00 -100.00 -100.00
 197    11.899 56611.85194860 42.24  52.497186  66.120187 29.951 -100.00 -100.00 -100.00
 197    11.913 56611.85194919 50.35  52.503658  66.120058   -100 -100.00 -100.00 -100.00
 197    11.901 56611.85194978 49.44  52.510129  66.119928   -100 -100.00 -100.00 -100.00
 198    39.526 56621.76759299 24.23  52.489323  66.121118 13.711  252.12  247.93  240.43
 198    13.038 56621.76759358 25.74  52.495795  66.120989 17.637  252.12  247.93  240.43
 198    13.406 56621.76759417 30.53  52.502267  66.120860 20.890  252.12  247.93  240.43
 198    13.288 56621.76759476 31.94  52.508738  66.120731 20.635  252.12  247.93  240.43
 198    13.221 56621.76759535 31.26  52.515210  66.120602 21.401  252.12  247.93  240.43
 199    10.599 56631.68323557 17.69  52.494227  66.121897  3.635 -100.00 -100.00 -100.00
 199    10.859 56631.68323617 18.08  52.500699  66.121768  3.843 -100.00 -100.00 -100.00
 199    10.658 56631.68323676 18.79  52.507171  66.121639  4.573 -100.00 -100.00 -100.00
 199    11.396 56631.68323735 18.58  52.513643  66.121509  4.340 -100.00 -100.00 -100.00
 200     9.771 56641.59887365 15.40  52.494535  66.121569  5.730 -100.00 -100.00 -100.00
 200    10.410 56641.59887424 16.06  52.501007  66.121440  4.876 -100.00 -100.00 -100.00
 200    10.048 56641.59887483 16.10  52.507480  66.121311  5.117 -100.00 -100.00 -100.00
 200    10.577 56641.59887542 16.12  52.513952  66.121181  4.359 -100.00 -100.00 -100.00
 201     9.792 56651.51452159 12.06  52.488517  66.119600 16.287 -100.00 -100.00 -100.00
 201     9.806 56651.51452218 13.20  52.494989  66.119472 17.464 -100.00 -100.00 -100.00
 201    10.318 56651.51452277 13.93  52.501461  66.119343 16.757 -100.00 -100.00 -100.00
 201    10.140 56651.51452336 15.41  52.507933  66.119213 17.525 -100.00 -100.00 -100.00
 201    10.260 56651.51452395 15.78  52.514405  66.119084 12.609 -100.00 -100.00 -100.00
 202    39.500 56661.43017199 10.52  52.492144  66.117360 10.655 -100.00 -100.00 -100.00
 202     9.583 56661.43017258 11.57  52.498615  66.117231  9.788 -100.00 -100.00 -100.00
 202     9.791 56661.43017317 11.63  52.505087  66.117102  8.589 -100.00 -100.00 -100.00
 202    10.027 56661.43017376 12.32  52.511558  66.116972  5.375 -100.00 -100.00 -100.00
 202    10.076 56661.43017435 12.24  52.518030  66.116843  4.995 -100.00 -100.00 -100.00
 203    39.530 56671.34581888  9.79  52.491567  66.116899  9.770  240.32  232.06  214.45
 203     9.881 56671.34582006 11.83  52.504510  66.116641 12.739  240.32  232.06  214.45
 203    10.383 56671.34582065 11.73  52.510982  66.116512 11.212  240.32  232.06  214.45
 203    10.192 56671.34582124 12.59  52.517453  66.116382 10.441  240.32  232.06  214.45
 205    39.534 56691.17710717  8.46  52.493223  66.120718  9.391  243.16  234.60  215.63
 205    38.756 56691.17710776 10.79  52.499695  66.120589 12.926  243.16  234.60  215.63
 205    38.822 56691.17710835  9.89  52.506167  66.120460  9.677  243.16  234.60  215.63
 205    10.318 56691.17710894 11.78  52.512639  66.120330 13.575  243.16  234.60  215.63
 206    39.706 56701.09274640 10.21  52.490323  66.121324  6.312 -100.00 -100.00 -100.00
 206    39.447 56701.09274699 11.13  52.496795  66.121195  7.596 -100.00 -100.00 -100.00
 206    38.850 56701.09274758 11.97  52.503267  66.121066  8.737 -100.00 -100.00 -100.00
 206     9.811 56701.09274817 12.90  52.509739  66.120937 10.107 -100.00 -100.00 -100.00
 207    39.128 56711.00838114 12.19  52.490922  66.119901  6.947 -100.00 -100.00 -100.00
 207    38.403 56711.00838173 12.97  52.497393  66.119773  6.844 -100.00 -100.00 -100.00
 207     8.961 56711.00838232 14.10  52.503864  66.119644  6.809 -100.00 -100.00 -100.00
 207     8.737 56711.00838291 15.14  52.510336  66.119515  7.257 -100.00 -100.00 -100.00
 208    39.153 56720.92402483 10.72  52.490944  66.118516  7.001 -100.00 -100.00 -100.00
 208    38.757 56720.92402542 10.20  52.497414  66.118387  6.112 -100.00 -100.00 -100.00
 208    38.648 56720.92402601 10.38  52.503885  66.118258  5.916 -100.00 -100.00 -100.00
 208    10.704 56720.92402660 11.26  52.510356  66.118129  6.910 -100.00 -100.00 -100.00
 208    11.410 56720.92402719 11.28  52.516827  66.117999  6.244 -100.00 -100.00 -100.00
 209     8.145 56730.83967683 13.47  52.492757  66.118459 11.156 -100.00 -100.00 -100.00
 209     8.238 56730.83967742 16.45  52.499227  66.118331 17.973 -100.00 -100.00 -100.00
 209     8.139 56730.83967801 16.46  52.505698  66.118201 16.794 -100.00 -100.00 -100.00
 209     8.049 56730.83967860 17.48  52.512169  66.118072 19.356 -100.00 -100.00 -100.00
 211    39.965 56750.67096880  9.90  52.494527  66.122756  6.480 -100.00 -100.00 -100.00
 211    39.477 56750.67096939 10.21  52.500999  66.122627  7.856 -100.00 -100.00 -100.00
 211    38.923 56750.67096998 10.38  52.507471  66.122498  7.820 -100.00 -100.00 -100.00
 211    38.620 56750.67097057 10.47  52.513942  66.122368  7.185 -100.00 -100.00 -100.00
 212    39.821 56760.58660727 10.67  52.490488  66.123741  4.476 -100.00 -100.00 -100.00
 212    39.440 56760.58660786 11.17  52.496961  66.123612  5.051 -100.00 -100.00 -100.00
 212    38.642 56760.58660845 11.09  52.503433  66.123483  5.607 -100.00 -100.00 -100.00
 212    38.640 56760.58660904 10.95  52.509906  66.123354  5.066 -100.00 -100.00 -100.00
 213    40.174 56770.50223940 26.29  52.488580  66.122886 19.572  258.94  255.57  251.15
 213    39.909 56770.50223999 24.28  52.495053  66.122758 13.295  258.94  255.57  251.15
 213    39.551 56770.50224058 22.83  52.501525  66.122629 13.184  258.94  255.57  251.15
 213    39.158 56770.50224117 22.96  52.507997  66.122500 14.014  258.94  255.57  251.15
 213    38.725 56770.50224176 19.70  52.514470  66.122371  8.900  258.94  255.57  251.15
 214    10.416 56780.41789228 20.52  52.489712  66.121100  6.994 -100.00 -100.00 -100.00
 214    10.494 56780.41789287 22.40  52.496184  66.120971  9.879 -100.00 -100.00 -100.00
 214    10.517 56780.41789346 22.14  52.502656  66.120842  7.992 -100.00 -100.00 -100.00
 214    10.469 56780.41789405 23.04  52.509128  66.120713  8.514 -100.00 -100.00 -100.00
 214    10.381 56780.41789464 24.88  52.515600  66.120583 13.183 -100.00 -100.00 -100.00
 215    39.810 56790.33354761 35.06  52.492099  66.120076 18.976 -100.00 -100.00 -100.00
 215    12.677 56790.33354821 40.72  52.498571  66.119947   -100 -100.00 -100.00 -100.00
 215    12.790 56790.33354880 41.78  52.505042  66.119818   -100 -100.00 -100.00 -100.00
 215    12.385 56790.33354939 43.27  52.511514  66.119688  0.689 -100.00 -100.00 -100.00
 216    40.094 56800.24919941 32.34  52.490685  66.120443 15.330 -100.00 -100.00 -100.00
 216    39.911 56800.24920000 30.47  52.497157  66.120313 12.300 -100.00 -100.00 -100.00
 216    39.510 56800.24920059 29.34  52.503629  66.120184  9.710 -100.00 -100.00 -100.00
 216    38.627 56800.24920118 31.01  52.510100  66.120054 12.560 -100.00 -100.00 -100.00
 217    40.329 56810.16484444 26.57  52.488467  66.121481  8.779 -100.00 -100.00 -100.00
 217    39.743 56810.16484503 27.52  52.494938  66.121352  9.895 -100.00 -100.00 -100.00
 217    14.249 56810.16484562 30.04  52.501410  66.121222 16.624 -100.00 -100.00 -100.00
 217    14.576 56810.16484621 30.50  52.507882  66.121093 12.316 -100.00 -100.00 -100.00
 217    14.775 56810.16484680 31.23  52.514353  66.120963 12.027 -100.00 -100.00 -100.00
 219    13.285 56829.99612129 42.27  52.491530  66.119867 18.933  258.54  260.16  259.67
 219    13.102 56829.99612188 47.50  52.498001  66.119738 28.174  258.54  260.16  259.67
 219    13.163 56829.99612247 50.64  52.504472  66.119609 32.720  258.54  260.16  259.67
 219    12.911 56829.99612306 52.04  52.510943  66.119479   -100  258.54  260.16  259.67
 220    13.184 56839.91175427 42.65  52.490239  66.117846   -100 -100.00 -100.00 -100.00
 220    13.108 56839.91175486 47.22  52.496710  66.117717   -100 -100.00 -100.00 -100.00
 220    12.642 56839.91175545 50.54  52.503180  66.117588 24.707 -100.00 -100.00 -100.00
 220    12.631 56839.91175604 54.48  52.509650  66.117459   -100 -100.00 -100.00 -100.00
 220    12.668 56839.91175663 53.45  52.516120  66.117329 24.200 -100.00 -100.00 -100.00
 221     9.817 56849.82738815 37.37  52.488898  66.117316 26.900  257.92  257.61  258.75
 221    10.290 56849.82738874 40.27  52.495369  66.117187 22.679  257.92  257.61  258.75
 221    10.272 56849.82738933 52.17  52.501839  66.117058   -100  257.92  257.61  258.75
 221     9.991 56849.82738992 56.33  52.508309  66.116929 23.029  257.92  257.61  258.75
 221    10.101 56849.82739052 54.06  52.514779  66.116800   -100  257.92  257.61  258.75
 222     9.938 56859.74304274 20.52  52.490016  66.118663  7.870 -100.00 -100.00 -100.00
 222    10.371 56859.74304333 21.55  52.496487  66.118535  9.268 -100.00 -100.00 -100.00
 222    11.471 56859.74304392 22.19  52.502957  66.118406  8.146 -100.00 -100.00 -100.00
 222     8.197 56859.74304451 26.30  52.509428  66.118276 17.111 -100.00 -100.00 -100.00
 222    11.136 56859.74304510 27.30  52.515898  66.118147 16.314 -100.00 -100.00 -100.00
 223     7.653 56869.65869646 39.18  52.491388  66.120729 15.532 -100.00 -100.00 -100.00
 223     7.761 56869.65869705 42.22  52.497860  66.120600 17.762 -100.00 -100.00 -100.00
 223     7.032 56869.65869764 47.44  52.504331  66.120471   -100 -100.00 -100.00 -100.00
 223     7.208 56869.65869823 52.04  52.510802  66.120341   -100 -100.00 -100.00 -100.00
 224     8.498 56879.57434773 21.04  52.492657  66.121476  9.103 -100.00 -100.00 -100.00
 224     7.212 56879.57434832 24.11  52.499129  66.121347 13.791 -100.00 -100.00 -100.00
 224     6.858 56879.57434891 26.64  52.505600  66.121218 20.645 -100.00 -100.00 -100.00
 224     7.528 56879.57434950 28.38  52.512072  66.121088 20.930 -100.00 -100.00 -100.00
 225     6.809 56889.48999547 22.14  52.493710  66.120458 11.361 -100.00 -100.00 -100.00
 225     7.106 56889.48999606 23.60  52.500182  66.120329 12.896 -100.00 -100.00 -100.00
 225     6.965 56889.48999665 26.47  52.506653  66.120200 16.124 -100.00 -100.00 -100.00
 225     7.124 56889.48999724 26.81  52.513125  66.120070 18.717 -100.00 -100.00 -100.00
 226     7.302 56899.40564038 21.49  52.493814  66.118889  8.750 -100.00 -100.00 -100.00
 226    10.390 56899.40564097 23.20  52.500286  66.118760 11.878 -100.00 -100.00 -100.00
 226     7.193 56899.40564156 29.07  52.506757  66.118630 23.229 -100.00 -100.00 -100.00
 226     7.453 56899.40564215 25.13  52.513229  66.118501 12.588 -100.00 -100.00 -100.00
 227     6.652 56909.32128266 22.92  52.490015  66.119013 10.806 -100.00 -100.00 -100.00
 227     7.250 56909.32128325 24.83  52.496486  66.118884 11.997 -100.00 -100.00 -100.00
 227     7.571 56909.32128384 29.26  52.502958  66.118754 17.547 -100.00 -100.00 -100.00
 227     6.943 56909.32128443 30.95  52.509429  66.118625 26.063 -100.00 -100.00 -100.00
 227     7.080 56909.32128502 33.02  52.515901  66.118495 30.476 -100.00 -100.00 -100.00
 228     8.016 56919.23692351 29.22  52.490102  66.120810 24.718 -100.00 -100.00 -100.00
 228     8.107 56919.23692410 23.72  52.496574  66.120681 12.757 -100.00 -100.00 -100.00
 228     7.838 56919.23692469 27.17  52.503046  66.120552 22.386 -100.00 -100.00 -100.00
 228     7.847 56919.23692528 26.36  52.509518  66.120422 19.321 -100.00 -100.00 -100.00
 228     7.940 56919.23692587 26.64  52.515989  66.120292 19.125 -100.00 -100.00 -100.00
 229     8.072 56929.15256235 33.42  52.491023  66.123028 22.567 -100.00 -100.00 -100.00
 229     8.254 56929.15256294 38.43  52.497495  66.122899 23.588 -100.00 -100.00 -100.00
 229     8.451 56929.15256353 49.55  52.503968  66.122769   -100 -100.00 -100.00 -100.00
 229     8.173 56929.15256412 41.19  52.510440  66.122640   -100 -100.00 -100.00 -100.00
 230     8.431 56939.06819651 28.22  52.489630  66.123875 15.222 -100.00 -100.00 -100.00
 230     7.813 56939.06819710 28.60  52.496103  66.123746 20.136 -100.00 -100.00 -100.00
 230     8.091 56939.06819769 27.19  52.502575  66.123617 17.810 -100.00 -100.00 -100.00
 230     7.971 56939.06819828 27.34  52.509048  66.123488 15.861 -100.00 -100.00 -100.00
 230     8.069 56939.06819887 27.85  52.515520  66.123358 17.800 -100.00 -100.00 -100.00
 231     8.532 56948.98383186 40.22  52.490144  66.122914 18.442 -100.00 -100.00 -100.00
 231     7.903 56948.98383246 42.30  52.496616  66.122786 25.047 -100.00 -100.00 -100.00
 231     7.918 56948.98383305 48.43  52.503088  66.122657   -100 -100.00 -100.00 -100.00
 231     7.679 56948.98383364 51.50  52.509560  66.122528   -100 -100.00 -100.00 -100.00
 232     7.310 56958.89948503 41.15  52.494462  66.120949   -100 -100.00 -100.00 -100.00
 232     7.231 56958.89948562 39.46  52.500933  66.120820   -100 -100.00 -100.00 -100.00
 232     7.344 56958.89948621 39.22  52.507404  66.120691   -100 -100.00 -100.00 -100.00
 232     7.460 56958.89948680 41.79  52.513876  66.120562   -100 -100.00 -100.00 -100.00
 233     8.426 56968.81513220 26.18  52.490095  66.120003  9.600 -100.00 -100.00 -100.00
 233     8.422 56968.81513279 30.34  52.496566  66.119874 17.778 -100.00 -100.00 -100.00
 233     7.962 56968.81513338 28.80  52.503037  66.119745 14.123 -100.00 -100.00 -100.00
 233     9.194 56968.81513397 27.46  52.509508  66.119616 12.212 -100.00 -100.00 -100.00
 233     7.946 56968.81513456 27.79  52.515979  66.119486 12.174 -100.00 -100.00 -100.00
 234     8.511 56978.73077570 28.61  52.488557  66.120329 14.592 -100.00 -100.00 -100.00
 234     8.210 56978.73077629 32.62  52.495029  66.120201 22.782 -100.00 -100.00 -100.00
 234     8.360 56978.73077688 32.02  52.501500  66.120072 21.601 -100.00 -100.00 -100.00
 234     8.150 56978.73077747 32.25  52.507971  66.119942 23.391 -100.00 -100.00 -100.00
 234     8.048 56978.73077806 32.26  52.514443  66.119813 24.328 -100.00 -100.00 -100.00
 235     8.216 56988.64641541 26.95  52.494442  66.121001 11.992 -100.00 -100.00 -100.00
 235     8.135 56988.64641600 27.31  52.500914  66.120873 12.456 -100.00 -100.00 -100.00
 235     7.944 56988.64641659 28.04  52.507385  66.120743 12.984 -100.00 -100.00 -100.00
 235     8.082 56988.64641718 27.06  52.513857  66.120614 11.256 -100.00 -100.00 -100.00
 236    39.998 56998.56204786 10.87  52.488648  66.121101 10.643 -100.00 -100.00 -100.00
 236     9.464 56998.56204845 17.20  52.495120  66.120973 31.473 -100.00 -100.00 -100.00
 236    39.058 56998.56204904 16.11  52.501592  66.120844 25.245 -100.00 -100.00 -100.00
 236    10.251 56998.56204963 18.06  52.508064  66.120715 24.860 -100.00 -100.00 -100.00
 236    10.570 56998.56205022 18.61  52.514536  66.120586 24.988 -100.00 -100.00 -100.00
 237    40.123 57008.47769792 12.83  52.488326  66.119890 14.238  256.34  253.57  249.48
 237    38.909 57008.47769851 16.59  52.494798  66.119761 23.655  256.34  253.57  249.48
 237     9.567 57008.47769910 19.01  52.501270  66.119633   -100  256.34  253.57  249.48
 237    10.065 57008.47769969 18.79  52.507742  66.119503 27.597  256.34  253.57  249.48
 237    10.552 57008.47770028 19.45  52.514214  66.119374 28.531  256.34  253.57  249.48
 238    40.259 57018.39335105 15.17  52.489911  66.118248 13.986 -100.00 -100.00 -100.00
 238    39.942 57018.39335164 13.92  52.496383  66.118119 10.978 -100.00 -100.00 -100.00
 238    39.585 57018.39335223 13.55  52.502855  66.117990 11.326 -100.00 -100.00 -100.00
 238     9.844 57018.39335282 20.90  52.509327  66.117861   -100 -100.00 -100.00 -100.00
 238    10.461 57018.39335341 19.89  52.515798  66.117731 24.129 -100.00 -100.00 -100.00
 239    40.218 57028.30900105 11.60  52.492454  66.117719  8.942 -100.00 -100.00 -100.00
 239    39.596 57028.30900164 12.79  52.498926  66.117590 12.561 -100.00 -100.00 -100.00
 239     9.986 57028.30900223 18.68  52.505397  66.117461 27.119 -100.00 -100.00 -100.00
 239    10.302 57028.30900282 18.53  52.511869  66.117331 27.663 -100.00 -100.00 -100.00
 240    40.013 57038.22464900 13.43  52.491038  66.118872 15.473 -100.00 -100.00 -100.00
 240    39.557 57038.22464959 13.74  52.497510  66.118743 15.409 -100.00 -100.00 -100.00
 240     9.746 57038.22465018 18.93  52.503982  66.118614   -100 -100.00 -100.00 -100.00
 240    10.193 57038.22465077 19.07  52.510453  66.118484 25.641 -100.00 -100.00 -100.00
 240    10.468 57038.22465136 19.55  52.516925  66.118355 25.280 -100.00 -100.00 -100.00
 241     9.297 57048.14029478 18.10  52.492981  66.120373 21.850 -100.00 -100.00 -100.00
 241    39.000 57048.14029537 15.72  52.499453  66.120244 12.699 -100.00 -100.00 -100.00
 241    10.119 57048.14029596 19.63  52.505925  66.120115 22.159 -100.00 -100.00 -100.00
 241    10.165 57048.14029656 20.92  52.512396  66.119985 23.082 -100.00 -100.00 -100.00
 242     8.659 57058.05593624 18.03  52.489280  66.121254  9.025 -100.00 -100.00 -100.00
 242     9.501 57058.05593683 18.35  52.495752  66.121126  8.237 -100.00 -100.00 -100.00
 242     9.312 57058.05593742 18.26  52.502224  66.120997  6.304 -100.00 -100.00 -100.00
 242    10.019 57058.05593801 18.60  52.508695  66.120867  5.188 -100.00 -100.00 -100.00
 242    10.553 57058.05593860 19.20  52.515167  66.120738  6.270 -100.00 -100.00 -100.00
 243     9.143 57067.97157269 17.02  52.492077  66.120682  6.961 -100.00 -100.00 -100.00
 243     9.835 57067.97157328 17.28  52.498548  66.120553  7.161 -100.00 -100.00 -100.00
 243     9.695 57067.97157387 18.35  52.505019  66.120424  8.388 -100.00 -100.00 -100.00
 243    10.460 57067.97157446 17.51  52.511491  66.120295  5.325 -100.00 -100.00 -100.00
 244    37.569 57077.88720421 15.66  52.488151  66.120178  8.914 -100.00 -100.00 -100.00
 244     9.137 57077.88720480 17.85  52.494622  66.120050 12.861 -100.00 -100.00 -100.00
 244     9.855 57077.88720539 17.00  52.501093  66.119921  9.660 -100.00 -100.00 -100.00
 244    10.504 57077.88720598 17.20  52.507564  66.119792  8.261 -100.00 -100.00 -100.00
 244    10.474 57077.88720658 18.39  52.514035  66.119662  9.659 -100.00 -100.00 -100.00
 245    39.464 57087.80283787 13.93  52.493059  66.120306  8.632  242.94  234.75  219.99
 245    38.931 57087.80283846 14.61  52.499531  66.120177  9.954  242.94  234.75  219.99
 245    38.451 57087.80283905 13.81  52.506002  66.120048  7.718  242.94  234.75  219.99
 245    10.271 57087.80283964 16.71  52.512473  66.119919 12.448  242.94  234.75  219.99
 246    40.022 57097.71849613 12.27  52.489508  66.121692  7.612 -100.00 -100.00 -100.00
 246    39.652 57097.71849672 11.83  52.495980  66.121564  7.062 -100.00 -100.00 -100.00
 246    39.345 57097.71849732 11.93  52.502451  66.121435  7.667 -100.00 -100.00 -100.00
 246    38.978 57097.71849791 11.80  52.508923  66.121305  8.361 -100.00 -100.00 -100.00
 246    38.290 57097.71849850 12.27  52.515394  66.121176  8.695 -100.00 -100.00 -100.00
 247    39.884 57107.63415189 11.99  52.490526  66.123076  6.191 -100.00 -100.00 -100.00
 247    39.459 57107.63415248 12.82  52.496999  66.122947  7.497 -100.00 -100.00 -100.00
 247    39.150 57107.63415307 12.03  52.503471  66.122818  6.168 -100.00 -100.00 -100.00
 247    38.838 57107.63415367 12.59  52.509943  66.122689  5.699 -100.00 -100.00 -100.00
 248    38.952 57117.54980260 10.27  52.490795  66.123370  9.378 -100.00 -100.00 -100.00
 248     6.884 57117.54980319 11.43  52.497268  66.123242 11.783 -100.00 -100.00 -100.00
 248    37.555 57117.54980378 11.13  52.503740  66.123112 11.093 -100.00 -100.00 -100.00
 248     7.618 57117.54980437 11.34  52.510212  66.122983 10.335 -100.00 -100.00 -100.00
 249     8.752 57127.46544719 11.83  52.491575  66.122347  9.906 -100.00 -100.00 -100.00
 249    10.753 57127.46544778 11.37  52.498047  66.122218  7.440 -100.00 -100.00 -100.00
 249    10.583 57127.46544837 12.53  52.504519  66.122089  8.876 -100.00 -100.00 -100.00
 249     6.378 57127.46544896 15.61  52.510991  66.121960 13.257 -100.00 -100.00 -100.00
 250    39.243 57137.38108628 11.37  52.491834  66.121013  9.419 -100.00 -100.00 -100.00
 250    37.993 57137.38108687 11.60  52.498306  66.120884  8.839 -100.00 -100.00 -100.00
 250    38.700 57137.38108746 11.26  52.504778  66.120755  7.525 -100.00 -100.00 -100.00
 250    11.158 57137.38108805 11.70  52.511250  66.120625  7.200 -100.00 -100.00 -100.00
