# NaN NaN NaN ;Mean Elev.(m), Avg Gradient(m/km), RMS Gradient(m/km) - SRTM1     
#  -11.866  -4.155   8.894 ;Mean Elev.(m), Avg Gradient(m/km), RMS Gradient(m/km) - ASTER GDEM
#   30.000  -6.671  11.698 ;Mean Elev.(m), Avg Gradient(m/km), RMS Gradient(m/km) - GMTED2010 
   2    11.655 54669.40169912 36.52  52.202121  65.719064   -100  283.99  282.96  281.93
   2    11.422 54669.40169971 33.01  52.208387  65.718572   -100  283.99  282.96  281.93
   2    11.660 54669.40170030 28.82  52.214652  65.718079 22.303  283.99  282.96  281.93
   2    17.114 54669.40170089 24.28  52.220918  65.717585 13.638  283.99  282.96  281.93
   3     2.555 54679.31734313 19.78  52.201107  65.719841  5.518 -100.00 -100.00 -100.00
   3     3.922 54679.31734372 20.71  52.207372  65.719348  7.009 -100.00 -100.00 -100.00
   3     4.613 54679.31734431 20.40  52.213638  65.718855  6.354 -100.00 -100.00 -100.00
   3     5.430 54679.31734490 20.43  52.219904  65.718362  5.864 -100.00 -100.00 -100.00
   4    11.337 54689.23298505 32.68  52.190514  65.722114 29.215  268.26  267.23  267.46
   4    11.554 54689.23298564 30.71  52.196780  65.721622 21.267  268.26  267.23  267.46
   4    11.455 54689.23298623 28.67  52.203047  65.721130 15.834  268.26  267.23  267.46
   4    10.886 54689.23298682 27.08  52.209313  65.720637 16.431  268.26  267.23  267.46
   4    16.771 54689.23298741 23.86  52.215578  65.720144 11.636  268.26  267.23  267.46
   5     3.379 54699.14862582 21.15  52.189727  65.723130  5.828 -100.00 -100.00 -100.00
   5     4.727 54699.14862641 23.81  52.195994  65.722638  8.626 -100.00 -100.00 -100.00
   5     5.798 54699.14862700 25.07  52.202260  65.722145  9.519 -100.00 -100.00 -100.00
   5     6.606 54699.14862759 27.09  52.208527  65.721653 11.397 -100.00 -100.00 -100.00
   5     7.413 54699.14862818 28.13  52.214793  65.721160 12.033 -100.00 -100.00 -100.00
   6    77.531 54709.06427006  4.79  52.192332  65.722058  8.458 -100.00 -100.00 -100.00
   6    78.795 54709.06427065  3.03  52.198598  65.721566  5.669 -100.00 -100.00 -100.00
   6    78.307 54709.06427124  5.09  52.204865  65.721073  9.063 -100.00 -100.00 -100.00
   6    83.962 54709.06427183  1.09  52.211130  65.720581  4.724 -100.00 -100.00 -100.00
   7    12.773 54718.97992238 30.60  52.199902  65.719329 31.150 -100.00 -100.00 -100.00
   7    12.915 54718.97992297 27.84  52.206168  65.718836 21.973 -100.00 -100.00 -100.00
   7    12.426 54718.97992356 29.83  52.212433  65.718343 31.250 -100.00 -100.00 -100.00
   7    11.898 54718.97992415 21.32  52.218697  65.717850  7.948 -100.00 -100.00 -100.00
   8    79.515 54728.89557128 18.67  52.198832  65.717179  9.307 -100.00 -100.00 -100.00
   8    79.389 54728.89557187 19.73  52.205097  65.716686 10.284 -100.00 -100.00 -100.00
   8    79.573 54728.89557246 25.80  52.211361  65.716193 13.248 -100.00 -100.00 -100.00
   8    76.011 54728.89557305 30.76  52.217626  65.715700   -100 -100.00 -100.00 -100.00
   9    77.758 54738.81121863  4.94  52.198786  65.716410  8.945 -100.00 -100.00 -100.00
   9    77.186 54738.81121922  5.57  52.205050  65.715918  7.572 -100.00 -100.00 -100.00
   9    81.961 54738.81121981  1.46  52.211314  65.715425  5.172 -100.00 -100.00 -100.00
  10    68.155 54748.72686567  2.42  52.197173  65.717159  4.242 -100.00 -100.00 -100.00
  10    18.807 54748.72686626 12.64  52.203438  65.716666 17.977 -100.00 -100.00 -100.00
  10    17.957 54748.72686685 13.06  52.209702  65.716173 19.396 -100.00 -100.00 -100.00
  10    16.560 54748.72686744 15.99  52.215967  65.715680 11.143 -100.00 -100.00 -100.00
  10    18.106 54748.72686803 23.81  52.222231  65.715186  8.371 -100.00 -100.00 -100.00
  11    81.281 54758.64251271  1.63  52.198702  65.717980  5.907 -100.00 -100.00 -100.00
  11    82.994 54758.64251331  1.29  52.204968  65.717487  5.464 -100.00 -100.00 -100.00
  12    57.558 54768.55815749 13.95  52.199634  65.718102 14.529 -100.00 -100.00 -100.00
  12    65.776 54768.55815808 16.62  52.205899  65.717609  6.699 -100.00 -100.00 -100.00
  12    65.516 54768.55815867 18.75  52.212165  65.717116  9.443 -100.00 -100.00 -100.00
  12    64.053 54768.55815926 24.76  52.218430  65.716622 20.763 -100.00 -100.00 -100.00
  13    13.157 54778.47379906 43.03  52.201864  65.716971   -100 -100.00 -100.00 -100.00
  13    13.073 54778.47379965 42.25  52.208129  65.716478   -100 -100.00 -100.00 -100.00
  13    13.236 54778.47380024 44.90  52.214395  65.715984  0.210 -100.00 -100.00 -100.00
  13    13.269 54778.47380083 45.27  52.220660  65.715491 11.684 -100.00 -100.00 -100.00
  14    78.231 54788.38943755  9.27  52.197052  65.716139 15.839 -100.00 -100.00 -100.00
  14    79.290 54788.38943814 13.63  52.203317  65.715647  7.721 -100.00 -100.00 -100.00
  14    75.767 54788.38943873 14.43  52.209583  65.715154 12.699 -100.00 -100.00 -100.00
  14    75.689 54788.38943932 19.82  52.215848  65.714660 19.819 -100.00 -100.00 -100.00
  14    75.746 54788.38943991 20.51  52.222113  65.714167 27.972 -100.00 -100.00 -100.00
  15    78.101 54798.30507569 13.08  52.199467  65.715806 15.510 -100.00 -100.00 -100.00
  15    75.656 54798.30507628 13.55  52.205732  65.715314 14.967 -100.00 -100.00 -100.00
  15    75.997 54798.30507687 17.17  52.211997  65.714821 20.640 -100.00 -100.00 -100.00
  15    75.911 54798.30507746 18.32  52.218263  65.714327 21.552 -100.00 -100.00 -100.00
  17    11.866 54818.13635089 28.28  52.199848  65.719133 22.354 -100.00 -100.00 -100.00
  17    11.752 54818.13635148 28.72  52.206114  65.718640 26.267 -100.00 -100.00 -100.00
  17    11.796 54818.13635207 31.18  52.212379  65.718147   -100 -100.00 -100.00 -100.00
  17    11.907 54818.13635266 30.85  52.218645  65.717654 31.409 -100.00 -100.00 -100.00
  18    12.104 54828.05200157 21.51  52.198108  65.720110 12.179 -100.00 -100.00 -100.00
  18    11.811 54828.05200216 22.00  52.204375  65.719617 12.719 -100.00 -100.00 -100.00
  18    11.970 54828.05200275 21.19  52.210640  65.719124 10.877 -100.00 -100.00 -100.00
  18    11.658 54828.05200334 22.81  52.216906  65.718631 15.184 -100.00 -100.00 -100.00
  18    11.798 54828.05200393 20.66  52.223171  65.718138 10.627 -100.00 -100.00 -100.00
  19    14.144 54837.96764077 16.32  52.200484  65.719692  4.983 -100.00 -100.00 -100.00
  19    13.766 54837.96764136 15.98  52.206750  65.719199  4.604 -100.00 -100.00 -100.00
  19    13.312 54837.96764195 16.04  52.213015  65.718706  4.374 -100.00 -100.00 -100.00
  19    13.277 54837.96764254 15.86  52.219280  65.718213  4.171 -100.00 -100.00 -100.00
  20    13.128 54847.88329122 15.49  52.212619  65.718614  4.139 -100.00 -100.00 -100.00
  20    13.314 54847.88329181 15.44  52.218884  65.718121  3.979 -100.00 -100.00 -100.00
  23    16.562 54877.63023712 14.74  52.216133  65.719380  3.668 -100.00 -100.00 -100.00
  23    13.459 54877.63023771 14.68  52.222399  65.718887  3.594 -100.00 -100.00 -100.00
  24    14.395 54887.54588115 15.60  52.204811  65.719136  3.566 -100.00 -100.00 -100.00
  24    14.889 54887.54588174 15.65  52.211076  65.718642  4.861 -100.00 -100.00 -100.00
  24    12.753 54887.54588233 15.67  52.217342  65.718149  4.648 -100.00 -100.00 -100.00
  25    13.084 54897.46152303 16.43  52.205971  65.717154  6.242 -100.00 -100.00 -100.00
  25    12.890 54897.46152362 16.08  52.212237  65.716661  5.481 -100.00 -100.00 -100.00
  25    12.076 54897.46152421 15.91  52.218502  65.716167  5.000 -100.00 -100.00 -100.00
  26    13.621 54907.37716141 18.71  52.197795  65.716626  6.713 -100.00 -100.00 -100.00
  26    13.065 54907.37716200 19.44  52.204061  65.716133  9.265 -100.00 -100.00 -100.00
  26    12.829 54907.37716259 17.06  52.210326  65.715640  5.070 -100.00 -100.00 -100.00
  26    11.698 54907.37716318 19.52  52.216591  65.715146  8.886 -100.00 -100.00 -100.00
  26    11.655 54907.37716377 18.03  52.222856  65.714652  6.331 -100.00 -100.00 -100.00
  28    53.018 54927.20843791  1.41  52.206817  65.716970  5.603 -100.00 -100.00 -100.00
  28    20.613 54927.20843850  6.97  52.213082  65.716477 10.108 -100.00 -100.00 -100.00
  28    21.961 54927.20843909  7.87  52.219347  65.715983  7.928 -100.00 -100.00 -100.00
  29    13.520 54937.12407423 17.91  52.198073  65.718134  8.489 -100.00 -100.00 -100.00
  29     9.707 54937.12407482 20.20  52.204338  65.717642 14.656 -100.00 -100.00 -100.00
  29     9.941 54937.12407541 21.23  52.210603  65.717149 15.375 -100.00 -100.00 -100.00
  29    10.211 54937.12407600 18.58  52.216868  65.716655 11.220 -100.00 -100.00 -100.00
  29    10.909 54937.12407659 17.63  52.223133  65.716162  9.051 -100.00 -100.00 -100.00
  31    59.935 54956.95534344  0.64  52.196951  65.717379  3.350 -100.00 -100.00 -100.00
  31    56.608 54956.95534403  1.07  52.203216  65.716887  4.093 -100.00 -100.00 -100.00
  31    33.448 54956.95534462  7.45  52.209480  65.716394  9.374 -100.00 -100.00 -100.00
  31    21.018 54956.95534521  7.80  52.215745  65.715901  7.454 -100.00 -100.00 -100.00
  31    19.233 54956.95534580 12.10  52.222009  65.715408 10.453 -100.00 -100.00 -100.00
  32    69.028 54966.87099357  8.06  52.212985  65.715487  3.983 -100.00 -100.00 -100.00
  32    71.299 54966.87099416  7.75  52.219249  65.714993  3.528 -100.00 -100.00 -100.00
  33    66.225 54976.78663975 21.29  52.198172  65.716981 17.592 -100.00 -100.00 -100.00
  33    66.297 54976.78664034 26.87  52.204437  65.716488 12.628 -100.00 -100.00 -100.00
  33    66.402 54976.78664093 27.01  52.210701  65.715996 12.935 -100.00 -100.00 -100.00
  33    63.912 54976.78664152 23.80  52.216965  65.715503   -100 -100.00 -100.00 -100.00
  34    16.874 54986.70228765 30.97  52.201839  65.717684 12.578 -100.00 -100.00 -100.00
  34    16.816 54986.70228824 31.05  52.208104  65.717191 12.174 -100.00 -100.00 -100.00
  34    17.253 54986.70228883 30.90  52.214368  65.716698 11.797 -100.00 -100.00 -100.00
  34    17.698 54986.70228942 31.84  52.220633  65.716205 13.435 -100.00 -100.00 -100.00
  37    13.668 55016.44922518 30.56  52.201480  65.719356 21.154  266.72  264.56  266.22
  37    13.552 55016.44922577 27.98  52.207745  65.718863 15.042  266.72  264.56  266.22
  37    16.946 55016.44922636 27.31  52.214011  65.718370 17.938  266.72  264.56  266.22
  37    17.475 55016.44922695 25.41  52.220276  65.717877 13.254  266.72  264.56  266.22
  38    11.545 55026.36486757 47.36  52.200785  65.719838 16.138 -100.00 -100.00 -100.00
  38    12.215 55026.36486816 45.16  52.207051  65.719346 24.279 -100.00 -100.00 -100.00
  38    11.842 55026.36486875 47.79  52.213317  65.718852   -100 -100.00 -100.00 -100.00
  38    11.608 55026.36486934 53.12  52.219582  65.718359  3.608 -100.00 -100.00 -100.00
  39    11.515 55036.28050886 36.62  52.193289  65.721329 26.705 -100.00 -100.00 -100.00
  39    11.551 55036.28050945 39.98  52.199555  65.720836   -100 -100.00 -100.00 -100.00
  39    11.708 55036.28051004 46.01  52.205821  65.720343   -100 -100.00 -100.00 -100.00
  39    12.218 55036.28051063 45.34  52.212087  65.719850 20.635 -100.00 -100.00 -100.00
  39    11.612 55036.28051122 49.94  52.218352  65.719357   -100 -100.00 -100.00 -100.00
  40    11.546 55046.19615016 30.60  52.194891  65.721657 19.019  270.14  268.78  268.90
  40    11.402 55046.19615075 31.87  52.201158  65.721164 30.797  270.14  268.78  268.90
  40    11.287 55046.19615134 31.20  52.207424  65.720671 31.922  270.14  268.78  268.90
  40    11.096 55046.19615193 27.79  52.213690  65.720178 24.654  270.14  268.78  268.90
  41    11.349 55056.11178996 32.04  52.199391  65.720662 22.836  269.54  269.18  267.85
  41    11.267 55056.11179055 30.31  52.205657  65.720169 21.002  269.54  269.18  267.85
  41    11.258 55056.11179114 28.28  52.211922  65.719676 17.571  269.54  269.18  267.85
  41    16.861 55056.11179173 23.82  52.218188  65.719183 10.594  269.54  269.18  267.85
  42     9.604 55066.02742718 35.46  52.200778  65.718777   -100  264.89  263.59  263.49
  42    10.558 55066.02742777 27.69  52.207044  65.718284 20.422  264.89  263.59  263.49
  42    10.211 55066.02742836 28.16  52.213309  65.717792 28.487  264.89  263.59  263.49
  42     9.873 55066.02742895 26.10  52.219574  65.717299 18.988  264.89  263.59  263.49
  43    10.862 55075.94307625 28.85  52.199304  65.717164 15.875 -100.00 -100.00 -100.00
  43    10.266 55075.94307684 39.99  52.205569  65.716671   -100 -100.00 -100.00 -100.00
  43    10.298 55075.94307743 35.95  52.211834  65.716179   -100 -100.00 -100.00 -100.00
  43    10.285 55075.94307802 27.34  52.218098  65.715685 16.065 -100.00 -100.00 -100.00
  44     9.867 55085.85872392 33.58  52.197556  65.716729 20.315  260.86  259.07  259.06
  44    10.092 55085.85872451 43.00  52.203821  65.716236   -100  260.86  259.07  259.06
  44    10.947 55085.85872510 41.05  52.210085  65.715743 18.149  260.86  259.07  259.06
  44    10.298 55085.85872569 45.38  52.216349  65.715250   -100  260.86  259.07  259.06
  44    10.103 55085.85872628 51.16  52.222613  65.714756   -100  260.86  259.07  259.06
  45    10.733 55095.77437004 31.28  52.197391  65.717342 21.168 -100.00 -100.00 -100.00
  45    11.249 55095.77437063 29.26  52.203655  65.716849 16.829 -100.00 -100.00 -100.00
  45    11.537 55095.77437122 27.48  52.209920  65.716356 13.098 -100.00 -100.00 -100.00
  45    12.907 55095.77437181 25.45  52.216184  65.715862  8.848 -100.00 -100.00 -100.00
  45    11.095 55095.77437240 28.29  52.222448  65.715369 13.331 -100.00 -100.00 -100.00
  46    79.774 55105.69001598  0.51  52.198156  65.717857  4.581 -100.00 -100.00 -100.00
  46    77.162 55105.69001657  5.93  52.204421  65.717365 10.161 -100.00 -100.00 -100.00
  46    75.217 55105.69001716  5.68  52.210686  65.716871 11.100 -100.00 -100.00 -100.00
  46    77.127 55105.69001775  8.22  52.216950  65.716378 12.727 -100.00 -100.00 -100.00
  46    77.926 55105.69001834 10.95  52.223215  65.715884  8.686 -100.00 -100.00 -100.00
  48    76.135 55125.52130507  8.57  52.200651  65.716436 15.038 -100.00 -100.00 -100.00
  48    81.293 55125.52130566  1.09  52.206916  65.715944  6.861 -100.00 -100.00 -100.00
  49    10.447 55135.43694561 35.87  52.199308  65.715809 29.267  257.77  255.48  254.03
  49    10.351 55135.43694620 39.91  52.205573  65.715316   -100  257.77  255.48  254.03
  49    10.553 55135.43694679 39.09  52.211838  65.714823   -100  257.77  255.48  254.03
  49    10.638 55135.43694738 41.81  52.218103  65.714329   -100  257.77  255.48  254.03
  50     9.720 55145.35258426 40.41  52.200410  65.715820   -100 -100.00 -100.00 -100.00
  50    10.243 55145.35258485 41.01  52.206676  65.715327 32.219 -100.00 -100.00 -100.00
  50    10.894 55145.35258544 42.09  52.212941  65.714834 19.148 -100.00 -100.00 -100.00
  50    10.230 55145.35258603 46.35  52.219206  65.714340   -100 -100.00 -100.00 -100.00
  51    10.927 55155.26822186 31.65  52.198217  65.717241 18.886 -100.00 -100.00 -100.00
  51    10.927 55155.26822245 38.94  52.204483  65.716748   -100 -100.00 -100.00 -100.00
  51    11.022 55155.26822305 37.80  52.210749  65.716255   -100 -100.00 -100.00 -100.00
  51    10.824 55155.26822364 40.78  52.217014  65.715762  2.820 -100.00 -100.00 -100.00
  52    11.001 55165.18385983 28.29  52.197069  65.718592 13.696 -100.00 -100.00 -100.00
  52    11.078 55165.18386042 30.07  52.203335  65.718099 20.415 -100.00 -100.00 -100.00
  52    11.127 55165.18386101 31.44  52.209601  65.717606 22.564 -100.00 -100.00 -100.00
  52    11.199 55165.18386160 33.91  52.215867  65.717113   -100 -100.00 -100.00 -100.00
  52    11.245 55165.18386219 32.68  52.222132  65.716620 29.714 -100.00 -100.00 -100.00
  53    12.913 55175.09949802 23.27  52.200436  65.719346  9.092  254.40  250.69  246.56
  53    12.114 55175.09949861 23.72  52.206702  65.718854  9.414  254.40  250.69  246.56
  53    11.145 55175.09949920 25.76  52.212968  65.718361 13.503  254.40  250.69  246.56
  53    10.963 55175.09949979 25.47  52.219233  65.717868 13.483  254.40  250.69  246.56
  54    13.329 55185.01513849 17.81  52.201159  65.719395  4.455 -100.00 -100.00 -100.00
  54    12.765 55185.01513908 18.14  52.207425  65.718903  4.940 -100.00 -100.00 -100.00
  54    12.527 55185.01513967 17.83  52.213691  65.718410  4.977 -100.00 -100.00 -100.00
  54    12.418 55185.01514026 18.18  52.219956  65.717917  5.103 -100.00 -100.00 -100.00
  55    13.506 55194.93078934 17.58  52.197933  65.719585  4.798  254.04  250.23  241.90
  55    13.161 55194.93078993 17.54  52.204199  65.719092  5.724  254.04  250.23  241.90
  55    12.796 55194.93079052 17.51  52.210464  65.718599  5.530  254.04  250.23  241.90
  55    12.317 55194.93079111 17.95  52.216729  65.718106  6.276  254.04  250.23  241.90
  55    11.553 55194.93079170 18.16  52.222994  65.717613  5.993  254.04  250.23  241.90
  56    13.389 55204.84643923 17.89  52.198686  65.720031  5.504 -100.00 -100.00 -100.00
  56    12.954 55204.84643982 17.81  52.204952  65.719538  6.250 -100.00 -100.00 -100.00
  56    12.281 55204.84644041 18.27  52.211217  65.719045  5.923 -100.00 -100.00 -100.00
  56    11.848 55204.84644100 16.98  52.217482  65.718552  4.834 -100.00 -100.00 -100.00
  57    13.921 55214.76208769 17.93  52.191680  65.721601  4.623  258.33  253.97  244.00
  57    13.926 55214.76208828 18.00  52.197947  65.721109  5.102  258.33  253.97  244.00
  57    13.375 55214.76208887 17.46  52.204212  65.720616  4.832  258.33  253.97  244.00
  57    12.277 55214.76208946 17.44  52.210478  65.720123  4.573  258.33  253.97  244.00
  57    12.624 55214.76209005 17.00  52.216744  65.719629  4.340  258.33  253.97  244.00
  57    10.990 55214.76209064 17.39  52.223009  65.719136  4.772  258.33  253.97  244.00
  58    14.048 55224.67773642 18.58  52.192603  65.721700  4.817  252.96  246.39  230.40
  58    14.669 55224.67773701 18.81  52.198869  65.721208  6.244  252.96  246.39  230.40
  58    15.459 55224.67773760 18.32  52.205135  65.720715  5.669  252.96  246.39  230.40
  58    16.161 55224.67773819 18.10  52.211401  65.720221  4.822  252.96  246.39  230.40
  58    16.771 55224.67773878 17.94  52.217667  65.719728  4.754  252.96  246.39  230.40
  59    14.275 55234.59338404 17.57  52.200823  65.719573  4.225 -100.00 -100.00 -100.00
  59    12.645 55234.59338463 18.01  52.207089  65.719080  4.313 -100.00 -100.00 -100.00
  59    12.228 55234.59338522 17.44  52.213354  65.718587  4.342 -100.00 -100.00 -100.00
  59    11.957 55234.59338581 17.34  52.219620  65.718093  4.721 -100.00 -100.00 -100.00
  60    13.983 55244.50902729 18.16  52.196913  65.717456  4.885  249.17  239.41  218.45
  60    13.836 55244.50902788 18.03  52.203178  65.716963  4.211  249.17  239.41  218.45
  60    12.958 55244.50902847 17.53  52.209444  65.716470  4.312  249.17  239.41  218.45
  60    12.153 55244.50902906 18.39  52.215709  65.715976  5.596  249.17  239.41  218.45
  60    11.747 55244.50902965 17.99  52.221974  65.715483  5.586  249.17  239.41  218.45
  61    13.744 55254.42466828 16.56  52.200415  65.715377  4.388  251.58  241.83  220.53
  61    12.834 55254.42466887 16.63  52.206680  65.714884  4.970  251.58  241.83  220.53
  61    12.510 55254.42466946 16.70  52.212945  65.714391  5.787  251.58  241.83  220.53
  61    12.244 55254.42467005 15.51  52.219209  65.713898  3.598  251.58  241.83  220.53
  62    14.145 55264.34030668 17.26  52.196349  65.715952  5.415  254.07  244.35  224.06
  62    14.017 55264.34030727 16.78  52.202614  65.715459  4.473  254.07  244.35  224.06
  62    12.896 55264.34030787 16.83  52.208879  65.714966  4.377  254.07  244.35  224.06
  62    15.771 55264.34030846 16.46  52.215144  65.714473  4.935  254.07  244.35  224.06
  62    11.914 55264.34030905 16.98  52.221408  65.713979  5.917  254.07  244.35  224.06
  63    13.873 55274.25594455 16.31  52.196669  65.717786  4.494  251.89  240.80  218.41
  63    13.455 55274.25594514 16.38  52.202934  65.717293  4.023  251.89  240.80  218.41
  63    12.534 55274.25594573 16.40  52.209199  65.716800  4.395  251.89  240.80  218.41
  63    12.145 55274.25594632 15.82  52.215464  65.716307  3.601  251.89  240.80  218.41
  63    11.871 55274.25594691 15.87  52.221729  65.715813  4.360  251.89  240.80  218.41
  64    13.949 55284.17158205 15.86  52.198725  65.718863  4.548 -100.00 -100.00 -100.00
  64    14.361 55284.17158264 15.11  52.204990  65.718370  4.077 -100.00 -100.00 -100.00
  64    12.331 55284.17158323 15.69  52.211256  65.717877  3.951 -100.00 -100.00 -100.00
  64    11.795 55284.17158382 15.13  52.217521  65.717384  3.553 -100.00 -100.00 -100.00
  65     9.626 55294.08721791 25.85  52.198764  65.718270 28.907 -100.00 -100.00 -100.00
  65     9.260 55294.08721850 23.66  52.205030  65.717777 25.191 -100.00 -100.00 -100.00
  65     9.203 55294.08721909 26.88  52.211295  65.717285   -100 -100.00 -100.00 -100.00
  65     9.567 55294.08721968 26.78  52.217559  65.716791   -100 -100.00 -100.00 -100.00
  66     9.294 55304.00285570 24.74  52.200508  65.716394   -100 -100.00 -100.00 -100.00
  66     9.409 55304.00285629 22.10  52.206772  65.715902 22.576 -100.00 -100.00 -100.00
  66     9.856 55304.00285688 21.34  52.213037  65.715409 20.089 -100.00 -100.00 -100.00
  66     9.679 55304.00285747 24.12  52.219300  65.714916 31.327 -100.00 -100.00 -100.00
  67    12.462 55313.91850323 44.38  52.200479  65.715104   -100  258.92  253.96  242.66
  67    12.246 55313.91850382 38.21  52.206743  65.714611   -100  258.92  253.96  242.66
  67    12.189 55313.91850441 35.26  52.213006  65.714118   -100  258.92  253.96  242.66
  67    12.243 55313.91850500 32.61  52.219270  65.713625 26.834  258.92  253.96  242.66
  69   103.055 55333.74979286  6.92  52.202256  65.717662  9.914 -100.00 -100.00 -100.00
  69   104.255 55333.74979345 11.71  52.208521  65.717169 12.059 -100.00 -100.00 -100.00
  69   104.853 55333.74979404 12.72  52.214785  65.716676 11.503 -100.00 -100.00 -100.00
  69    89.223 55333.74979463 15.84  52.221049  65.716182 12.231 -100.00 -100.00 -100.00
  70    15.682 55343.66543633 26.65  52.197741  65.719489 10.103 -100.00 -100.00 -100.00
  70    15.746 55343.66543693 26.03  52.204006  65.718997  9.421 -100.00 -100.00 -100.00
  70    16.140 55343.66543752 24.85  52.210271  65.718504  7.904 -100.00 -100.00 -100.00
  70    17.027 55343.66543811 23.65  52.216536  65.718011  5.838 -100.00 -100.00 -100.00
  70    17.332 55343.66543870 24.74  52.222800  65.717517  8.222 -100.00 -100.00 -100.00
  71    13.304 55353.58108017 34.06  52.201823  65.719238   -100  263.70  262.37  263.75
  71    12.778 55353.58108076 30.31  52.208089  65.718745 27.284  263.70  262.37  263.75
  71    16.530 55353.58108135 23.33  52.214354  65.718252  8.494  263.70  262.37  263.75
  71    17.351 55353.58108194 22.78  52.220619  65.717758  8.505  263.70  262.37  263.75
  72    82.876 55363.49672125 20.86  52.198860  65.719075   -100 -100.00 -100.00 -100.00
  72    79.398 55363.49672184 16.93  52.205126  65.718582 19.497 -100.00 -100.00 -100.00
  72    79.396 55363.49672243 21.14  52.211391  65.718089 23.261 -100.00 -100.00 -100.00
  72    79.703 55363.49672302 21.84  52.217656  65.717596 25.335 -100.00 -100.00 -100.00
  73    12.473 55373.41236084 49.30  52.199257  65.719103   -100  274.93  273.44  273.90
  73    12.598 55373.41236143 47.17  52.205523  65.718610   -100  274.93  273.44  273.90
  73    12.492 55373.41236202 51.65  52.211788  65.718117   -100  274.93  273.44  273.90
  73    12.268 55373.41236261 53.64  52.218054  65.717624   -100  274.93  273.44  273.90
  74    78.033 55383.32799897 24.09  52.198140  65.720259 21.153 -100.00 -100.00 -100.00
  74    78.828 55383.32799956 17.14  52.204406  65.719766  9.146 -100.00 -100.00 -100.00
  74    82.098 55383.32800015 25.27  52.210672  65.719274 12.086 -100.00 -100.00 -100.00
  74    78.611 55383.32800074 23.73  52.216937  65.718780   -100 -100.00 -100.00 -100.00
  74    79.111 55383.32800134 25.14  52.223202  65.718287   -100 -100.00 -100.00 -100.00
  75    11.641 55393.24363577 35.01  52.191093  65.722026   -100 -100.00 -100.00 -100.00
  75    11.289 55393.24363636 38.08  52.197359  65.721534   -100 -100.00 -100.00 -100.00
  75    11.361 55393.24363695 32.94  52.203626  65.721041   -100 -100.00 -100.00 -100.00
  75    11.245 55393.24363755 32.60  52.209892  65.720548   -100 -100.00 -100.00 -100.00
  75    11.204 55393.24363814 31.25  52.216157  65.720055   -100 -100.00 -100.00 -100.00
  76    11.340 55403.15927245 35.84  52.194915  65.722142 16.823 -100.00 -100.00 -100.00
  76    11.141 55403.15927304 38.35  52.201181  65.721649 27.726 -100.00 -100.00 -100.00
  76    10.901 55403.15927363 45.20  52.207447  65.721157   -100 -100.00 -100.00 -100.00
  76    10.870 55403.15927422 43.09  52.213713  65.720664   -100 -100.00 -100.00 -100.00
  77    11.443 55413.07492484 38.00  52.198675  65.720021 32.159  273.49  273.78  271.55
  77    10.973 55413.07492543 45.08  52.204941  65.719528   -100  273.49  273.78  271.55
  77    10.887 55413.07492602 44.17  52.211206  65.719036 31.274  273.49  273.78  271.55
  77    10.728 55413.07492661 47.42  52.217471  65.718543   -100  273.49  273.78  271.55
  78    10.998 55422.99057394 39.22  52.197452  65.717368   -100 -100.00 -100.00 -100.00
  78    10.915 55422.99057453 40.40  52.203717  65.716876  9.627 -100.00 -100.00 -100.00
  78    11.033 55422.99057512 27.89  52.209981  65.716383 17.830 -100.00 -100.00 -100.00
  78    17.770 55422.99057571 26.95  52.216246  65.715890 16.102 -100.00 -100.00 -100.00
  78    18.060 55422.99057630 23.90  52.222510  65.715397 10.541 -100.00 -100.00 -100.00
  79    11.105 55432.90622033 29.65  52.196131  65.715494 16.162 -100.00 -100.00 -100.00
  79    10.288 55432.90622092 40.26  52.202395  65.715001   -100 -100.00 -100.00 -100.00
  79    10.377 55432.90622151 37.96  52.208659  65.714508   -100 -100.00 -100.00 -100.00
  79    10.089 55432.90622210 35.44  52.214923  65.714015   -100 -100.00 -100.00 -100.00
  79    10.279 55432.90622269 41.29  52.221186  65.713522  0.065 -100.00 -100.00 -100.00
  80    11.320 55442.82186516 36.55  52.199054  65.715667 20.515 -100.00 -100.00 -100.00
  80    11.391 55442.82186575 33.75  52.205318  65.715174 12.059 -100.00 -100.00 -100.00
  80    10.957 55442.82186634 33.97  52.211582  65.714681 14.580 -100.00 -100.00 -100.00
  80    10.792 55442.82186694 32.26  52.217846  65.714188 12.897 -100.00 -100.00 -100.00
  81    10.925 55452.73750794 39.79  52.196389  65.717562 29.471 -100.00 -100.00 -100.00
  81    10.776 55452.73750853 45.43  52.202654  65.717069   -100 -100.00 -100.00 -100.00
  81    10.876 55452.73750912 46.46  52.208919  65.716576   -100 -100.00 -100.00 -100.00
  81    10.901 55452.73750971 46.55  52.215183  65.716083   -100 -100.00 -100.00 -100.00
  81    11.150 55452.73751030 49.72  52.221447  65.715590   -100 -100.00 -100.00 -100.00
  82    81.557 55462.65315034  2.93  52.198162  65.718944  3.631 -100.00 -100.00 -100.00
  82    78.861 55462.65315093  8.13  52.204427  65.718452  7.846 -100.00 -100.00 -100.00
  82    76.722 55462.65315152  9.44  52.210693  65.717959  8.943 -100.00 -100.00 -100.00
  82    78.648 55462.65315211  7.51  52.216958  65.717465  6.685 -100.00 -100.00 -100.00
  82    79.072 55462.65315270 10.25  52.223222  65.716972 10.255 -100.00 -100.00 -100.00
  85    79.901 55492.40006407 10.99  52.200567  65.714940  7.395 -100.00 -100.00 -100.00
  85    79.744 55492.40006466 18.91  52.206832  65.714448 10.777 -100.00 -100.00 -100.00
  85    76.235 55492.40006525 19.75  52.213097  65.713955 19.827 -100.00 -100.00 -100.00
  85    76.637 55492.40006584  7.12  52.219362  65.713462 15.594 -100.00 -100.00 -100.00
  87    11.693 55512.23134331 48.66  52.201420  65.718053   -100  256.52  256.17  258.13
  87    11.434 55512.23134390 46.05  52.207686  65.717560 12.182  256.52  256.17  258.13
  87    11.335 55512.23134449 46.14  52.213952  65.717067  9.457  256.52  256.17  258.13
  87    11.568 55512.23134508 46.23  52.220217  65.716574  6.495  256.52  256.17  258.13
  88    12.046 55522.14699295 42.03  52.202588  65.719833   -100 -100.00 -100.00 -100.00
  88    12.765 55522.14699354 43.10  52.208854  65.719340 24.529 -100.00 -100.00 -100.00
  88    12.139 55522.14699413 45.53  52.215120  65.718847   -100 -100.00 -100.00 -100.00
  88    12.045 55522.14699472 49.90  52.221385  65.718354   -100 -100.00 -100.00 -100.00
  89    12.702 55532.06264069 28.43  52.196979  65.720594 15.310  250.19  247.41  244.85
  89    12.805 55532.06264128 29.70  52.203245  65.720101 17.805  250.19  247.41  244.85
  89    12.724 55532.06264187 28.84  52.209511  65.719608 15.710  250.19  247.41  244.85
  89    12.877 55532.06264246 28.75  52.215776  65.719115 15.920  250.19  247.41  244.85
  89    12.831 55532.06264305 25.91  52.222042  65.718622 10.720  250.19  247.41  244.85
  90    13.641 55541.97828756 23.30  52.199241  65.719439  7.177 -100.00 -100.00 -100.00
  90    13.348 55541.97828815 22.88  52.205507  65.718946  6.971 -100.00 -100.00 -100.00
  90    12.591 55541.97828874 22.54  52.211772  65.718453  6.209 -100.00 -100.00 -100.00
  90    12.103 55541.97828933 23.27  52.218038  65.717960  8.400 -100.00 -100.00 -100.00
  91    13.185 55551.89393245 22.56  52.202702  65.718476  7.069 -100.00 -100.00 -100.00
  91    12.694 55551.89393304 22.31  52.208967  65.717983  6.699 -100.00 -100.00 -100.00
  91    12.249 55551.89393363 21.92  52.215232  65.717490  6.715 -100.00 -100.00 -100.00
  91    12.093 55551.89393422 21.70  52.221497  65.716996  5.912 -100.00 -100.00 -100.00
  92    13.834 55561.80957514 21.11  52.198367  65.719404  7.226 -100.00 -100.00 -100.00
  92    13.515 55561.80957573 19.99  52.204633  65.718911  5.268 -100.00 -100.00 -100.00
  92    12.713 55561.80957632 19.95  52.210898  65.718418  4.866 -100.00 -100.00 -100.00
  92    12.215 55561.80957691 19.97  52.217163  65.717924  5.299 -100.00 -100.00 -100.00
  93    13.994 55571.72521742 19.41  52.197932  65.720755  4.736 -100.00 -100.00 -100.00
  93    13.767 55571.72521801 19.24  52.204199  65.720262  5.189 -100.00 -100.00 -100.00
  93    12.675 55571.72521860 20.07  52.210464  65.719769  5.758 -100.00 -100.00 -100.00
  93    12.253 55571.72521920 20.05  52.216730  65.719276  6.049 -100.00 -100.00 -100.00
  93    11.709 55571.72521979 19.08  52.222995  65.718782  4.950 -100.00 -100.00 -100.00
  94    14.045 55581.64085862 19.02  52.197996  65.721089  4.690 -100.00 -100.00 -100.00
  94    13.656 55581.64085921 18.69  52.204262  65.720596  4.913 -100.00 -100.00 -100.00
  94    12.582 55581.64085980 19.49  52.210528  65.720103  5.678 -100.00 -100.00 -100.00
  94    11.981 55581.64086040 20.27  52.216794  65.719610  6.632 -100.00 -100.00 -100.00
  94    11.522 55581.64086099 20.26  52.223060  65.719117  7.796 -100.00 -100.00 -100.00
  95    13.903 55591.55649677 17.69  52.198500  65.719452  4.110 -100.00 -100.00 -100.00
  95    13.146 55591.55649736 17.66  52.204766  65.718959  4.266 -100.00 -100.00 -100.00
  95    12.804 55591.55649795 18.27  52.211032  65.718466  4.764 -100.00 -100.00 -100.00
  95    12.423 55591.55649855 18.10  52.217298  65.717973  4.957 -100.00 -100.00 -100.00
  96    13.894 55601.47213148 17.64  52.196450  65.717130  3.795  249.15  241.72  225.09
  96    13.385 55601.47213207 17.43  52.202716  65.716638  3.993  249.15  241.72  225.09
  96    12.815 55601.47213266 17.14  52.208981  65.716145  4.002  249.15  241.72  225.09
  96    12.240 55601.47213325 16.80  52.215247  65.715652  3.621  249.15  241.72  225.09
  96    12.283 55601.47213384 16.79  52.221512  65.715159  4.421  249.15  241.72  225.09
  97    13.918 55611.38776449 16.96  52.199468  65.715446  4.581 -100.00 -100.00 -100.00
  97    13.045 55611.38776508 16.68  52.205734  65.714954  3.720 -100.00 -100.00 -100.00
  97    12.551 55611.38776567 16.45  52.211999  65.714461  3.909 -100.00 -100.00 -100.00
  97    12.112 55611.38776626 15.93  52.218264  65.713968  3.473 -100.00 -100.00 -100.00
  98    14.106 55621.30339675 15.74  52.196055  65.716616  3.238  256.76  250.66  238.47
  98    14.259 55621.30339734 15.74  52.202320  65.716123  3.489  256.76  250.66  238.47
  98    15.146 55621.30339793 15.33  52.208586  65.715631  3.412  256.76  250.66  238.47
  98    15.535 55621.30339852 15.24  52.214851  65.715138  3.179  256.76  250.66  238.47
  98    16.171 55621.30339911 15.15  52.221116  65.714645  3.619  256.76  250.66  238.47
  99    14.797 55631.21905006 15.95  52.201013  65.718097  3.370 -100.00 -100.00 -100.00
  99    14.804 55631.21905065 16.21  52.207278  65.717604  3.937 -100.00 -100.00 -100.00
  99    15.579 55631.21905124 15.84  52.213544  65.717111  4.001 -100.00 -100.00 -100.00
  99    16.520 55631.21905183 15.27  52.219809  65.716618  3.104 -100.00 -100.00 -100.00
 100    14.029 55641.13470076 15.92  52.200024  65.719276  3.558  256.26  248.56  230.79
 100    13.313 55641.13470135 15.81  52.206289  65.718784  3.364  256.26  248.56  230.79
 100    12.602 55641.13470194 15.93  52.212555  65.718291  4.312  256.26  248.56  230.79
 100    12.138 55641.13470253 15.72  52.218820  65.717797  3.647  256.26  248.56  230.79
 101    14.208 55651.05034881 15.83  52.198626  65.718549  3.925 -100.00 -100.00 -100.00
 101    15.131 55651.05034940 15.44  52.204892  65.718056  3.758 -100.00 -100.00 -100.00
 101    15.819 55651.05034999 15.44  52.211157  65.717563  3.820 -100.00 -100.00 -100.00
 101    16.158 55651.05035058 15.48  52.217421  65.717070  4.088 -100.00 -100.00 -100.00
 102    10.184 55660.96599350 38.06  52.200724  65.716118   -100  264.81  263.91  264.91
 102    10.263 55660.96599409 39.10  52.206988  65.715625   -100  264.81  263.91  264.91
 102    10.545 55660.96599468 39.85  52.213252  65.715132   -100  264.81  263.91  264.91
 102    10.554 55660.96599527 42.43  52.219516  65.714639   -100  264.81  263.91  264.91
 103    85.808 55670.88163429  0.18  52.197143  65.715178  3.246 -100.00 -100.00 -100.00
 103    86.586 55670.88163488  0.36  52.203407  65.714686  3.087 -100.00 -100.00 -100.00
 103    79.045 55670.88163547  5.16  52.209671  65.714193  7.826 -100.00 -100.00 -100.00
 103    79.893 55670.88163606  4.76  52.215934  65.713700  5.784 -100.00 -100.00 -100.00
 103    85.995 55670.88163665  3.67  52.222197  65.713206  4.762 -100.00 -100.00 -100.00
 104    66.577 55680.79727371  3.48  52.198401  65.716039  9.366 -100.00 -100.00 -100.00
 104    61.787 55680.79727430  3.21  52.204665  65.715546 14.222 -100.00 -100.00 -100.00
 105    89.128 55690.71291145 21.37  52.201785  65.718355  7.076 -100.00 -100.00 -100.00
 105    58.373 55690.71291204 28.49  52.208050  65.717862 23.151 -100.00 -100.00 -100.00
 105    62.313 55690.71291263 16.87  52.214315  65.717369   -100 -100.00 -100.00 -100.00
 105    66.251 55690.71291322 20.49  52.220579  65.716876 28.921 -100.00 -100.00 -100.00
 106    78.518 55700.62854665  0.34  52.195121  65.720998  3.182  251.82  250.39  253.77
 106    76.494 55700.62854724  1.04  52.201387  65.720505  2.620  251.82  250.39  253.77
 106    75.112 55700.62854783  0.85  52.207652  65.720013  2.649  251.82  250.39  253.77
 106    76.249 55700.62854842  0.66  52.213918  65.719520  2.480  251.82  250.39  253.77
 108    16.646 55720.45983710 39.94  52.199459  65.720104   -100 -100.00 -100.00 -100.00
 108    17.035 55720.45983769 46.50  52.205725  65.719612   -100 -100.00 -100.00 -100.00
 108    17.023 55720.45983828 45.88  52.211991  65.719119   -100 -100.00 -100.00 -100.00
 108    17.050 55720.45983887 48.40  52.218256  65.718626   -100 -100.00 -100.00 -100.00
 109    13.405 55730.37548494 40.94  52.198961  65.719476   -100 -100.00 -100.00 -100.00
 109    13.315 55730.37548553 38.98  52.205226  65.718983   -100 -100.00 -100.00 -100.00
 109    13.156 55730.37548612 43.46  52.211492  65.718490   -100 -100.00 -100.00 -100.00
 109    13.037 55730.37548671 42.64  52.217757  65.717997  0.358 -100.00 -100.00 -100.00
 110    11.356 55740.29113179 39.44  52.201920  65.719360   -100 -100.00 -100.00 -100.00
 110    11.401 55740.29113238 33.80  52.208186  65.718867   -100 -100.00 -100.00 -100.00
 110    11.412 55740.29113297 29.48  52.214451  65.718374 28.513 -100.00 -100.00 -100.00
 110    11.048 55740.29113356 27.07  52.220716  65.717880 22.559 -100.00 -100.00 -100.00
 111    11.109 55750.20677664 34.01  52.196746  65.720281   -100  273.34  271.99  271.87
 111    11.029 55750.20677723 36.01  52.203011  65.719788   -100  273.34  271.99  271.87
 111    10.939 55750.20677782 31.74  52.209277  65.719295   -100  273.34  271.99  271.87
 111    11.037 55750.20677841 26.45  52.215542  65.718802 19.886  273.34  271.99  271.87
 111    10.689 55750.20677900 27.19  52.221807  65.718308 23.878  273.34  271.99  271.87
 112    11.032 55760.12242013 36.93  52.202031  65.719797   -100  268.13  266.65  266.59
 112    11.123 55760.12242072 34.07  52.208296  65.719304   -100  268.13  266.65  266.59
 112    11.045 55760.12242131 27.61  52.214561  65.718811 22.482  268.13  266.65  266.59
 112    11.041 55760.12242190 24.47  52.220826  65.718317 15.479  268.13  266.65  266.59
 113    11.151 55770.03806025 33.23  52.201468  65.718771 25.071 -100.00 -100.00 -100.00
 113    10.753 55770.03806084 34.25  52.207733  65.718279 26.344 -100.00 -100.00 -100.00
 113    10.084 55770.03806143 39.57  52.213998  65.717786   -100 -100.00 -100.00 -100.00
 113    10.700 55770.03806202 40.42  52.220262  65.717293 22.711 -100.00 -100.00 -100.00
 114    10.931 55779.95369688 32.46  52.199135  65.717033 23.951 -100.00 -100.00 -100.00
 114    10.669 55779.95369747 34.85  52.205400  65.716541 32.717 -100.00 -100.00 -100.00
 114     9.818 55779.95369806 33.54  52.211664  65.716048 28.907 -100.00 -100.00 -100.00
 114     9.656 55779.95369866 30.19  52.217928  65.715555 18.528 -100.00 -100.00 -100.00
 115    10.705 55789.86933117 34.87  52.199749  65.715826   -100 -100.00 -100.00 -100.00
 115    10.705 55789.86933176 32.82  52.206013  65.715334   -100 -100.00 -100.00 -100.00
 115    10.533 55789.86933235 26.07  52.212277  65.714841 20.348 -100.00 -100.00 -100.00
 115    10.488 55789.86933294 24.64  52.218541  65.714348 17.726 -100.00 -100.00 -100.00
 116    10.463 55799.78496405 32.22  52.198926  65.716462   -100 -100.00 -100.00 -100.00
 116    10.629 55799.78496464 30.68  52.205191  65.715969 25.264 -100.00 -100.00 -100.00
 116    10.010 55799.78496523 30.12  52.211456  65.715477 26.025 -100.00 -100.00 -100.00
 116    10.789 55799.78496582 26.08  52.217720  65.714984 18.958 -100.00 -100.00 -100.00
 117    10.465 55809.70061124 36.90  52.198539  65.717895 17.275  269.63  268.92  269.50
 117     9.465 55809.70061183 43.78  52.204804  65.717402   -100  269.63  268.92  269.50
 117    10.189 55809.70061242 44.17  52.211069  65.716910 22.669  269.63  268.92  269.50
 117     9.934 55809.70061301 45.68  52.217334  65.716417 31.790  269.63  268.92  269.50
 118    10.594 55819.61626008 30.33  52.198942  65.719070 28.559  269.14  268.58  269.17
 118    12.909 55819.61626067 28.01  52.205207  65.718578 19.406  269.14  268.58  269.17
 118    13.454 55819.61626126 26.15  52.211473  65.718085 16.357  269.14  268.58  269.17
 118    13.309 55819.61626185 24.98  52.217738  65.717592 14.832  269.14  268.58  269.17
 119    10.526 55829.53190478 30.94  52.202175  65.718551 25.600 -100.00 -100.00 -100.00
 119     9.438 55829.53190537 33.55  52.208441  65.718059   -100 -100.00 -100.00 -100.00
 119     9.778 55829.53190596 28.84  52.214706  65.717566 22.614 -100.00 -100.00 -100.00
 119     9.504 55829.53190655 32.48  52.220972  65.717073   -100 -100.00 -100.00 -100.00
 120    10.541 55839.44754438 28.60  52.198179  65.717313 28.248  262.87  262.40  263.61
 120    13.489 55839.44754497 23.82  52.204445  65.716821 15.225  262.87  262.40  263.61
 120    12.875 55839.44754556 22.46  52.210711  65.716328 13.856  262.87  262.40  263.61
 120    11.567 55839.44754615 22.48  52.216976  65.715835 13.282  262.87  262.40  263.61
 122    13.740 55859.27881651 26.76  52.201716  65.716704 16.000 -100.00 -100.00 -100.00
 122    13.044 55859.27881710 25.47  52.207982  65.716212 11.883 -100.00 -100.00 -100.00
 122    12.649 55859.27881769 24.38  52.214247  65.715719 10.761 -100.00 -100.00 -100.00
 122    12.368 55859.27881828 22.79  52.220513  65.715226 10.337 -100.00 -100.00 -100.00
 123    10.511 55869.19446529 39.07  52.199534  65.718909   -100 -100.00 -100.00 -100.00
 123    10.827 55869.19446588 40.49  52.205800  65.718417   -100 -100.00 -100.00 -100.00
 123    11.359 55869.19446647 41.34  52.212066  65.717924 25.911 -100.00 -100.00 -100.00
 123    10.842 55869.19446706 44.72  52.218331  65.717431   -100 -100.00 -100.00 -100.00
 133    13.875 55968.35090762 16.86  52.195516  65.716391  4.039  252.13  245.94  231.25
 133    13.626 55968.35090821 16.73  52.201781  65.715899  4.547  252.13  245.94  231.25
 133    12.872 55968.35090880 17.05  52.208047  65.715406  5.117  252.13  245.94  231.25
 133    11.841 55968.35090940 16.95  52.214312  65.714913  4.921  252.13  245.94  231.25
 133    11.834 55968.35090999 16.51  52.220577  65.714419  4.360  252.13  245.94  231.25
 134    13.972 55978.26654463 16.70  52.199246  65.717063  4.030 -100.00 -100.00 -100.00
 134    13.179 55978.26654522 16.98  52.205512  65.716570  4.203 -100.00 -100.00 -100.00
 134    12.663 55978.26654581 16.52  52.211777  65.716077  4.377 -100.00 -100.00 -100.00
 134    11.666 55978.26654640 17.01  52.218042  65.715584  4.748 -100.00 -100.00 -100.00
 135    14.482 55988.18218075 17.30  52.200401  65.718112  4.323 -100.00 -100.00 -100.00
 135    15.159 55988.18218134 17.39  52.206667  65.717619  4.789 -100.00 -100.00 -100.00
 135    15.609 55988.18218193 16.79  52.212932  65.717126  4.328 -100.00 -100.00 -100.00
 135    16.592 55988.18218252 16.87  52.219197  65.716633  4.431 -100.00 -100.00 -100.00
 136    14.935 55998.09782128 17.90  52.201823  65.718393  4.530 -100.00 -100.00 -100.00
 136    15.811 55998.09782188 17.85  52.208089  65.717900  4.161 -100.00 -100.00 -100.00
 136    16.391 55998.09782247 17.91  52.214354  65.717408  4.916 -100.00 -100.00 -100.00
 136    17.306 55998.09782306 17.76  52.220619  65.716915  4.329 -100.00 -100.00 -100.00
 137    14.444 56008.01347232 17.26  52.199586  65.717811  4.354 -100.00 -100.00 -100.00
 137    15.161 56008.01347291 16.75  52.205851  65.717318  3.832 -100.00 -100.00 -100.00
 137    15.983 56008.01347351 17.16  52.212116  65.716825  4.927 -100.00 -100.00 -100.00
 137    15.924 56008.01347410 16.42  52.218380  65.716332  3.827 -100.00 -100.00 -100.00
 138    13.728 56017.92911934 17.17  52.199224  65.716848  4.107 -100.00 -100.00 -100.00
 138    13.022 56017.92911993 17.30  52.205488  65.716355  4.930 -100.00 -100.00 -100.00
 138    12.433 56017.92912052 17.11  52.211753  65.715863  4.498 -100.00 -100.00 -100.00
 138    11.920 56017.92912111 16.49  52.218017  65.715370  4.105 -100.00 -100.00 -100.00
 141    66.611 56047.67604608  0.55  52.198830  65.719222  4.585 -100.00 -100.00 -100.00
 141    66.701 56047.67604667  9.15  52.205095  65.718729  7.018 -100.00 -100.00 -100.00
 141    68.408 56047.67604726  8.40  52.211360  65.718236  5.379 -100.00 -100.00 -100.00
 141    70.975 56047.67604785  4.51  52.217625  65.717743  3.534 -100.00 -100.00 -100.00
 142    41.124 56057.59168352  9.57  52.197148  65.720655  6.223 -100.00 -100.00 -100.00
 142    67.835 56057.59168411  7.70  52.203414  65.720162  4.505 -100.00 -100.00 -100.00
 142    64.581 56057.59168470  5.78  52.209679  65.719669  4.647 -100.00 -100.00 -100.00
 142    39.824 56057.59168529 17.56  52.215945  65.719176 18.307 -100.00 -100.00 -100.00
 142    58.043 56057.59168588 21.42  52.222210  65.718683 32.441 -100.00 -100.00 -100.00
 143    82.443 56067.50731641  1.61  52.192993  65.721535  3.253 -100.00 -100.00 -100.00
 143    87.215 56067.50731700  1.35  52.199260  65.721043  3.227 -100.00 -100.00 -100.00
 143    85.890 56067.50731759  1.45  52.205526  65.720551  3.510 -100.00 -100.00 -100.00
 143    85.542 56067.50731818  2.18  52.211792  65.720058  4.736 -100.00 -100.00 -100.00
 143    84.429 56067.50731877  3.48  52.218057  65.719565  4.390 -100.00 -100.00 -100.00
 145    13.911 56087.33861535 43.51  52.198529  65.720277  7.697  267.58  269.26  269.02
 145    14.062 56087.33861594 35.14  52.204795  65.719784 30.341  267.58  269.26  269.02
 145    13.983 56087.33861653 30.76  52.211061  65.719292 16.129  267.58  269.26  269.02
 145    13.810 56087.33861712 29.22  52.217326  65.718798 12.871  267.58  269.26  269.02
 146    84.672 56097.25426187 20.44  52.200179  65.720042  7.369 -100.00 -100.00 -100.00
 146    84.511 56097.25426247 19.40  52.206445  65.719549  7.045 -100.00 -100.00 -100.00
 146    88.260 56097.25426306 14.29  52.212711  65.719056 24.000 -100.00 -100.00 -100.00
 146    88.330 56097.25426365 23.33  52.218976  65.718563   -100 -100.00 -100.00 -100.00
 147    11.532 56107.16990632 39.24  52.202619  65.719410  2.175 -100.00 -100.00 -100.00
 147    11.538 56107.16990691 34.69  52.208884  65.718918   -100 -100.00 -100.00 -100.00
 147    11.683 56107.16990750 28.01  52.215150  65.718424 21.076 -100.00 -100.00 -100.00
 147    11.307 56107.16990809 30.69  52.221414  65.717931 31.308 -100.00 -100.00 -100.00
 148    78.771 56117.08553564 11.48  52.196981  65.718761 10.713 -100.00 -100.00 -100.00
 148    74.239 56117.08553623  9.32  52.203246  65.718269  9.992 -100.00 -100.00 -100.00
 148    73.469 56117.08553682 13.86  52.209511  65.717776 16.572 -100.00 -100.00 -100.00
 148    78.978 56117.08553741  4.02  52.215776  65.717283  9.119 -100.00 -100.00 -100.00
 148    84.233 56117.08553800  5.34  52.222040  65.716789  9.984 -100.00 -100.00 -100.00
 149    10.793 56127.00117344 43.18  52.197826  65.717584  2.818  272.09  273.42  271.39
 149    10.955 56127.00117403 43.52  52.204091  65.717092   -100  272.09  273.42  271.39
 149    10.812 56127.00117462 36.65  52.210356  65.716599   -100  272.09  273.42  271.39
 149    10.922 56127.00117521 33.64  52.216620  65.716106 26.523  272.09  273.42  271.39
 149    10.790 56127.00117580 34.24  52.222884  65.715613 27.903  272.09  273.42  271.39
 150    10.647 56136.91680764 41.83  52.201192  65.716643  9.265  265.61  264.78  265.06
 150    10.549 56136.91680823 38.23  52.207456  65.716151  4.470  265.61  264.78  265.06
 150    10.658 56136.91680882 28.72  52.213720  65.715658 20.480  265.61  264.78  265.06
 150    10.320 56136.91680941 29.05  52.219984  65.715165 24.511  265.61  264.78  265.06
 151    10.724 56146.83245179 42.64  52.196748  65.717226   -100 -100.00 -100.00 -100.00
 151    10.657 56146.83245238 44.62  52.203012  65.716734   -100 -100.00 -100.00 -100.00
 151    10.752 56146.83245297 44.69  52.209277  65.716241   -100 -100.00 -100.00 -100.00
 151    10.418 56146.83245356 46.98  52.215541  65.715748  4.242 -100.00 -100.00 -100.00
 151    10.598 56146.83245415 49.82  52.221805  65.715255   -100 -100.00 -100.00 -100.00
 152    10.907 56156.74810157 46.86  52.201560  65.717592   -100 -100.00 -100.00 -100.00
 152    10.886 56156.74810216 46.07  52.207825  65.717099   -100 -100.00 -100.00 -100.00
 152    10.848 56156.74810275 47.16  52.214089  65.716606   -100 -100.00 -100.00 -100.00
 152    10.687 56156.74810334 49.54  52.220353  65.716113 14.748 -100.00 -100.00 -100.00
 153    10.733 56166.66374973 38.10  52.199065  65.718349   -100  266.74  266.97  267.47
 153    10.665 56166.66375032 42.95  52.205330  65.717856   -100  266.74  266.97  267.47
 153    10.365 56166.66375091 40.44  52.211595  65.717363   -100  266.74  266.97  267.47
 153    10.478 56166.66375150 31.71  52.217860  65.716870 17.121  266.74  266.97  267.47
 154    10.884 56176.57939561 35.67  52.197634  65.718144 24.831  270.73  270.68  270.81
 154    10.757 56176.57939620 38.22  52.203900  65.717652 30.746  270.73  270.68  270.81
 154    10.107 56176.57939679 44.01  52.210165  65.717159  8.061  270.73  270.68  270.81
 154    10.195 56176.57939738 43.20  52.216430  65.716666   -100  270.73  270.68  270.81
 154    10.022 56176.57939797 44.98  52.222695  65.716172  9.511  270.73  270.68  270.81
 156    69.490 56196.41067452  3.49  52.201371  65.716723  3.388 -100.00 -100.00 -100.00
 156    69.312 56196.41067511  3.32  52.207636  65.716230  5.593 -100.00 -100.00 -100.00
 156    71.235 56196.41067570  3.15  52.213902  65.715737  4.357 -100.00 -100.00 -100.00
 156    72.726 56196.41067629  2.89  52.220167  65.715244  3.500 -100.00 -100.00 -100.00
 157    78.181 56206.32630862 12.34  52.198200  65.717753  9.574 -100.00 -100.00 -100.00
 157    80.041 56206.32630921 10.41  52.204465  65.717261  6.762 -100.00 -100.00 -100.00
 157    80.117 56206.32630980 14.27  52.210731  65.716768  7.553 -100.00 -100.00 -100.00
 157    76.085 56206.32631039 19.48  52.216996  65.716275 18.740 -100.00 -100.00 -100.00
 157    76.828 56206.32631098 19.93  52.223262  65.715782 15.288 -100.00 -100.00 -100.00
 158    45.306 56216.24194153 15.19  52.198412  65.719475 25.296 -100.00 -100.00 -100.00
 158    74.865 56216.24194212 11.39  52.204678  65.718982 10.868 -100.00 -100.00 -100.00
 159    50.783 56226.15758157  1.71  52.194415  65.721330 10.240 -100.00 -100.00 -100.00
 159    85.988 56226.15758216 19.06  52.200682  65.720837 10.479 -100.00 -100.00 -100.00
 159    53.983 56226.15758275 14.40  52.206948  65.720345  7.474 -100.00 -100.00 -100.00
 159    86.018 56226.15758334  4.15  52.213214  65.719852  6.122 -100.00 -100.00 -100.00
 159    54.833 56226.15758393  6.84  52.219480  65.719359 11.896 -100.00 -100.00 -100.00
 160    10.329 56236.07323702 37.66  52.197370  65.721158   -100 -100.00 -100.00 -100.00
 160    10.340 56236.07323762 39.30  52.203637  65.720666   -100 -100.00 -100.00 -100.00
 160    10.832 56236.07323821 40.25  52.209903  65.720173   -100 -100.00 -100.00 -100.00
 160    10.702 56236.07323880 41.59  52.216169  65.719680   -100 -100.00 -100.00 -100.00
 161     9.391 56245.98888832 34.83  52.197025  65.720509 29.023 -100.00 -100.00 -100.00
 161     9.501 56245.98888891 36.93  52.203291  65.720016   -100 -100.00 -100.00 -100.00
 161    10.084 56245.98888950 39.67  52.209557  65.719523 32.343 -100.00 -100.00 -100.00
 161    10.568 56245.98889009 40.69  52.215823  65.719030 22.173 -100.00 -100.00 -100.00
 161     9.796 56245.98889068 44.73  52.222088  65.718537  1.354 -100.00 -100.00 -100.00
 162    11.348 56255.90453506 40.45  52.202710  65.719551   -100 -100.00 -100.00 -100.00
 162    11.456 56255.90453565 42.39  52.208975  65.719058   -100 -100.00 -100.00 -100.00
 162    11.231 56255.90453624 44.58  52.215241  65.718565   -100 -100.00 -100.00 -100.00
 162    11.324 56255.90453683 48.21  52.221506  65.718072   -100 -100.00 -100.00 -100.00
 163    10.888 56265.82017694 33.94  52.197973  65.720293 29.283 -100.00 -100.00 -100.00
 163    11.027 56265.82017753 36.46  52.204239  65.719800   -100 -100.00 -100.00 -100.00
 163    11.332 56265.82017812 36.81  52.210505  65.719308   -100 -100.00 -100.00 -100.00
 163    11.407 56265.82017871 36.57  52.216770  65.718814   -100 -100.00 -100.00 -100.00
 163    11.219 56265.82017930 35.40  52.223035  65.718321   -100 -100.00 -100.00 -100.00
 164    10.361 56275.73581730 31.26  52.195284  65.720976 21.456 -100.00 -100.00 -100.00
 164    10.599 56275.73581789 32.89  52.201550  65.720484 25.370 -100.00 -100.00 -100.00
 164    10.705 56275.73581848 32.48  52.207816  65.719991 23.196 -100.00 -100.00 -100.00
 164    10.775 56275.73581907 33.72  52.214081  65.719498 28.372 -100.00 -100.00 -100.00
 165    10.331 56285.65146362 28.75  52.197577  65.720197 17.973 -100.00 -100.00 -100.00
 165    10.390 56285.65146421 29.18  52.203843  65.719704 19.111 -100.00 -100.00 -100.00
 165    10.519 56285.65146480 31.00  52.210109  65.719211 24.813 -100.00 -100.00 -100.00
 165    10.582 56285.65146539 32.31  52.216375  65.718718 30.756 -100.00 -100.00 -100.00
 165    10.726 56285.65146598 29.49  52.222640  65.718225 18.589 -100.00 -100.00 -100.00
 166    10.076 56295.56711436 26.37  52.201195  65.717984 11.372 -100.00 -100.00 -100.00
 166    10.147 56295.56711495 25.16  52.207460  65.717492 10.505 -100.00 -100.00 -100.00
 166    10.526 56295.56711554 25.01  52.213726  65.716999 10.792 -100.00 -100.00 -100.00
 166    10.417 56295.56711613 25.78  52.219991  65.716505 13.817 -100.00 -100.00 -100.00
 167     9.913 56305.48276033 23.96  52.197757  65.716167  9.512 -100.00 -100.00 -100.00
 167     9.964 56305.48276092 23.68  52.204022  65.715674  8.264 -100.00 -100.00 -100.00
 167    10.901 56305.48276151 23.27  52.210287  65.715181  8.978 -100.00 -100.00 -100.00
 167    11.242 56305.48276210 22.59  52.216552  65.714688  7.357 -100.00 -100.00 -100.00
 167    11.103 56305.48276269 22.29  52.222817  65.714194  7.590 -100.00 -100.00 -100.00
 168    13.366 56315.39840317 23.58  52.198244  65.715623  9.576 -100.00 -100.00 -100.00
 168     9.933 56315.39840376 23.35  52.204509  65.715130  8.755 -100.00 -100.00 -100.00
 168    10.556 56315.39840435 23.54  52.210774  65.714637 10.257 -100.00 -100.00 -100.00
 168    10.798 56315.39840494 24.07  52.217039  65.714143  9.966 -100.00 -100.00 -100.00
 169    13.418 56325.31404407 22.16  52.198638  65.716996  8.166  254.27  247.98  231.12
 169     9.777 56325.31404466 22.86  52.204904  65.716503  9.728  254.27  247.98  231.12
 169    10.970 56325.31404525 22.29  52.211169  65.716010  9.269  254.27  247.98  231.12
 169    10.784 56325.31404584 23.35  52.217434  65.715517 11.942  254.27  247.98  231.12
 170    13.572 56335.22968397 22.50  52.197343  65.718867  8.404  256.44  250.35  235.23
 170    11.650 56335.22968456 24.08  52.203609  65.718374 10.720  256.44  250.35  235.23
 170     9.310 56335.22968516 28.41  52.209875  65.717881 23.674  256.44  250.35  235.23
 170     9.610 56335.22968575 26.03  52.216140  65.717388 16.115  256.44  250.35  235.23
 170     9.481 56335.22968634 26.83  52.222405  65.716895 19.114  256.44  250.35  235.23
 171    13.249 56345.14532299 22.57  52.196900  65.719339  9.102 -100.00 -100.00 -100.00
 171    11.977 56345.14532358 22.88  52.203165  65.718847  8.436 -100.00 -100.00 -100.00
 171     9.527 56345.14532417 24.33  52.209431  65.718354 11.513 -100.00 -100.00 -100.00
 171     9.470 56345.14532476 27.18  52.215696  65.717861 19.494 -100.00 -100.00 -100.00
 171    10.307 56345.14532535 24.68  52.221961  65.717367 13.413 -100.00 -100.00 -100.00
 172    13.655 56355.06096012 18.75  52.200678  65.718113  4.103 -100.00 -100.00 -100.00
 172    13.082 56355.06096071 18.73  52.206943  65.717620  4.683 -100.00 -100.00 -100.00
 172    12.257 56355.06096130 19.00  52.213208  65.717127  5.150 -100.00 -100.00 -100.00
 172    11.649 56355.06096189 19.45  52.219473  65.716634  5.623 -100.00 -100.00 -100.00
 173    13.594 56364.97660558 17.89  52.200654  65.716718  4.169  247.08  235.84  214.40
 173    12.489 56364.97660617 18.57  52.206919  65.716225  5.143  247.08  235.84  214.40
 173    12.389 56364.97660676 17.87  52.213183  65.715732  4.104  247.08  235.84  214.40
 173    11.754 56364.97660735 18.28  52.219447  65.715239  5.036  247.08  235.84  214.40
 174    15.319 56374.89225538 16.96  52.210478  65.715744  3.949 -100.00 -100.00 -100.00
 174    16.035 56374.89225597 17.26  52.216742  65.715251  4.635 -100.00 -100.00 -100.00
 174    11.620 56374.89225656 17.84  52.223006  65.714757  4.907 -100.00 -100.00 -100.00
 178    63.932 56414.55482433 26.70  52.198019  65.721084 21.075 -100.00 -100.00 -100.00
 178    61.885 56414.55482492 25.91  52.204285  65.720591 17.116 -100.00 -100.00 -100.00
 178    61.593 56414.55482551 19.38  52.210551  65.720098   -100 -100.00 -100.00 -100.00
 178    61.154 56414.55482610 17.77  52.216816  65.719605   -100 -100.00 -100.00 -100.00
 178    61.092 56414.55482669  7.04  52.223082  65.719112 13.196 -100.00 -100.00 -100.00
 179    65.797 56424.47045851 24.00  52.200532  65.720111 12.358 -100.00 -100.00 -100.00
 179    64.371 56424.47045910 30.48  52.206798  65.719618   -100 -100.00 -100.00 -100.00
 179    65.109 56424.47045969 15.01  52.213063  65.719125 31.030 -100.00 -100.00 -100.00
 179    65.377 56424.47046028 13.95  52.219329  65.718632   -100 -100.00 -100.00 -100.00
 181    14.826 56444.30175693 47.71  52.201031  65.719592  0.913  270.94  269.91  272.06
 181    14.776 56444.30175752 46.21  52.207297  65.719099   -100  270.94  269.91  272.06
 181    14.720 56444.30175811 45.52  52.213562  65.718606   -100  270.94  269.91  272.06
 181    15.038 56444.30175870 45.60  52.219827  65.718112   -100  270.94  269.91  272.06
 182    13.704 56454.21740651 39.53  52.200607  65.720294   -100 -100.00 -100.00 -100.00
 182    13.929 56454.21740710 40.60  52.206873  65.719801   -100 -100.00 -100.00 -100.00
 182    14.245 56454.21740769 41.97  52.213138  65.719308   -100 -100.00 -100.00 -100.00
 182    14.087 56454.21740828 45.98  52.219404  65.718815   -100 -100.00 -100.00 -100.00
 184    12.273 56474.04869692 48.05  52.202218  65.717870   -100 -100.00 -100.00 -100.00
 184    11.868 56474.04869751 51.24  52.208483  65.717378 15.231 -100.00 -100.00 -100.00
 184    12.017 56474.04869810 54.95  52.214747  65.716884  1.663 -100.00 -100.00 -100.00
 184    11.915 56474.04869869 56.31  52.221012  65.716391   -100 -100.00 -100.00 -100.00
 185    11.038 56483.96433648 44.73  52.197326  65.716172   -100  270.90  270.33  269.57
 185    10.732 56483.96433707 45.11  52.203590  65.715680   -100  270.90  270.33  269.57
 185    10.731 56483.96433766 46.32  52.209854  65.715187   -100  270.90  270.33  269.57
 185    10.755 56483.96433825 47.96  52.216118  65.714694   -100  270.90  270.33  269.57
 185    10.691 56483.96433884 50.35  52.222381  65.714200  5.361  270.90  270.33  269.57
 187    10.560 56503.79560768 42.04  52.198822  65.717278  6.536  271.30  271.43  270.38
 187    10.460 56503.79560827 38.77  52.205087  65.716786   -100  271.30  271.43  270.38
 187    10.562 56503.79560886 31.34  52.211351  65.716293 28.279  271.30  271.43  270.38
 187    10.447 56503.79560945 28.28  52.217616  65.715800 21.333  271.30  271.43  270.38
 188    10.944 56513.71124048 34.79  52.199612  65.719667 25.982 -100.00 -100.00 -100.00
 188    10.673 56513.71124107 38.93  52.205877  65.719174   -100 -100.00 -100.00 -100.00
 188    10.328 56513.71124166 32.08  52.212142  65.718682 27.389 -100.00 -100.00 -100.00
 188    10.375 56513.71124225 27.58  52.218408  65.718189 14.545 -100.00 -100.00 -100.00
 189    10.337 56523.62689078 44.59  52.201153  65.720089  4.306  273.99  273.08  271.74
 189    10.410 56523.62689137 40.80  52.207419  65.719596   -100  273.99  273.08  271.74
 189     9.335 56523.62689196 45.18  52.213685  65.719103   -100  273.99  273.08  271.74
 189     9.203 56523.62689255 45.16  52.219950  65.718610   -100  273.99  273.08  271.74
 190    10.296 56533.54254275 40.56  52.202819  65.718507  0.806 -100.00 -100.00 -100.00
 190    10.268 56533.54254334 34.47  52.209085  65.718014   -100 -100.00 -100.00 -100.00
 190    10.151 56533.54254393 32.25  52.215350  65.717521   -100 -100.00 -100.00 -100.00
 190     9.832 56533.54254452 29.41  52.221615  65.717028 23.099 -100.00 -100.00 -100.00
 192    10.770 56553.37383498 43.07  52.196788  65.716763   -100 -100.00 -100.00 -100.00
 192    10.554 56553.37383557 42.70  52.203054  65.716270   -100 -100.00 -100.00 -100.00
 192     9.987 56553.37383616 45.15  52.209319  65.715777   -100 -100.00 -100.00 -100.00
 192     9.800 56553.37383675 43.71  52.215584  65.715284   -100 -100.00 -100.00 -100.00
 192    10.056 56553.37383734 46.71  52.221849  65.714790   -100 -100.00 -100.00 -100.00
 194    76.830 56573.20511870  1.36  52.193015  65.721452  6.994  260.00  258.03  259.80
 194    80.109 56573.20511988  1.22  52.205548  65.720467  5.666  260.00  258.03  259.80
 195    10.291 56583.12075761 35.57  52.189849  65.723097 23.624  257.75  255.37  255.56
 195    10.403 56583.12075820 37.59  52.196116  65.722605 32.000  257.75  255.37  255.56
 195    10.477 56583.12075879 39.65  52.202383  65.722112   -100  257.75  255.37  255.56
 195    10.454 56583.12075938 42.92  52.208649  65.721619   -100  257.75  255.37  255.56
 195    10.946 56583.12075997 42.98  52.214916  65.721126   -100  257.75  255.37  255.56
 196     9.377 56593.03639244 34.82  52.190416  65.722524 28.041 -100.00 -100.00 -100.00
 196     9.688 56593.03639303 35.42  52.196683  65.722032 32.158 -100.00 -100.00 -100.00
 196     9.877 56593.03639362 38.38  52.202950  65.721540   -100 -100.00 -100.00 -100.00
 196    10.278 56593.03639421 39.66  52.209216  65.721047   -100 -100.00 -100.00 -100.00
 196    10.376 56593.03639480 40.50  52.215482  65.720554   -100 -100.00 -100.00 -100.00
 197    11.989 56602.95204533 50.29  52.200564  65.719867  6.797  260.94  263.08  265.08
 197    12.305 56602.95204592 47.68  52.206830  65.719374   -100  260.94  263.08  265.08
 197    12.149 56602.95204651 43.98  52.213095  65.718881   -100  260.94  263.08  265.08
 197    12.115 56602.95204710 42.88  52.219361  65.718388   -100  260.94  263.08  265.08
 198    13.825 56612.86769453 47.10  52.201132  65.718717   -100 -100.00 -100.00 -100.00
 198    13.702 56612.86769512 47.16  52.207397  65.718225  1.075 -100.00 -100.00 -100.00
 198    13.948 56612.86769571 48.04  52.213662  65.717732   -100 -100.00 -100.00 -100.00
 198    14.108 56612.86769630 48.97  52.219927  65.717238   -100 -100.00 -100.00 -100.00
 199    14.492 56622.78333945 45.19  52.202351  65.719243   -100 -100.00 -100.00 -100.00
 199    14.410 56622.78334004 44.09  52.208616  65.718750   -100 -100.00 -100.00 -100.00
 199    14.277 56622.78334063 47.92  52.214882  65.718257 10.733 -100.00 -100.00 -100.00
 199    14.161 56622.78334122 41.64  52.221147  65.717764   -100 -100.00 -100.00 -100.00
 200    12.677 56632.69898082 28.74  52.196704  65.720560 19.303 -100.00 -100.00 -100.00
 200    12.517 56632.69898141 30.66  52.202970  65.720067 25.926 -100.00 -100.00 -100.00
 200    12.724 56632.69898200 30.13  52.209236  65.719574 23.576 -100.00 -100.00 -100.00
 200    12.595 56632.69898259 25.61  52.215502  65.719081 13.590 -100.00 -100.00 -100.00
 200    12.771 56632.69898318 23.25  52.221767  65.718588  7.948 -100.00 -100.00 -100.00
 201    13.898 56642.61461858 20.56  52.199937  65.720358  6.668  246.04  241.43  234.65
 201    13.532 56642.61461917 20.50  52.206203  65.719865  6.343  246.04  241.43  234.65
 201    13.104 56642.61461977 21.12  52.212469  65.719373  6.915  246.04  241.43  234.65
 201    12.856 56642.61462036 20.52  52.218735  65.718879  6.388  246.04  241.43  234.65
 202    13.965 56652.53026855 19.49  52.197820  65.718517  5.097 -100.00 -100.00 -100.00
 202    13.835 56652.53026914 19.03  52.204086  65.718025  5.296 -100.00 -100.00 -100.00
 202    13.183 56652.53026973 18.82  52.210352  65.717532  5.439 -100.00 -100.00 -100.00
 202    13.105 56652.53027032 18.13  52.216617  65.717039  4.254 -100.00 -100.00 -100.00
 202    12.854 56652.53027091 18.66  52.222883  65.716545  5.130 -100.00 -100.00 -100.00
 203    13.260 56662.44591793 13.78  52.195445  65.716450  4.680 -100.00 -100.00 -100.00
 203    13.399 56662.44591852 14.04  52.201710  65.715957  5.254 -100.00 -100.00 -100.00
 203    12.292 56662.44591911 14.52  52.207976  65.715464  6.087 -100.00 -100.00 -100.00
 203    12.416 56662.44591970 13.32  52.214241  65.714971  4.686 -100.00 -100.00 -100.00
 203    12.309 56662.44592029 12.92  52.220506  65.714478  4.440 -100.00 -100.00 -100.00
 204    13.405 56672.36156500 13.08  52.199551  65.715326  4.220  242.32  234.50  221.29
 204    12.921 56672.36156559 12.57  52.205816  65.714833  3.814  242.32  234.50  221.29
 204    12.709 56672.36156618 12.47  52.212081  65.714340  3.256  242.32  234.50  221.29
 204    12.197 56672.36156677 12.25  52.218346  65.713846  3.354  242.32  234.50  221.29
 205    13.489 56682.27720976 13.71  52.197001  65.717200  4.183 -100.00 -100.00 -100.00
 205    13.496 56682.27721035 13.37  52.203266  65.716708  4.261 -100.00 -100.00 -100.00
 205    12.410 56682.27721094 13.41  52.209532  65.716215  3.964 -100.00 -100.00 -100.00
 205    12.334 56682.27721153 12.75  52.215797  65.715721  3.355 -100.00 -100.00 -100.00
 205    12.346 56682.27721212 13.17  52.222062  65.715228  3.581 -100.00 -100.00 -100.00
 206    13.969 56692.19285285 13.73  52.198465  65.719124  2.995 -100.00 -100.00 -100.00
 206    12.458 56692.19285344 13.75  52.204731  65.718631  3.400 -100.00 -100.00 -100.00
 206    15.311 56692.19285403 13.48  52.210997  65.718138  3.320 -100.00 -100.00 -100.00
 206    12.394 56692.19285462 13.48  52.217262  65.717645  3.284 -100.00 -100.00 -100.00
 207    13.874 56702.10849171 13.81  52.196797  65.720291  3.444 -100.00 -100.00 -100.00
 207    13.167 56702.10849230 13.49  52.203063  65.719798  3.169 -100.00 -100.00 -100.00
 207    12.832 56702.10849289 13.87  52.209329  65.719305  4.414 -100.00 -100.00 -100.00
 207    11.887 56702.10849348 13.41  52.215594  65.718812  3.821 -100.00 -100.00 -100.00
 207    11.700 56702.10849407 13.80  52.221859  65.718319  3.627 -100.00 -100.00 -100.00
 208    14.573 56712.02412599 13.91  52.198831  65.719130  2.876  248.06  241.17  226.18
 208    15.521 56712.02412659 13.99  52.205097  65.718637  3.206  248.06  241.17  226.18
 208    15.770 56712.02412718 14.00  52.211362  65.718144  3.572  248.06  241.17  226.18
 208    12.832 56712.02412777 13.83  52.217627  65.717651  3.192  248.06  241.17  226.18
 209    14.595 56721.93977197 12.29  52.199914  65.717461  5.927 -100.00 -100.00 -100.00
 209    15.728 56721.93977256 11.11  52.206179  65.716969  4.200 -100.00 -100.00 -100.00
 209    15.761 56721.93977315 11.08  52.212444  65.716476  3.970 -100.00 -100.00 -100.00
 209    12.685 56721.93977374 11.15  52.218708  65.715983  3.849 -100.00 -100.00 -100.00
 210    13.654 56731.85542306 16.32  52.196228  65.717241  8.222  242.33  231.55  213.85
 210    13.138 56731.85542365 15.43  52.202493  65.716748  7.948  242.33  231.55  213.85
 210    12.875 56731.85542424 15.19  52.208757  65.716255  6.919  242.33  231.55  213.85
 210    11.446 56731.85542483 16.58  52.215022  65.715762  9.025  242.33  231.55  213.85
 210    11.503 56731.85542542 15.84  52.221286  65.715269  9.316  242.33  231.55  213.85
 213    83.359 56761.60235207  5.38  52.193900  65.722890  4.974 -100.00 -100.00 -100.00
 213    80.179 56761.60235266  3.44  52.200166  65.722397  6.347 -100.00 -100.00 -100.00
 213    77.798 56761.60235325  3.86  52.206433  65.721905  7.125 -100.00 -100.00 -100.00
 213    75.507 56761.60235384  3.02  52.212699  65.721412  6.716 -100.00 -100.00 -100.00
 214    11.071 56771.51798333 29.75  52.190900  65.722617 19.441  259.53  254.32  243.54
 214    11.279 56771.51798392 32.15  52.197167  65.722125 26.525  259.53  254.32  243.54
 214    11.171 56771.51798451 31.50  52.203433  65.721632 22.898  259.53  254.32  243.54
 214    11.236 56771.51798510 31.65  52.209700  65.721140 22.644  259.53  254.32  243.54
 214    11.330 56771.51798569 32.68  52.215966  65.720647 25.016  259.53  254.32  243.54
 215    12.354 56781.43363974 35.46  52.199275  65.719904   -100 -100.00 -100.00 -100.00
 215    12.223 56781.43364033 36.50  52.205541  65.719412   -100 -100.00 -100.00 -100.00
 215    12.341 56781.43364092 31.71  52.211807  65.718919   -100 -100.00 -100.00 -100.00
 215    12.311 56781.43364151 27.32  52.218072  65.718426 21.953 -100.00 -100.00 -100.00
 216    67.224 56791.34929454 15.20  52.200324  65.718434  8.880 -100.00 -100.00 -100.00
 216    65.315 56791.34929513 13.25  52.206589  65.717941 10.809 -100.00 -100.00 -100.00
 216    65.389 56791.34929572  5.48  52.212854  65.717447  6.892 -100.00 -100.00 -100.00
 216    65.521 56791.34929631  5.93  52.219119  65.716954  9.166 -100.00 -100.00 -100.00
 217    70.521 56801.26494597  8.98  52.197985  65.718605  3.136 -100.00 -100.00 -100.00
 217    70.994 56801.26494656  7.52  52.204250  65.718112  2.978 -100.00 -100.00 -100.00
 217    71.190 56801.26494715  8.45  52.210516  65.717618  3.518 -100.00 -100.00 -100.00
 217    71.108 56801.26494774 10.24  52.216780  65.717125  3.631 -100.00 -100.00 -100.00
 217    70.578 56801.26494833 11.36  52.223045  65.716631  3.955 -100.00 -100.00 -100.00
 219    68.239 56821.09623060 19.40  52.198965  65.719572 23.939 -100.00 -100.00 -100.00
 219    75.384 56821.09623119 18.43  52.205230  65.719079 17.051 -100.00 -100.00 -100.00
 219    79.952 56821.09623178 16.87  52.211495  65.718586 11.954 -100.00 -100.00 -100.00
 219    83.939 56821.09623237 17.83  52.217760  65.718092 12.255 -100.00 -100.00 -100.00
 220    16.036 56831.01186667 53.41  52.199873  65.718320 12.895 -100.00 -100.00 -100.00
 220    16.028 56831.01186726 54.48  52.206138  65.717827 20.671 -100.00 -100.00 -100.00
 220    16.018 56831.01186785 55.56  52.212403  65.717334 30.850 -100.00 -100.00 -100.00
 220    16.023 56831.01186844 56.07  52.218667  65.716841   -100 -100.00 -100.00 -100.00
 222    15.944 56850.84313577 26.40  52.201536  65.716188 15.569 -100.00 -100.00 -100.00
 222    17.009 56850.84313636 24.82  52.207800  65.715695 12.085 -100.00 -100.00 -100.00
 222    17.126 56850.84313695 25.44  52.214064  65.715203 11.821 -100.00 -100.00 -100.00
 222    17.580 56850.84313754 25.99  52.220328  65.714710 15.019 -100.00 -100.00 -100.00
 223    11.659 56860.75879000 46.23  52.200247  65.717247   -100  268.10  267.29  266.66
 223    11.066 56860.75879059 47.56  52.206511  65.716754   -100  268.10  267.29  266.66
 223    11.125 56860.75879119 50.63  52.212776  65.716261   -100  268.10  267.29  266.66
 223    10.861 56860.75879178 51.72  52.219040  65.715768  5.955  268.10  267.29  266.66
 224    10.846 56870.67444356 39.10  52.199823  65.719014   -100 -100.00 -100.00 -100.00
 224    11.011 56870.67444415 33.72  52.206088  65.718521 30.311 -100.00 -100.00 -100.00
 224    10.952 56870.67444474 26.73  52.212353  65.718028 14.810 -100.00 -100.00 -100.00
 224    17.375 56870.67444533 25.41  52.218618  65.717535 12.213 -100.00 -100.00 -100.00
 225    10.826 56880.59009467 41.24  52.202243  65.719512 12.021 -100.00 -100.00 -100.00
 225    10.769 56880.59009526 31.34  52.208509  65.719019 30.911 -100.00 -100.00 -100.00
 225    16.693 56880.59009585 26.80  52.214774  65.718526 19.172 -100.00 -100.00 -100.00
 225    10.289 56880.59009644 28.21  52.221039  65.718032 25.225 -100.00 -100.00 -100.00
 226    10.913 56890.50574197 43.85  52.202408  65.718694  8.915 -100.00 -100.00 -100.00
 226    10.917 56890.50574256 31.85  52.208674  65.718201 22.473 -100.00 -100.00 -100.00
 226    10.290 56890.50574315 31.41  52.214939  65.717708 28.964 -100.00 -100.00 -100.00
 226     9.960 56890.50574374 29.68  52.221204  65.717214 21.374 -100.00 -100.00 -100.00
 227    10.966 56900.42138608 36.84  52.198668  65.717576   -100 -100.00 -100.00 -100.00
 227    11.034 56900.42138667 34.36  52.204934  65.717083   -100 -100.00 -100.00 -100.00
 227    10.321 56900.42138726 31.05  52.211199  65.716589 32.464 -100.00 -100.00 -100.00
 227    10.541 56900.42138785 27.95  52.217464  65.716096 20.153 -100.00 -100.00 -100.00
 228    10.809 56910.33702864 38.60  52.200958  65.717455   -100 -100.00 -100.00 -100.00
 228    10.694 56910.33702923 35.09  52.207224  65.716962   -100 -100.00 -100.00 -100.00
 228    10.484 56910.33702982 28.76  52.213489  65.716468 24.151 -100.00 -100.00 -100.00
 228    10.349 56910.33703041 28.50  52.219754  65.715974 24.292 -100.00 -100.00 -100.00
 229    11.367 56920.25266894 40.91  52.197138  65.719338   -100  260.34  258.68  260.26
 229    11.136 56920.25266953 38.41  52.203404  65.718845 14.075  260.34  258.68  260.26
 229    11.149 56920.25267012 27.32  52.209670  65.718352 22.788  260.34  258.68  260.26
 229    11.176 56920.25267071 25.76  52.215935  65.717858 18.885  260.34  258.68  260.26
 229    17.376 56920.25267130 23.27  52.222200  65.717365 12.785  260.34  258.68  260.26
 231    86.392 56940.08394043 17.83  52.188945  65.723157 13.729 -100.00 -100.00 -100.00
 231    55.022 56940.08394102  0.86  52.195212  65.722665  6.764 -100.00 -100.00 -100.00
 231    58.579 56940.08394162  1.36  52.201478  65.722172  7.860 -100.00 -100.00 -100.00
 232    11.013 56949.99957894 37.38  52.195797  65.722026 27.025  251.32  248.00  246.27
 232    10.162 56949.99957953 40.35  52.202063  65.721533   -100  251.32  248.00  246.27
 232    10.504 56949.99958012 43.10  52.208330  65.721041   -100  251.32  248.00  246.27
 232    10.781 56949.99958071 44.10  52.214595  65.720548   -100  251.32  248.00  246.27
 233    10.805 56959.91523175 44.68  52.202321  65.719690   -100 -100.00 -100.00 -100.00
 233    10.282 56959.91523234 48.18  52.208586  65.719198   -100 -100.00 -100.00 -100.00
 233    10.407 56959.91523293 49.20  52.214852  65.718705   -100 -100.00 -100.00 -100.00
 233    10.553 56959.91523352 50.49  52.221117  65.718211   -100 -100.00 -100.00 -100.00
 234    10.299 56969.83087860 28.18  52.199996  65.718782 16.031 -100.00 -100.00 -100.00
 234    12.788 56969.83087919 26.19  52.206261  65.718289 10.859 -100.00 -100.00 -100.00
 234    10.586 56969.83087978 29.58  52.212526  65.717796 20.751 -100.00 -100.00 -100.00
 234    10.610 56969.83088037 32.30  52.218791  65.717303 30.722 -100.00 -100.00 -100.00
 235    10.716 56979.74652152 32.60  52.198085  65.718983 22.598 -100.00 -100.00 -100.00
 235    10.746 56979.74652211 33.03  52.204351  65.718491 26.014 -100.00 -100.00 -100.00
 235    10.830 56979.74652270 31.58  52.210616  65.717998 18.426 -100.00 -100.00 -100.00
 235    10.973 56979.74652329 31.63  52.216881  65.717505 21.939 -100.00 -100.00 -100.00
 235    11.003 56979.74652388 32.02  52.223146  65.717011 20.911 -100.00 -100.00 -100.00
 236    10.558 56989.66216044 32.67  52.201099  65.719328 23.430 -100.00 -100.00 -100.00
 236    10.601 56989.66216103 33.78  52.207365  65.718835 28.092 -100.00 -100.00 -100.00
 236    10.786 56989.66216162 35.94  52.213630  65.718342   -100 -100.00 -100.00 -100.00
 236    10.684 56989.66216221 34.99  52.219896  65.717849   -100 -100.00 -100.00 -100.00
 237    10.334 56999.57779260 26.76  52.199019  65.719639 11.380 -100.00 -100.00 -100.00
 237    10.905 56999.57779319 26.22  52.205285  65.719147 10.285 -100.00 -100.00 -100.00
 237    10.670 56999.57779378 26.08  52.211551  65.718654 10.013 -100.00 -100.00 -100.00
 237    10.463 56999.57779437 26.66  52.217817  65.718161 10.633 -100.00 -100.00 -100.00
 238    13.279 57009.49344548 26.04  52.198210  65.718583  9.060 -100.00 -100.00 -100.00
 238    12.730 57009.49344607 24.78  52.204476  65.718090  7.522 -100.00 -100.00 -100.00
 238    12.320 57009.49344666 25.16  52.210742  65.717597  7.596 -100.00 -100.00 -100.00
 238    11.243 57009.49344725 25.53  52.217008  65.717104 10.062 -100.00 -100.00 -100.00
 238    10.576 57009.49344784 25.70  52.223273  65.716611  9.481 -100.00 -100.00 -100.00
 239    10.170 57019.40909811 27.64  52.199745  65.717021 13.358  248.38  244.57  238.90
 239    10.531 57019.40909870 26.75  52.206011  65.716529 10.783  248.38  244.57  238.90
 239    10.437 57019.40909929 27.41  52.212277  65.716036 13.332  248.38  244.57  238.90
 239    11.088 57019.40909988 26.10  52.218542  65.715542 10.948  248.38  244.57  238.90
 240    13.980 57029.32474737 21.52  52.198111  65.716749  6.077 -100.00 -100.00 -100.00
 240    13.206 57029.32474796 21.44  52.204377  65.716256  6.862 -100.00 -100.00 -100.00
 240    12.297 57029.32474855 21.60  52.210642  65.715763  6.179 -100.00 -100.00 -100.00
 240    11.585 57029.32474914 22.41  52.216907  65.715270  7.213 -100.00 -100.00 -100.00
 241    14.193 57039.24039509 20.12  52.198226  65.717550  4.962 -100.00 -100.00 -100.00
 241    13.105 57039.24039568 20.84  52.204491  65.717057  6.295 -100.00 -100.00 -100.00
 241    12.582 57039.24039627 20.52  52.210757  65.716564  6.371 -100.00 -100.00 -100.00
 241    12.147 57039.24039686 20.24  52.217022  65.716071  5.265 -100.00 -100.00 -100.00
 242    14.551 57049.15604069 19.19  52.200417  65.718685  5.479 -100.00 -100.00 -100.00
 242    14.501 57049.15604128 19.52  52.206683  65.718193  5.891 -100.00 -100.00 -100.00
 242    15.375 57049.15604187 20.54  52.212948  65.717699  7.820 -100.00 -100.00 -100.00
 242    16.349 57049.15604246 20.10  52.219213  65.717206  7.291 -100.00 -100.00 -100.00
 243    14.299 57059.07168228 18.52  52.201916  65.719324  4.853 -100.00 -100.00 -100.00
 243    15.771 57059.07168287 18.69  52.208182  65.718832  5.989 -100.00 -100.00 -100.00
 243    16.149 57059.07168347 18.32  52.214447  65.718338  5.772 -100.00 -100.00 -100.00
 243    16.729 57059.07168406 18.04  52.220712  65.717845  5.077 -100.00 -100.00 -100.00
 244    14.248 57068.98731763 18.14  52.197063  65.719591  6.406  255.49  249.61  237.87
 244    14.817 57068.98731822 18.35  52.203328  65.719098  6.517  255.49  249.61  237.87
 244    15.752 57068.98731881 17.60  52.209594  65.718606  6.154  255.49  249.61  237.87
 244    16.439 57068.98731940 16.46  52.215859  65.718113  4.269  255.49  249.61  237.87
 244    11.554 57068.98731999 17.94  52.222123  65.717619  7.576  255.49  249.61  237.87
 245    18.175 57078.90294913  8.55  52.197280  65.719381 12.435 -100.00 -100.00 -100.00
 245    17.822 57078.90294972 10.22  52.203545  65.718889  9.702 -100.00 -100.00 -100.00
 245    18.412 57078.90295031 10.50  52.209810  65.718396  7.562 -100.00 -100.00 -100.00
 245    19.026 57078.90295090 12.70  52.216075  65.717903  7.227 -100.00 -100.00 -100.00
 245    19.835 57078.90295149 12.58  52.222340  65.717410  5.479 -100.00 -100.00 -100.00
 246    18.149 57088.81858549  7.73  52.200676  65.719611 11.672 -100.00 -100.00 -100.00
 246    18.136 57088.81858608  9.33  52.206942  65.719118  8.257 -100.00 -100.00 -100.00
 246    18.590 57088.81858667 11.91  52.213207  65.718626  7.467 -100.00 -100.00 -100.00
 246    17.562 57088.81858726 15.15  52.219472  65.718133  7.126 -100.00 -100.00 -100.00
 247    41.516 57098.73424331  7.62  52.196195  65.720872 12.228 -100.00 -100.00 -100.00
 247    18.442 57098.73424390 10.32  52.202461  65.720379 10.117 -100.00 -100.00 -100.00
 247    18.945 57098.73424449 11.40  52.208727  65.719886  8.395 -100.00 -100.00 -100.00
 247    19.906 57098.73424508 13.78  52.214992  65.719393  7.637 -100.00 -100.00 -100.00
 247    19.398 57098.73424567 14.44  52.221257  65.718900  5.697 -100.00 -100.00 -100.00
 248    46.208 57108.64989851  1.31  52.195461  65.721919  4.960  236.28  225.72  212.47
 248    18.671 57108.64989910  8.76  52.201727  65.721427 12.562  236.28  225.72  212.47
 248    19.094 57108.64989969  9.28  52.207993  65.720934  7.852  236.28  225.72  212.47
 248    20.092 57108.64990028 11.53  52.214259  65.720441  7.697  236.28  225.72  212.47
 249     9.649 57118.56554863 13.99  52.195764  65.721888 10.631 -100.00 -100.00 -100.00
 249     9.098 57118.56554922 18.44  52.202030  65.721395 20.828 -100.00 -100.00 -100.00
 249    11.858 57118.56554981 12.44  52.208296  65.720902  8.067 -100.00 -100.00 -100.00
 249     9.542 57118.56555040 14.18  52.214562  65.720409 10.234 -100.00 -100.00 -100.00
 250     9.089 57128.48119302 25.72  52.199157  65.720614   -100  261.75  258.57  251.95
 250     9.305 57128.48119361 24.22  52.205423  65.720121   -100  261.75  258.57  251.95
 250     9.518 57128.48119420 20.18  52.211689  65.719628 19.321  261.75  258.57  251.95
 250     9.873 57128.48119479 17.80  52.217954  65.719135 13.360  261.75  258.57  251.95
