# NaN NaN NaN ;Mean Elev.(m), Avg Gradient(m/km), RMS Gradient(m/km) - SRTM1     
#   15.670  -2.202   5.900 ;Mean Elev.(m), Avg Gradient(m/km), RMS Gradient(m/km) - ASTER GDEM
#   39.703  -2.721  11.033 ;Mean Elev.(m), Avg Gradient(m/km), RMS Gradient(m/km) - GMTED2010 
   1  55.111166  65.907699    75.095    75.095  2 54665.41956822  5.060
   2  55.107170  65.908940    67.742    67.835  4 54675.33521248 23.614
   3  55.109710  65.910418     3.975     6.961  3 54685.25085593 23.359
   4  55.109986  65.911488    74.212    68.851  4 54695.16649768 26.442
   5  55.109305  65.910855     3.622     0.633  3 54705.08213688 27.612
   6  55.106460  65.908466    70.334    68.935  4 54714.99778844 25.712
   7  55.105307  65.906053    11.096    11.635  4 54724.91343865 25.011
   8  55.104938  65.905294    67.401    63.685  4 54734.82908682  3.227
   9  55.103749  65.906697    64.580    62.631  4 54744.74473371 11.542
  10  55.105942  65.908026    71.888    72.015  4 54754.66038048 26.173
  11  55.105459  65.907855    29.001    29.064  4 54764.57602604 24.376
  12  55.103590  65.905950    78.787    81.034  3 54774.49166876  1.359
  13  55.103987  65.904151    76.065    71.616  4 54784.40730911 13.565
  14  55.100678  65.904630    84.473    84.761  4 54794.32294724  9.886
  18  55.106415  65.907999    67.165    66.905  3 54833.98550721  4.410
  19  55.107836  65.907533    67.714    67.540  4 54843.90115731  3.328
  20  55.107647  65.908467    67.632    67.140  3 54853.81680624  3.399
  21  55.107787  65.910182    67.717    67.320  4 54863.73245494  2.758
  22  55.111112  65.910671    67.594    67.193  4 54873.64810376  5.524
  23  55.107868  65.909777    67.698    67.136  4 54883.56374964  3.906
  24  55.106594  65.907238    67.644    67.404  4 54893.47939237  5.033
  25  55.102958  65.905203    68.222    68.126  4 54903.39503217  6.052
  26  55.102861  65.905074    67.917    67.473  4 54913.31067100  5.047
  27  55.103645  65.906584    68.308    68.119  4 54923.22630912  7.594
  28  55.106068  65.908024    67.630    67.664  3 54933.14194661  6.692
  29  55.108466  65.907873    67.974    67.918  4 54943.05758229  2.162
  30  55.103005  65.906636    68.911    68.792  4 54952.97321534  4.133
  31  55.102652  65.904790    21.541    21.657  4 54962.88885909 24.958
  32  55.099867  65.904999    26.716    26.654  4 54972.80450738 37.881
  33  55.107151  65.906362    76.246    76.720  4 54982.72015561 15.018
  34  55.107463  65.908378    67.752    64.929  3 54992.63580291  7.019
  35  55.106279  65.909073    76.463    76.793  4 55002.55144928  8.912
  36  55.106050  65.908665    69.843    69.102  4 55012.46709390 11.066
  37  55.105169  65.908062    27.288    28.257  4 55022.38273705 32.674
  38  55.105521  65.908636    74.900    75.019  4 55032.29837945 14.967
  39  55.108628  65.909734    25.960    25.829  4 55042.21402140 31.439
  40  55.111009  65.910409    25.039    23.186  3 55052.12966176 34.389
  41  55.106947  65.909678    27.275    28.610  4 55062.04529939 35.404
  42  55.105934  65.907358    24.801    24.826  4 55071.96094270 38.721
  43  55.100075  65.905480    24.688    24.608  4 55081.87659082 37.350
  44  55.103500  65.904913    24.736    24.702  4 55091.79223808 32.719
  45  55.106262  65.905977    68.632    65.776  4 55101.70788476  4.033
  46  55.105239  65.907499    69.833    69.844  3 55111.62353069 25.630
  47  55.107827  65.907298    65.460    62.273  4 55121.53917486  4.736
  48  55.100874  65.906179    23.910    22.690  4 55131.45481535 44.482
  49  55.099161  65.904645    83.512    90.748  4 55141.37045435 16.561
  50  55.102942  65.904620    84.402    85.026  4 55151.28609313  4.346
  51  55.102300  65.906578    27.277    27.099  4 55161.20173158 28.660
  52  55.112140  65.908121    84.683    84.683  2 55171.11737059  1.613
  54  55.107723  65.908870    67.953    68.019  4 55190.94865568  2.473
  55  55.108760  65.908511    28.364    28.492  4 55200.86430605 17.260
  57  55.107211  65.909563    68.237    67.979  4 55220.69560457  0.554
  58  55.107304  65.909157    67.816    67.737  4 55230.61125265  1.594
  59  55.104939  65.908082    67.933    67.770  4 55240.52689731  1.772
  60  55.106302  65.906215    67.656    67.428  4 55250.44253876  4.786
  61  55.104196  65.905176    67.239    66.774  4 55260.35817760  3.420
  62  55.101376  65.905533    67.239    66.950  4 55270.27381554  3.327
  63  55.102455  65.906464    68.538    68.134  4 55280.18945375  4.888
  64  55.104070  65.907152    69.078    68.910  4 55290.10509078  4.964
  65  55.104819  65.907140    28.111    28.113  4 55300.02072539 21.451
  66  55.103924  65.906067    22.593    22.805  3 55309.93637066 39.723
  67  55.102648  65.905229    69.785    67.364  3 55319.85201632 21.148
  68  55.103421  65.905419    75.009    74.990  4 55329.76766106 26.815
  69  55.105882  65.906702    76.915    76.732  4 55339.68330567 13.143
  70  55.107118  65.908085    72.418    68.374  3 55349.59894987  1.747
  71  55.108226  65.908799    76.464    79.369  3 55359.51459206  5.755
  72  55.109630  65.908801    78.929    79.395  4 55369.43023215  5.111
  73  55.109629  65.908909    70.540    69.266  4 55379.34587064 19.460
  74  55.108637  65.909449    70.591    71.548  3 55389.26150833  9.018
  75  55.107241  65.909849    70.658    69.809  4 55399.17714498 23.885
  76  55.109530  65.908927    75.791    73.747  4 55409.09279149  9.145
  77  55.105577  65.907318    68.214    68.159  4 55419.00844185 11.652
  78  55.102376  65.905824    74.595    68.767  4 55428.92408888  8.398
  79  55.104171  65.905354    73.786    75.050  4 55438.83973370  6.833
  80  55.103904  65.906129    72.715    73.877  4 55448.75537688  4.226
  81  55.106609  65.906661    68.895    68.314  4 55458.67102001 24.284
  82  55.105496  65.906724    61.542    61.418  4 55468.58666205  7.284
  83  55.101831  65.906182    61.534    61.083  4 55478.50230063  4.090
  84  55.105391  65.905377    62.617    62.511  4 55488.41793689  5.013
  85  55.104537  65.905527    38.692    30.007  4 55498.33357047 14.510
  86  55.104420  65.906672    23.152    23.131  3 55508.24920902 46.400
  87  55.107626  65.907489    24.411    23.424  4 55518.16485955 45.698
  88  55.106169  65.908369    73.899    73.741  4 55528.08050874  7.151
  89  55.108841  65.908412    28.010    28.126  4 55537.99615642 27.229
  90  55.108161  65.908535    90.866    90.976  3 55547.91180152  0.890
  91  55.111989  65.908715    91.475    91.475  2 55557.82744524  0.177
  92  55.108217  65.909604    79.947    78.333  4 55567.74308736  1.284
  95  55.103025  65.906361    68.274    68.274  4 55597.49000475  1.505
  96  55.104527  65.905271    67.691    67.195  4 55607.40563864  3.056
  98  55.105453  65.907232    68.168    67.591  3 55627.23691510  0.835
 100  55.105509  65.906966    68.028    67.136  3 55647.06821628  2.766
 101  55.103117  65.905519    70.756    69.987  4 55656.98386283 10.444
 102  55.099300  65.905013    28.550    28.662  4 55666.89950489 26.481
 103  55.103959  65.905535    27.927    28.721  4 55676.81514484 27.576
 104  55.107737  65.907156    69.134    66.853  4 55686.73078280 18.480
 105  55.108728  65.908627    74.848    74.470  4 55696.64641932 16.343
 106  55.107502  65.909167    79.416    74.101  3 55706.56205438 16.557
 107  55.106127  65.908659    76.316    77.095  3 55716.47770430  7.005
 109  55.106942  65.909044    24.705    23.616  4 55736.30899996 40.915
 110  55.109883  65.909728    26.980    28.474  3 55746.22464588 33.036
 111  55.106882  65.909657    25.280    25.143  4 55756.14028938 39.957
 112  55.104182  65.908020    21.763    21.778  4 55766.05593048 49.736
 113  55.102502  65.905779    24.644    24.641  4 55775.97156878 38.106
 114  55.104895  65.904464    25.009    24.621  4 55785.88720452 28.076
 115  55.101685  65.905864    24.785    24.536  4 55795.80283771 32.076
 116  55.105379  65.907601    21.544    21.483  4 55805.71847790 49.085
 117  55.106983  65.908359    25.340    25.598  4 55815.63412718 35.182
 118  55.103405  65.907378    24.607    24.660  4 55825.54977331 29.761
 119  55.103117  65.905621    25.391    25.256  4 55835.46541528 30.765
 120  55.101251  65.904840    25.600    25.367  4 55845.38105357 31.456
 121  55.105621  65.905970    28.607    28.957  4 55855.29668963 20.409
 122  55.104577  65.908301    24.256    23.158  4 55865.21232996 44.167
 123  55.108627  65.909518    22.855    22.840  3 55875.12798332 35.694
 133  55.105384  65.905136    68.158    67.975  4 55974.28441719  0.974
 134  55.105888  65.907567    67.799    67.282  4 55984.20005341  4.029
 135  55.109480  65.908746    67.364    67.122  4 55994.11568766  2.769
 136  55.105521  65.907747    67.581    67.566  3 56004.03133834  4.598
 137  55.104803  65.905380    67.849    67.603  4 56013.94698715  4.299
 139  55.103579  65.905860    49.788    56.024  3 56033.77827586  3.073
 141  55.109186  65.910099    26.449    26.352  3 56053.60955582 40.738
 142  55.108493  65.910218    76.038    75.481  4 56063.52519084 19.796
 143  55.108420  65.908959    74.848    76.571  3 56073.44083302  4.862
 144  55.108071  65.908126    73.173    72.998  4 56083.35648297 18.773
 145  55.108006  65.908375    71.327    71.050  4 56093.27213051  5.132
 146  55.106558  65.909301    69.191    68.204  4 56103.18777572 22.277
 147  55.108461  65.908933    76.587    75.861  3 56113.10340681  7.101
 148  55.105285  65.907779    68.424    67.450  3 56123.01904533  2.743
 149  55.104818  65.905823    74.362    72.414  4 56132.93468021 18.406
 150  55.100252  65.905152    73.321    72.870  4 56142.85031752  2.742
 151  55.105894  65.905456    22.738    22.738  4 56152.76596869 40.951
 152  55.104668  65.907253    23.827    22.541  4 56162.68161765 41.122
 153  55.106852  65.908208    21.843    21.841  3 56172.59726496 44.698
 154  55.106292  65.907670    67.099    67.554  4 56182.51290722 21.403
 155  55.102543  65.906321    68.853    67.147  4 56192.42854547  4.420
 156  55.100230  65.905605    69.883    70.125  4 56202.34418114 23.130
 157  55.103850  65.906676    64.599    61.336  4 56212.25981546  9.398
 158  55.108077  65.908999    68.842    67.641  4 56222.17544786 20.955
 159  55.108430  65.910603    22.823    22.788  3 56232.09110266 43.777
 161  55.107539  65.909350    65.854    65.868  3 56251.92240337 11.215
 162  55.106810  65.908371    22.944    22.951  3 56261.83804689 31.448
 163  55.105390  65.908426    22.617    22.626  4 56271.75368819 30.308
 164  55.107056  65.908707    22.840    22.832  4 56281.66932952 26.445
 165  55.107502  65.908449    27.237    27.292  4 56291.58498169 20.236
 166  55.104781  65.907236    27.736    27.775  4 56301.50062913 19.369
 167  55.103127  65.905642    27.622    27.611  4 56311.41627249 18.730
 168  55.103971  65.904956    27.737    27.794  4 56321.33191387 18.952
 169  55.102088  65.906033    27.630    27.640  4 56331.24755436 19.102
 170  55.105600  65.907317    66.241    66.345  3 56341.16319483  3.999
 171  55.106955  65.908115    68.017    67.802  4 56351.07883286  2.680
 172  55.107436  65.907496    67.305    66.967  4 56360.99447177  3.008
 173  55.104175  65.906404    67.864    67.121  3 56370.91012116  2.778
 174  55.105009  65.906067    67.588    67.234  4 56380.82576825  3.760
 175  55.107285  65.907272    67.577    67.113  4 56390.74141321  3.308
 176  55.107611  65.909018    27.415    27.465  3 56400.65705631 25.839
 177  55.107893  65.910102    63.175    63.097  4 56410.57269674 11.874
 178  55.109588  65.909996    67.427    67.308  4 56420.48833250 15.756
 179  55.109427  65.909429    65.204    64.634  3 56430.40396968  6.178
 180  55.107867  65.908860    73.414    72.799  3 56440.31962267 27.404
 181  55.108185  65.908531    76.862    76.862  2 56450.23527337  8.232
 182  55.105211  65.908370    74.415    74.375  4 56460.15092154 24.280
 184  55.104107  65.906537    22.765    22.724  4 56479.98220793 52.271
 185  55.101348  65.906130    21.824    21.820  4 56489.89784504 50.691
 187  55.104569  65.907138    21.160    21.178  4 56509.72911362 51.341
 188  55.106593  65.907707    25.864    27.799  3 56519.64475570 30.708
 189  55.104435  65.907756    26.457    28.036  4 56529.56040914 34.816
 190  55.105170  65.907294    68.393    66.611  4 56539.47605882 21.199
 191  55.105392  65.906847    21.841    21.830  4 56549.39170421 41.705
 192  55.106768  65.907218    77.338    78.808  3 56559.30734730  8.203
 193  55.109746  65.908217    75.381    75.381  2 56569.22298959  5.969
 194  55.110119  65.909655    69.712    68.435  3 56579.13863034 16.179
 195  55.108390  65.910334    72.827    69.888  4 56589.05426708 14.273
 196  55.104842  65.910034    74.811    66.450  3 56598.96991104 13.238
 197  55.107418  65.908917    25.350    25.403  3 56608.88556224 41.419
 198  55.105805  65.908927    76.246    71.661  4 56618.80120810 21.986
 199  55.109014  65.908926    22.877    22.876  4 56628.71685114 39.058
 200  55.106932  65.908726    26.270    26.756  3 56638.63249070 23.979
 201  55.105300  65.907450    28.580    28.687  3 56648.54813453 18.467
 202  55.100180  65.906087    69.706    69.706  2 56658.46378562  0.081
 203  55.104833  65.905292    67.670    67.146  4 56668.37943347  2.005
 205  55.108038  65.907664    67.311    66.741  4 56688.21072225  3.048
 206  55.106412  65.908132    67.344    67.507  3 56698.12636335  1.004
 207  55.103530  65.907604    68.406    68.302  4 56708.04199975  2.681
 208  55.104902  65.906723    67.694    67.584  4 56717.95763727  5.056
 211  55.110134  65.909677    68.172    68.053  3 56747.70458420  4.217
 212  55.109912  65.910384    68.075    67.789  4 56757.62022477  4.711
 213  55.108405  65.910033    22.373    22.147  4 56767.53585932 36.657
 214  55.107637  65.908918    76.224    75.548  4 56777.45150391  5.927
 215  55.105811  65.908445    24.680    24.681  4 56787.36715991 35.551
 216  55.105989  65.908656    70.018    67.807  4 56797.28281254 13.607
 217  55.108115  65.908939    77.183    77.070  4 56807.19846013 27.111
 219  55.104943  65.906975    75.128    74.835  3 56827.02973892 21.798
 220  55.102228  65.905649    71.504    71.512  4 56836.94537313 25.468
 221  55.101436  65.905940    73.538    70.898  4 56846.86100444 20.963
 222  55.102535  65.907104    74.487    74.487  2 56856.77665484  8.567
 223  55.106412  65.908376    23.705    22.456  4 56866.69230854 43.868
 224  55.106258  65.908457    24.228    23.151  4 56876.60796055 35.991
 225  55.105861  65.907512    26.331    27.903  3 56886.52360945 31.630
 226  55.103806  65.906400    76.672    77.760  4 56896.43925545  9.579
 227  55.105020  65.906609    67.682    62.859  3 56906.35489881  5.029
 228  55.108373  65.908233    69.445    68.573  4 56916.27054015 10.752
 229  55.108590  65.910365    71.403    72.777  4 56926.18617930  9.667
 230  55.111160  65.911113    70.296    70.606  4 56936.10181537 14.334
 231  55.108468  65.910465    22.884    22.920  3 56946.01744570 45.255
 232  55.107339  65.908513    26.555    27.673  4 56955.93309813 34.228
 233  55.103447  65.907702    22.711    22.725  4 56965.84874693 36.773
 234  55.105577  65.908317    23.089    23.087  4 56975.76439185 35.743
 235  55.107075  65.909464    76.586    76.806  4 56985.68003220  1.698
 236  55.107278  65.909368    93.606    93.870  4 56995.59566698  0.998
 237  55.107242  65.907425    76.298    76.510  4 57005.51130929  1.803
 238  55.101443  65.905419    70.456    70.538  4 57015.42696380  9.623
 239  55.102890  65.904958    67.432    67.245  4 57025.34261466  3.655
 240  55.105856  65.906753    67.900    67.755  4 57035.25826344  1.953
 241  55.105333  65.908828    27.951    27.786  4 57045.17390936 20.663
 242  55.107689  65.909164    68.221    67.957  3 57055.08955251  3.454
 243  55.104348  65.908009    68.607    68.395  4 57065.00519024  2.309
 244  55.103855  65.907074    68.427    68.315  4 57074.92082351  3.380
 245  55.104844  65.907675    68.404    67.817  4 57084.83645359  6.326
 246  55.109427  65.909379    67.952    67.717  3 57094.75210782  8.537
 247  55.109747  65.911087    68.223    68.092  4 57104.66776434  7.928
 248  55.109662  65.911376    68.204    67.808  3 57114.58341657  7.246
 249  55.109097  65.909867    23.442    21.685  4 57124.49906263 20.240
 250  55.106153  65.908210    67.867    67.219  3 57134.41470318  1.600
