# NaN NaN NaN ;Mean Elev.(m), Avg Gradient(m/km), RMS Gradient(m/km) - SRTM1     
#   41.967   1.463   8.942 ;Mean Elev.(m), Avg Gradient(m/km), RMS Gradient(m/km) - ASTER GDEM
#   41.928   1.154   8.241 ;Mean Elev.(m), Avg Gradient(m/km), RMS Gradient(m/km) - GMTED2010 
   1  56.732559  65.808359    74.346    85.126  3 54666.35480830 16.087
   2  56.731729  65.809430    41.689    41.689  2 54676.27045283 21.432
   3  56.735065  65.811437     3.167     3.167  2 54686.18609638  7.175
   5  56.734054  65.811262     8.450     8.450  2 54706.01737732 12.123
   6  56.733706  65.808862    88.708    88.708  2 54715.93302955 21.787
   7  56.731329  65.806396    11.449    11.451  3 54725.84867913 11.274
   8  56.733226  65.806209   103.909   103.909  2 54735.76432733  9.152
   9  56.732115  65.807897    77.450    76.383  3 54745.67997451 24.888
  10  56.733273  65.809702   102.836   102.836  2 54755.59562146 16.725
  11  56.735331  65.809616    96.589    96.589  2 54765.51126704 14.025
  12  56.730619  65.807053    82.903    82.903  2 54775.42690896 18.741
  13  56.731886  65.805116    80.408    77.751  3 54785.34254896 12.953
  14  56.730916  65.805092    35.130    35.160  3 54795.25818730 40.151
  17  56.731405  65.809525    35.002    35.002  2 54825.00510846 16.919
  20  56.735748  65.810307    34.998    34.998  2 54854.75204728 13.421
  22  56.733970  65.812519   105.825   105.825  2 54874.58334457  2.228
  24  56.731169  65.808835    97.351    97.351  2 54894.41463256  2.972
  25  56.731032  65.806747   104.483   104.413  3 54904.33027226  3.612
  26  56.733272  65.806630    86.252    86.185  3 54914.24591108  4.503
  27  56.731985  65.807770   104.859   104.817  3 54924.16154905  4.736
  28  56.731465  65.808909   105.220   105.220  2 54934.07718631  6.360
  29  56.733185  65.808691   104.933   104.890  3 54943.99282178  1.325
  30  56.733291  65.806755   104.470   104.470  2 54953.90845489  4.036
  32  56.730609  65.805100    40.752    40.762  3 54973.73974802 46.510
  33  56.732025  65.807068   102.412   102.944  3 54983.65539593 20.928
  34  56.733525  65.809186    88.408    88.408  2 54993.57104367 17.463
  35  56.734237  65.810111    98.826    98.826  2 55003.48669020  9.223
  36  56.734467  65.809967   103.858   103.858  2 55013.40233463  8.227
  37  56.733691  65.809488   103.626   103.626  2 55023.31797756  9.182
  38  56.735609  65.810209   104.032   104.032  2 55033.23362006  4.652
  41  56.733342  65.809650    42.908    47.801  3 55062.98053919 20.604
  42  56.730966  65.807516    67.030    67.030  2 55072.89618349 15.243
  43  56.731391  65.806168    72.316    72.316  2 55082.81183176 10.377
  44  56.732804  65.806430   103.703   103.703  2 55092.72747861  6.113
  45  56.732170  65.807485    86.595    75.613  3 55102.64312508 25.905
  46  56.732236  65.808561    94.163    94.163  2 55112.55877131 12.926
  47  56.730543  65.808161   102.836   102.836  2 55122.47441499  9.026
  48  56.731874  65.806930    80.890    80.890  2 55132.39005600 21.109
  49  56.733210  65.805726    84.919    80.331  3 55142.30569496 16.704
  50  56.731998  65.805846    33.371    33.371  2 55152.22133313 32.115
  51  56.731650  65.807181    34.008    34.007  3 55162.13697167 26.966
  52  56.734602  65.808860    34.046    34.046  2 55172.05261015 23.470
  53  56.733680  65.809398    34.163    34.163  2 55181.96824665 18.511
  54  56.734732  65.809629    34.129    34.129  2 55191.88389694 16.850
  55  56.734046  65.810059    33.988    33.988  2 55201.79954701 16.350
  56  56.735298  65.810845   104.592   104.592  2 55211.71519664  1.079
  58  56.732204  65.810372    33.747    33.747  2 55231.54649325 17.805
  59  56.730902  65.808809    33.712    33.712  2 55241.46213773 19.171
  60  56.731994  65.807397    86.000    85.896  3 55251.37777893  2.557
  62  56.730639  65.807105    95.241    95.241  2 55271.20905562  3.576
  63  56.733286  65.807820   103.430   103.430  2 55281.12469377  1.655
  64  56.733552  65.807771   104.400   104.400  2 55291.04033047  2.754
  66  56.731102  65.805985    80.637    80.637  2 55310.87161126  6.250
  67  56.730111  65.805756    84.905    86.252  3 55320.78725670 27.083
  68  56.731551  65.806652    84.337    84.337  2 55330.70290131 29.262
  69  56.733438  65.808154    85.116    79.722  3 55340.61854591 25.866
  70  56.731942  65.808956   104.696   104.696  2 55350.53418996  5.817
  71  56.730827  65.809238    77.843    77.843  2 55360.44983191 22.478
  72  56.730722  65.809421    99.344    99.344  2 55370.36547177  9.900
  73  56.734173  65.810113   103.823   103.823  2 55380.28111049  6.140
  74  56.733840  65.810680   104.143   104.143  2 55390.19674815  2.877
  75  56.733463  65.810460   100.339   104.198  3 55400.11238466  5.988
  76  56.731019  65.808989    79.749    79.749  2 55410.02803207 15.395
  78  56.731657  65.805919    85.146    77.006  3 55429.85932942 15.863
  79  56.732182  65.806462    93.696   102.745  3 55439.77497410 16.679
  80  56.732323  65.807767    93.398    93.398  2 55449.69061733 10.650
  81  56.734651  65.808495    75.960    75.960  2 55459.60626033 26.149
  82  56.733232  65.807688    89.756    89.756  2 55469.52190204 13.705
  83  56.732209  65.806230    86.132    81.381  3 55479.43754060 15.845
  84  56.731470  65.805341    91.978    96.149  3 55489.35317642 12.937
  85  56.730048  65.805582    87.796    87.017  3 55499.26880995 21.096
  86  56.732782  65.807265    81.405    81.405  2 55509.18445038 22.214
  87  56.732878  65.808628    36.158    36.158  2 55519.10010045 42.317
  88  56.733331  65.809294    34.720    34.720  2 55529.01574960 35.216
  89  56.733052  65.809261    34.813    34.813  2 55538.93139685 27.317
  90  56.732567  65.809370    35.297    35.294  3 55548.84704184 21.610
  91  56.732329  65.810151    34.897    34.897  2 55558.76268516 19.484
  92  56.731292  65.811068    34.494    34.494  2 55568.67832755 18.817
  93  56.730999  65.810826    34.471    34.471  2 55578.59396912 18.433
  94  56.735257  65.809181    34.572    34.572  2 55588.50960867 18.508
  95  56.732726  65.806303    94.846    94.846  2 55598.42524452  2.261
  96  56.731395  65.804800    34.306    34.306  2 55608.34087793 17.737
  97  56.732731  65.805481    34.380    34.475  3 55618.25650979 17.812
  99  56.730666  65.808454    34.004    34.004  2 55638.08780769 17.032
 100  56.730497  65.807519   104.512   104.512  2 55648.00345679  1.453
 102  56.729034  65.804682    86.608    86.608  2 55667.83474488  8.029
 103  56.730421  65.805923    84.998    84.998  2 55677.75038454 12.076
 104  56.732551  65.808194   103.221   103.221  2 55687.66602240 19.929
 105  56.732678  65.809613    95.730    95.730  2 55697.58165878 16.170
 106  56.732941  65.809429   100.512   100.808  3 55707.49729403 13.249
 107  56.733356  65.808823   105.148   105.148  2 55717.41294531  4.294
 108  56.733167  65.808817   103.568   103.639  3 55727.32859381  5.408
 109  56.732795  65.809780    89.748    89.748  2 55737.24424067 21.416
 110  56.731870  65.810845    89.924    89.924  2 55747.15988622 12.842
 111  56.730858  65.810589    43.127    43.127  2 55757.07552962 14.416
 112  56.730604  65.808596    80.192    80.192  2 55766.99117043 12.587
 113  56.733121  65.806108    81.574    81.315  3 55776.90680847 10.396
 114  56.731863  65.804556    88.206    87.106  3 55786.82244353  3.253
 115  56.733101  65.805605    47.903    47.913  3 55796.73807723  9.703
 116  56.731882  65.807511    61.774    47.989  3 55806.65371892 16.942
 117  56.732492  65.808783    84.217    84.217  2 55816.56936811 15.858
 118  56.734386  65.807795   103.985   103.985  2 55826.48501415  2.765
 119  56.731154  65.805652   103.053   103.053  2 55836.40065527  6.876
 120  56.730490  65.804429   101.741   102.077  3 55846.31629338 11.404
 121  56.731015  65.805663    96.982    96.982  2 55856.23192909 10.465
 122  56.730814  65.808082    34.943    34.943  2 55866.14757164 40.676
 123  56.735718  65.810485    34.113    34.113  2 55876.06322472 39.056
 133  56.732321  65.805839    33.835    33.835  2 55975.21965679 16.839
 134  56.731095  65.807760   104.638   104.638  2 55985.13529300  2.002
 135  56.732336  65.808701   104.876   104.725  3 55995.05092737  2.277
 136  56.731610  65.807789    83.728    83.728  2 56004.96657938  6.953
 137  56.732680  65.805933    86.081    86.081  2 56014.88222763  6.458
 141  56.732437  65.810725    86.017    86.017  2 56054.54479554 20.814
 142  56.734117  65.810615   101.169   101.169  2 56064.46043033 17.625
 143  56.732107  65.809407   100.192   100.192  2 56074.37607393 12.455
 144  56.734437  65.809250    85.594    85.594  2 56084.29172381 20.134
 145  56.732908  65.809405    94.883    94.883  2 56094.20737097 15.958
 146  56.734904  65.810055    96.428    96.428  2 56104.12301632 20.534
 147  56.732545  65.809371   100.738   101.379  3 56114.03864671  2.050
 148  56.730957  65.807959   101.784   101.784  2 56123.95428495 17.990
 149  56.731478  65.806085    91.190    97.248  3 56133.86991940 25.260
 150  56.731444  65.805274    86.601    83.295  3 56143.78555864 22.271
 151  56.731907  65.806096    90.739    90.739  2 56153.70120915 13.315
 152  56.734139  65.807822    80.005    80.005  2 56163.61685854 20.589
 153  56.732428  65.808637    79.780    79.728  3 56173.53250547 20.952
 154  56.734412  65.808290   103.518   103.518  2 56183.44814764  8.082
 155  56.730823  65.806668   103.622   103.561  3 56193.36378550  8.806
 156  56.732284  65.806056   103.202   102.851  3 56203.27942109  9.888
 157  56.731305  65.806884    74.046    74.046  2 56213.19505482 22.575
 158  56.732290  65.808825   109.025   109.025  2 56223.11068774 22.596
 159  56.732195  65.810547    84.580    84.580  2 56233.02634403 15.853
 160  56.731184  65.810712    34.594    34.594  2 56242.94199616 24.402
 161  56.731039  65.809975    34.748    34.748  2 56252.85764379 21.136
 162  56.733576  65.809542    34.869    34.869  2 56262.77328718 14.477
 164  56.731666  65.809331    34.389    34.389  2 56282.60457069 15.007
 165  56.731919  65.808928    34.368    34.368  2 56292.52022258 15.335
 166  56.731985  65.807677    34.092    34.092  2 56302.43586997 15.379
 167  56.733542  65.806636    34.122    34.122  2 56312.35151328 16.572
 168  56.730539  65.806328    33.724    33.724  2 56322.26715404 17.232
 169  56.730964  65.807273    33.837    33.837  2 56332.18279456 16.701
 170  56.731294  65.808034   104.279   104.279  2 56342.09843462  2.744
 171  56.731897  65.808034   104.669   104.670  3 56352.01407237  1.458
 172  56.731877  65.807232   103.623   104.257  3 56361.92971269  2.263
 173  56.732335  65.806919   103.832   103.830  3 56371.84536204  2.187
 174  56.731945  65.807548   104.411   104.411  2 56381.76100870  2.044
 175  56.733184  65.809173   102.620   102.712  3 56391.67665342  2.244
 177  56.731296  65.810589    89.644    89.644  2 56411.50793642 15.029
 178  56.733135  65.810199    96.707   102.401  3 56421.42357180 18.969
 179  56.731055  65.809635    83.004    83.004  2 56431.33921090 24.240
 180  56.732586  65.809994   103.603   103.603  2 56441.25486388 11.245
 181  56.730708  65.810047   105.187   105.187  2 56451.17051404  5.527
 182  56.735050  65.809760   109.061   109.061  2 56461.08616241 15.174
 183  56.734119  65.808358    48.156    48.156  2 56471.00180696 20.461
 184  56.731399  65.806932    48.139    48.118  3 56480.91744772 16.848
 185  56.730493  65.806442    88.805    88.805  2 56490.83308480 15.888
 187  56.733030  65.807683    78.330    78.330  2 56510.66435302 17.960
 189  56.731191  65.807629   103.874   103.874  2 56530.49565014  3.661
 191  56.732187  65.807304    80.205    80.205  2 56550.32694484  7.327
 192  56.732341  65.808482   103.523   103.523  2 56560.24258773  7.312
 193  56.730814  65.809881   103.929   103.929  2 56570.15822944  8.236
 194  56.736467  65.811318    77.975    77.975  2 56580.07387042 16.660
 195  56.736066  65.810824    34.724    34.724  2 56589.98950680 32.598
 196  56.732473  65.809662    35.066    35.066  2 56599.90515251 30.393
 197  56.732624  65.809262    86.979    82.901  3 56609.82080301 18.683
 198  56.733050  65.809920    80.674    80.679  3 56619.73644877 17.526
 199  56.734409  65.810569    34.110    34.110  2 56629.65209147 36.074
 200  56.731302  65.809638    34.553    34.553  2 56639.56773042 27.001
 201  56.733788  65.807859    34.824    34.824  2 56649.48337601 25.502
 202  56.730789  65.805962   103.279   103.279  2 56659.39902681  0.425
 203  56.732311  65.805994   104.085   104.071  3 56669.31467424  1.283
 205  56.734004  65.809472   102.886   102.886  2 56689.14596280  0.070
 206  56.734604  65.809466   102.906   102.906  2 56699.06160349  2.065
 207  56.733425  65.807826   102.948   102.948  2 56708.97723932  0.932
 208  56.732847  65.806624   103.123   103.504  3 56718.89287856  4.596
 209  56.733537  65.807412    95.658    95.658  3 56728.80853109  0.853
 211  56.733382  65.811685   105.775   105.775  2 56748.63982443  1.993
 212  56.732690  65.811965   105.728   105.728  2 56758.55546445  2.580
 214  56.733720  65.809388    83.934    83.389  3 56778.38674564  8.690
 215  56.733446  65.809286    88.764    88.764  2 56788.30240149 15.572
 216  56.733463  65.810171   103.874   103.995  3 56798.21805390 18.818
 217  56.734138  65.811110   107.311   107.311  2 56808.13370064 12.037
 219  56.734681  65.808441    84.584    84.584  2 56827.96497863 20.664
 220  56.733091  65.806052    91.160    91.707  3 56837.88061241 20.984
 221  56.730228  65.805402    97.076   100.315  3 56847.79624333  3.089
 222  56.733288  65.807384    48.065    48.065  2 56857.71189643 20.289
 223  56.735088  65.809664    48.011    48.011  2 56867.62755014 14.388
 224  56.733298  65.810034    41.758    41.758  2 56877.54320173 18.277
 225  56.732111  65.808967   104.019   104.019  2 56887.45885015  4.175
 226  56.730587  65.807494    97.016    97.016  2 56897.37449581  1.019
 227  56.731876  65.807906   103.351   103.351  2 56907.29013906  6.661
 228  56.733978  65.810070   104.001   104.001  2 56917.20578032  6.897
 229  56.734383  65.812207   104.410   104.410  2 56927.12141946  6.378
 230  56.736245  65.812775    99.010    99.010  2 56937.03705496 19.471
 231  56.734381  65.810951    80.638    80.638  2 56946.95268512 20.701
 232  56.732925  65.809035    33.812    33.802  3 56956.86833906 30.962
 234  56.733414  65.809212    34.520    34.454  3 56976.69963223 22.957
 236  56.730711  65.809675    34.408    34.408  2 56996.53090621 15.405
 238  56.731869  65.805907   103.815   103.836  3 57016.36220520  1.331
 239  56.731005  65.805704   103.514   104.093  3 57026.27785558  1.849
 241  56.734711  65.809885   104.691   104.691  2 57046.10915041  0.882
 242  56.734455  65.810316   103.166   103.166  2 57056.02479287  3.144
 243  56.732358  65.808734   105.233   105.233  2 57065.94042991  1.062
 244  56.732233  65.807578   104.204   104.204  2 57075.85606264  3.684
 245  56.730999  65.807540   105.028   105.028  2 57085.77169226  4.996
 246  56.733510  65.810014    90.731    90.731  2 57095.68734936  6.362
 247  56.735345  65.812230   102.669   102.669  2 57105.60300593  6.222
 248  56.737357  65.812894   105.512   105.512  2 57115.51865793  5.987
 250  56.731530  65.809311   105.568   105.568  2 57135.34994303  0.734
