# NaN NaN NaN ;Mean Elev.(m), Avg Gradient(m/km), RMS Gradient(m/km) - SRTM1     
#   41.967   1.463   8.942 ;Mean Elev.(m), Avg Gradient(m/km), RMS Gradient(m/km) - ASTER GDEM
#   41.928   1.154   8.241 ;Mean Elev.(m), Avg Gradient(m/km), RMS Gradient(m/km) - GMTED2010 
   1    89.883 54666.35480771 17.22  56.726248  65.807919 18.851 -100.00 -100.00 -100.00
   1    85.126 54666.35480830 10.88  56.732559  65.808359 15.011 -100.00 -100.00 -100.00
   1    48.030 54666.35480889 17.55  56.738870  65.808799   -100 -100.00 -100.00 -100.00
   2    48.010 54676.27045253 20.87  56.728573  65.809211 18.463 -100.00 -100.00 -100.00
   2    35.369 54676.27045312 21.93  56.734884  65.809650 14.898 -100.00 -100.00 -100.00
   3     2.775 54686.18609608  7.20  56.731910  65.811218  2.143  269.25  269.12  268.17
   3     3.559 54686.18609667  7.15  56.738221  65.811657  1.991  269.25  269.12  268.17
   5     8.111 54706.01737703 10.96  56.730899  65.811042  3.196  266.79  267.44  266.18
   5     8.789 54706.01737762 13.04  56.737210  65.811482  5.459  266.79  267.44  266.18
   6    96.249 54715.93302925 17.51  56.730551  65.808642 11.893  265.92  266.82  265.79
   6    81.167 54715.93302984 23.90  56.736861  65.809082 14.994  265.92  266.82  265.79
   7    11.489 54725.84867854 11.87  56.725020  65.805957  3.939  263.00  263.59  263.27
   7    11.451 54725.84867913 10.80  56.731329  65.806396  2.310  263.00  263.59  263.27
   7    11.405 54725.84867972 11.08  56.737639  65.806836  2.557  263.00  263.59  263.27
   8   103.466 54735.76432703  9.68  56.730071  65.805989  4.283  257.43  256.85  256.79
   8   104.353 54735.76432762  8.55  56.736381  65.806429  3.879  257.43  256.85  256.79
   9    76.383 54745.67997392 26.93  56.725804  65.807458 23.222 -100.00 -100.00 -100.00
   9    75.111 54745.67997451 25.92  56.732115  65.807897 16.967 -100.00 -100.00 -100.00
   9    80.856 54745.67997510 16.08  56.738425  65.808336  8.834 -100.00 -100.00 -100.00
  10   103.141 54755.59562117 16.73  56.730118  65.809482  7.451  259.23  258.37  258.04
  10   102.531 54755.59562176 16.72  56.736429  65.809921 13.238  259.23  258.37  258.04
  11    97.056 54765.51126674 14.06  56.732175  65.809397  6.342 -100.00 -100.00 -100.00
  11    96.122 54765.51126733 13.99  56.738487  65.809836  7.414 -100.00 -100.00 -100.00
  12    83.072 54775.42690867 14.52  56.727464  65.806834  8.672 -100.00 -100.00 -100.00
  12    82.733 54775.42690926 20.84  56.733775  65.807273 14.382 -100.00 -100.00 -100.00
  13    89.219 54785.34254837  7.22  56.725576  65.804676  6.018 -100.00 -100.00 -100.00
  13    77.751 54785.34254896 10.56  56.731886  65.805116  9.490 -100.00 -100.00 -100.00
  13    74.252 54785.34254955 16.29  56.738197  65.805555 22.507 -100.00 -100.00 -100.00
  14    35.160 54795.25818671 36.80  56.724605  65.804652 26.311  250.67  246.51  236.28
  14    35.603 54795.25818730 38.84  56.730916  65.805092 20.558  250.67  246.51  236.28
  14    34.627 54795.25818789 42.70  56.737227  65.805531  6.248  250.67  246.51  236.28
  17    35.034 54825.00510817 16.72  56.728249  65.809305  4.855 -100.00 -100.00 -100.00
  17    34.969 54825.00510876 17.11  56.734561  65.809745  5.626 -100.00 -100.00 -100.00
  20    34.955 54854.75204699 12.74  56.732592  65.810088  3.427 -100.00 -100.00 -100.00
  20    35.041 54854.75204758 14.01  56.738903  65.810527  5.266 -100.00 -100.00 -100.00
  22   105.953 54874.58334428  2.49  56.730813  65.812300  3.495  248.47  240.70  223.78
  22   105.697 54874.58334487  1.95  56.737126  65.812739  3.186  248.47  240.70  223.78
  24    92.450 54894.41463226  2.64  56.728013  65.808615  3.601  252.24  243.75  224.72
  24   102.252 54894.41463285  3.28  56.734325  65.809055  4.280  252.24  243.75  224.72
  25   104.650 54904.33027167  3.61  56.724721  65.806308  3.180 -100.00 -100.00 -100.00
  25   104.413 54904.33027226  3.77  56.731032  65.806747  3.391 -100.00 -100.00 -100.00
  25   104.386 54904.33027285  3.45  56.737343  65.807187  3.426 -100.00 -100.00 -100.00
  26    86.736 54914.24591049  4.90  56.726961  65.806190  4.551  252.55  244.46  227.31
  26    86.185 54914.24591108  4.30  56.733272  65.806630  4.454  252.55  244.46  227.31
  26    85.834 54914.24591167  4.28  56.739583  65.807069  4.801  252.55  244.46  227.31
  27   104.817 54924.16154846  5.34  56.725674  65.807331  4.045 -100.00 -100.00 -100.00
  27   105.047 54924.16154905  4.60  56.731985  65.807770  2.987 -100.00 -100.00 -100.00
  27   104.711 54924.16154964  4.19  56.738296  65.808209  3.393 -100.00 -100.00 -100.00
  28   105.310 54934.07718602  6.40  56.728309  65.808690  3.610 -100.00 -100.00 -100.00
  28   105.130 54934.07718661  6.32  56.734620  65.809129  3.251 -100.00 -100.00 -100.00
  29   104.844 54943.99282119  1.92  56.726874  65.808251  3.655  239.90  229.86  214.02
  29   104.890 54943.99282178  1.17  56.733185  65.808691  2.714  239.90  229.86  214.02
  29   105.064 54943.99282237  0.81  56.739495  65.809130  2.846  239.90  229.86  214.02
  30   104.484 54953.90845459  4.13  56.730137  65.806535  3.297 -100.00 -100.00 -100.00
  30   104.456 54953.90845518  3.94  56.736446  65.806975  3.471 -100.00 -100.00 -100.00
  32    40.954 54973.73974743 42.98  56.724300  65.804660 22.500 -100.00 -100.00 -100.00
  32    40.762 54973.73974802 46.02  56.730609  65.805100 30.430 -100.00 -100.00 -100.00
  32    40.539 54973.73974861 48.72  56.736918  65.805539   -100 -100.00 -100.00 -100.00
  33   102.944 54983.65539534 21.77  56.725715  65.806628  7.884 -100.00 -100.00 -100.00
  33   103.021 54983.65539593 19.93  56.732025  65.807068  6.271 -100.00 -100.00 -100.00
  33   101.272 54983.65539652 20.89  56.738335  65.807507  7.436 -100.00 -100.00 -100.00
  34    80.823 54993.57104338 19.41  56.730370  65.808967 10.844  255.40  256.82  257.77
  34    95.993 54993.57104397 13.84  56.736681  65.809406  4.163  255.40  256.82  257.77
  35    95.917 55003.48668990  9.69  56.731082  65.809891  6.421  265.61  267.02  266.42
  35   101.735 55003.48669049  8.70  56.737393  65.810331  5.757  265.61  267.02  266.42
  36   103.746 55013.40233434  8.34  56.731312  65.809747  4.514  263.29  262.90  263.59
  36   103.969 55013.40233493  8.11  56.737623  65.810187  5.313  263.29  262.90  263.59
  37   103.705 55023.31797727  9.55  56.730536  65.809268  3.922  269.96  269.91  269.60
  37   103.548 55023.31797786  8.78  56.736847  65.809707  3.922  269.96  269.91  269.60
  38   103.975 55033.23361977  5.15  56.732453  65.809989  4.159  270.56  270.49  270.11
  38   104.089 55033.23362036  4.09  56.738765  65.810428  3.598  270.56  270.49  270.11
  41    48.015 55062.98053860 19.22  56.727031  65.809210   -100  269.41  270.37  268.80
  41    47.801 55062.98053919 21.19  56.733342  65.809650 14.143  269.41  270.37  268.80
  41    32.909 55062.98053978 21.13  56.739652  65.810090 14.688  269.41  270.37  268.80
  42    85.832 55072.89618320  1.05  56.727811  65.807297  5.974  259.37  259.10  258.35
  42    48.228 55072.89618379 18.17  56.734121  65.807736   -100  259.37  259.10  258.35
  43    48.348 55082.81183146 13.15  56.728236  65.805948 30.840  266.96  267.71  266.14
  43    96.284 55082.81183205  0.65  56.734546  65.806388  5.518  266.96  267.71  266.14
  44   103.375 55092.72747832  7.16  56.729649  65.806210  6.856 -100.00 -100.00 -100.00
  44   104.032 55092.72747891  4.73  56.735959  65.806650  4.166 -100.00 -100.00 -100.00
  45    74.490 55102.64312449 22.09  56.725860  65.807045 12.940  258.79  258.86  258.19
  45   109.682 55102.64312508 21.13  56.732170  65.807485 10.341  258.79  258.86  258.19
  45    75.613 55102.64312567 29.43  56.738481  65.807924   -100  258.79  258.86  258.19
  46    91.738 55112.55877101 13.22  56.729081  65.808341  6.962  254.57  255.47  256.73
  46    96.588 55112.55877161 12.61  56.735392  65.808781  6.895  254.57  255.47  256.73
  47   103.432 55122.47441469  9.32  56.727387  65.807941  3.960 -100.00 -100.00 -100.00
  47   102.241 55122.47441528  8.71  56.733699  65.808381  4.160 -100.00 -100.00 -100.00
  48    81.278 55132.39005571 17.75  56.728719  65.806711  9.492  257.43  255.73  253.98
  48    80.501 55132.39005630 22.98  56.735030  65.807150 15.873  257.43  255.73  253.98
  49    95.501 55142.30569437 15.60  56.726899  65.805286 12.117 -100.00 -100.00 -100.00
  49    78.926 55142.30569496 19.89  56.733210  65.805726 20.629 -100.00 -100.00 -100.00
  49    80.331 55142.30569555  8.22  56.739521  65.806165 14.751 -100.00 -100.00 -100.00
  50    33.384 55152.22133283 31.53  56.728843  65.805626 29.482  256.24  254.73  248.57
  50    33.357 55152.22133342 32.63  56.735154  65.806065   -100  256.24  254.73  248.57
  51    33.913 55162.13697108 26.74  56.725339  65.806741 13.267 -100.00 -100.00 -100.00
  51    34.103 55162.13697167 26.64  56.731650  65.807181 12.397 -100.00 -100.00 -100.00
  51    34.007 55162.13697226 27.47  56.737961  65.807620 14.187 -100.00 -100.00 -100.00
  52    33.981 55172.05260985 22.72  56.731447  65.808640  8.200  253.43  249.47  243.66
  52    34.112 55172.05261044 24.11  56.737758  65.809080  9.488  253.43  249.47  243.66
  53    34.025 55181.96824636 18.92  56.730525  65.809178  5.821 -100.00 -100.00 -100.00
  53    34.300 55181.96824695 18.06  56.736836  65.809618  4.785 -100.00 -100.00 -100.00
  54    33.887 55191.88389664 16.85  56.731577  65.809410  5.492 -100.00 -100.00 -100.00
  54    34.372 55191.88389723 16.85  56.737888  65.809849  5.987 -100.00 -100.00 -100.00
  55    33.892 55201.79954671 15.53  56.730891  65.809840  4.550  251.64  245.80  231.62
  55    34.085 55201.79954730 17.04  56.737202  65.810279  7.001  251.64  245.80  231.62
  56   104.672 55211.71519635  0.79  56.732142  65.810625  4.890  248.92  241.32  224.02
  56   104.512 55211.71519694  1.35  56.738454  65.811064  5.971  248.92  241.32  224.02
  58    33.621 55231.54649295 17.77  56.729048  65.810153  7.711 -100.00 -100.00 -100.00
  58    33.873 55231.54649354 17.84  56.735360  65.810592  7.932 -100.00 -100.00 -100.00
  59    33.625 55241.46213743 19.28  56.727747  65.808590  9.956 -100.00 -100.00 -100.00
  59    33.800 55241.46213802 19.06  56.734058  65.809029  9.718 -100.00 -100.00 -100.00
  60    86.303 55251.37777834  2.96  56.725683  65.806958  5.456 -100.00 -100.00 -100.00
  60    85.896 55251.37777893  2.29  56.731994  65.807397  5.201 -100.00 -100.00 -100.00
  60    85.802 55251.37777952  2.39  56.738305  65.807837  5.945 -100.00 -100.00 -100.00
  62   104.260 55271.20905533  3.88  56.727484  65.806885  3.998  252.32  241.67  220.08
  62    86.222 55271.20905592  3.25  56.733795  65.807325  3.490  252.32  241.67  220.08
  63   103.626 55281.12469347  1.67  56.730131  65.807600  2.837 -100.00 -100.00 -100.00
  63   103.234 55281.12469406  1.64  56.736442  65.808040  3.341 -100.00 -100.00 -100.00
  64   104.404 55291.04033018  3.02  56.730397  65.807551  3.050  238.94  230.22  212.96
  64   104.396 55291.04033077  2.47  56.736707  65.807990  2.707  238.94  230.22  212.96
  66    79.246 55310.87161097  6.21  56.727948  65.805766  7.081  254.08  255.05  256.42
  66    82.029 55310.87161156  6.29  56.734257  65.806205  7.952  254.08  255.05  256.42
  67    81.892 55320.78725611 23.43  56.723802  65.805316 15.724  244.90  246.08  247.88
  67    86.571 55320.78725670 28.11  56.730111  65.805756 28.810  244.90  246.08  247.88
  67    86.252 55320.78725729 28.23  56.736421  65.806195 30.815  244.90  246.08  247.88
  68    84.979 55330.70290101 30.19  56.728396  65.806432 20.937 -100.00 -100.00 -100.00
  68    83.696 55330.70290160 28.08  56.734706  65.806871 18.534 -100.00 -100.00 -100.00
  69    96.887 55340.61854532 22.05  56.727128  65.807714 12.649  254.60  255.22  256.01
  69    78.737 55340.61854591 21.23  56.733438  65.808154 11.709  254.60  255.22  256.01
  69    79.722 55340.61854650 29.37  56.739749  65.808593   -100  254.60  255.22  256.01
  70   104.097 55350.53418967  5.13  56.728787  65.808736  3.308 -100.00 -100.00 -100.00
  70   105.295 55350.53419026  6.41  56.735097  65.809176  4.843 -100.00 -100.00 -100.00
  71    77.894 55360.44983161 22.90  56.727672  65.809019 12.812  262.79  263.56  262.79
  71    77.792 55360.44983220 22.01  56.733982  65.809458 12.203  262.79  263.56  262.79
  72   101.777 55370.36547148  9.87  56.727566  65.809201  5.353  263.28  265.37  263.87
  72    96.910 55370.36547207  9.93  56.733877  65.809641  5.756  263.28  265.37  263.87
  73   103.775 55380.28111020  6.20  56.731018  65.809894  4.362  268.49  270.16  268.59
  73   103.870 55380.28111079  6.08  56.737329  65.810333  4.260  268.49  270.16  268.59
  74   103.875 55390.19674785  3.01  56.730685  65.810460  5.177  266.88  267.38  266.56
  74   104.411 55390.19674844  2.74  56.736996  65.810900  5.464  266.88  267.38  266.56
  75    92.413 55400.11238407  7.67  56.727152  65.810020  7.058 -100.00 -100.00 -100.00
  75   104.406 55400.11238466  4.87  56.733463  65.810460  4.031 -100.00 -100.00 -100.00
  75   104.198 55400.11238525  4.76  56.739774  65.810900  4.543 -100.00 -100.00 -100.00
  76    79.744 55410.02803177 13.12  56.727864  65.808769 13.714 -100.00 -100.00 -100.00
  76    79.753 55410.02803236 16.88  56.734174  65.809209 15.897 -100.00 -100.00 -100.00
  78    77.006 55429.85932883 18.03  56.725347  65.805479 10.734  261.78  261.75  260.95
  78    75.159 55429.85932942 16.96  56.731657  65.805919 16.766  261.78  261.75  260.95
  78   103.274 55429.85933001  4.05  56.737966  65.806359  4.793  261.78  261.75  260.95
  79    74.869 55439.77497351 21.18  56.725872  65.806022 20.839  260.34  260.47  259.71
  79   103.473 55439.77497410  6.55  56.732182  65.806462  3.755  260.34  260.47  259.71
  79   102.745 55439.77497469  5.91  56.738492  65.806901  4.034  260.34  260.47  259.71
  80    91.200 55449.69061704 11.17  56.729168  65.807548  6.697  257.54  257.45  257.30
  80    95.595 55449.69061763 10.06  56.735479  65.807987  5.092  257.54  257.45  257.30
  81    74.375 55459.60626003 22.21  56.731495  65.808276 16.906  263.74  264.33  263.38
  81    77.545 55459.60626062 28.18  56.737806  65.808715 26.135  263.74  264.33  263.38
  82    83.371 55469.52190175 14.73  56.730076  65.807469  8.332 -100.00 -100.00 -100.00
  82    96.141 55469.52190234 12.36  56.736387  65.807908  6.126 -100.00 -100.00 -100.00
  83    81.381 55479.43754001 13.44  56.725899  65.805790 10.457  261.30  261.58  262.07
  83   104.345 55479.43754060  8.49  56.732209  65.806230  4.861  261.30  261.58  262.07
  83    72.672 55479.43754119 19.35  56.738520  65.806669 20.108  261.30  261.58  262.07
  84    83.253 55489.35317583 14.65  56.725159  65.804902  9.787  253.58  254.24  254.92
  84    96.531 55489.35317642 11.94  56.731470  65.805341  5.772  253.58  254.24  254.92
  84    96.149 55489.35317701 11.52  56.737780  65.805781  6.432  253.58  254.24  254.92
  85    76.671 55499.26880936 18.66  56.723737  65.805142 22.026  256.64  256.04  256.98
  85    99.700 55499.26880995 19.95  56.730048  65.805582 11.042  256.64  256.04  256.98
  85    87.017 55499.26881054 23.30  56.736358  65.806022 13.760  256.64  256.04  256.98
  86    81.739 55509.18445009 18.97  56.729626  65.807045  9.770 -100.00 -100.00 -100.00
  86    81.072 55509.18445068 24.05  56.735937  65.807485 14.112 -100.00 -100.00 -100.00
  87    36.410 55519.10010016 39.27  56.729722  65.808408 22.075  252.77  251.00  248.45
  87    35.907 55519.10010075 44.09  56.736033  65.808848   -100  252.77  251.00  248.45
  88    34.825 55529.01574930 33.26  56.730176  65.809075   -100 -100.00 -100.00 -100.00
  88    34.615 55529.01574990 36.56  56.736487  65.809514   -100 -100.00 -100.00 -100.00
  89    34.821 55538.93139655 26.27  56.729896  65.809042 15.386  253.78  251.21  246.34
  89    34.806 55538.93139714 28.16  56.736207  65.809481 19.647  253.78  251.21  246.34
  90    35.294 55548.84704125 21.55  56.726256  65.808930  7.067 -100.00 -100.00 -100.00
  90    35.306 55548.84704184 21.33  56.732567  65.809370  7.141 -100.00 -100.00 -100.00
  90    35.290 55548.84704243 21.93  56.738878  65.809809  7.835 -100.00 -100.00 -100.00
  91    34.978 55558.76268486 19.06  56.729174  65.809931  5.590 -100.00 -100.00 -100.00
  91    34.815 55558.76268545 19.87  56.735485  65.810371  5.685 -100.00 -100.00 -100.00
  92    34.422 55568.67832726 18.21  56.728137  65.810849  5.587  252.83  248.22  238.63
  92    34.566 55568.67832785 19.35  56.734448  65.811288  7.279  252.83  248.22  238.63
  93    34.378 55578.59396882 18.58  56.727843  65.810607  6.204 -100.00 -100.00 -100.00
  93    34.563 55578.59396941 18.28  56.734155  65.811046  5.186 -100.00 -100.00 -100.00
  94    34.338 55588.50960838 18.35  56.732101  65.808961  6.528  252.21  246.28  231.62
  94    34.807 55588.50960897 18.66  56.738413  65.809401  6.169  252.21  246.28  231.62
  95    85.796 55598.42524422  3.06  56.729570  65.806083  6.100  249.79  242.65  225.36
  95   103.897 55598.42524481  1.28  56.735881  65.806523  3.841  249.79  242.65  225.36
  96    34.209 55608.34087764 17.48  56.728240  65.804580  5.482 -100.00 -100.00 -100.00
  96    34.403 55608.34087823 17.98  56.734551  65.805020  7.436 -100.00 -100.00 -100.00
  97    33.924 55618.25650920 18.55  56.726420  65.805041  9.416 -100.00 -100.00 -100.00
  97    34.475 55618.25650979 16.80  56.732731  65.805481  5.750 -100.00 -100.00 -100.00
  97    34.739 55618.25651038 17.91  56.739041  65.805920  6.619 -100.00 -100.00 -100.00
  99    33.895 55638.08780739 16.43  56.727511  65.808234  5.710  254.10  245.36  225.01
  99    34.112 55638.08780798 17.56  56.733822  65.808674  6.353  254.10  245.36  225.01
 100   104.488 55648.00345650  1.71  56.727342  65.807299  3.442 -100.00 -100.00 -100.00
 100   104.535 55648.00345709  1.18  56.733653  65.807739  2.783 -100.00 -100.00 -100.00
 102    87.172 55667.83474458 10.45  56.725879  65.804462 17.033 -100.00 -100.00 -100.00
 102    86.043 55667.83474517  2.07  56.732189  65.804901  5.988 -100.00 -100.00 -100.00
 103    86.256 55677.75038424 10.90  56.727266  65.805703  7.825 -100.00 -100.00 -100.00
 103    83.740 55677.75038483 13.00  56.733576  65.806143 10.684 -100.00 -100.00 -100.00
 104   103.296 55687.66602210 20.76  56.729395  65.807974  6.915 -100.00 -100.00 -100.00
 104   103.146 55687.66602270 18.90  56.735706  65.808414  4.979 -100.00 -100.00 -100.00
 105   102.200 55697.58165849 15.08  56.729523  65.809393  7.237 -100.00 -100.00 -100.00
 105    89.259 55697.58165908 17.04  56.735834  65.809833 11.453 -100.00 -100.00 -100.00
 106   103.708 55707.49729344 13.60  56.726631  65.808989  5.748 -100.00 -100.00 -100.00
 106    97.020 55707.49729403 13.99  56.732941  65.809429  6.442 -100.00 -100.00 -100.00
 106   100.808 55707.49729462 11.88  56.739252  65.809869  4.955 -100.00 -100.00 -100.00
 107   104.916 55717.41294501  3.45  56.730201  65.808603  2.831 -100.00 -100.00 -100.00
 107   105.380 55717.41294560  5.00  56.736512  65.809043  3.343 -100.00 -100.00 -100.00
 108   103.779 55727.32859322  5.69  56.726856  65.808378  5.864  259.41  260.59  259.97
 108   103.639 55727.32859381  3.18  56.733166  65.808817  3.860  259.41  260.59  259.97
 108   103.286 55727.32859440  6.66  56.739478  65.809257  6.418  259.41  260.59  259.97
 109    91.150 55737.24424038 20.02  56.729640  65.809560 14.545 -100.00 -100.00 -100.00
 109    88.345 55737.24424097 22.47  56.735951  65.810000 12.058 -100.00 -100.00 -100.00
 110    90.025 55747.15988593 15.55  56.728714  65.810626 22.231  265.33  265.34  266.03
 110    89.823 55747.15988652  4.13  56.735026  65.811065  5.473  265.33  265.34  266.03
 111    48.036 55757.07552933 11.63  56.727703  65.810369 29.436  266.77  267.00  265.64
 111    38.218 55757.07552992 16.10  56.734014  65.810809   -100  266.77  267.00  265.64
 112    80.444 55766.99117013 13.26  56.727449  65.808376 16.340 -100.00 -100.00 -100.00
 112    79.941 55766.99117072 11.79  56.733759  65.808816 10.008 -100.00 -100.00 -100.00
 113    84.169 55776.90680788  0.69  56.726811  65.805668  4.929  266.41  266.53  265.76
 113    79.236 55776.90680847  9.59  56.733121  65.806108 13.053  266.41  266.53  265.76
 113    81.315 55776.90680906 13.54  56.739431  65.806547 10.490  266.41  266.53  265.76
 114    87.106 55786.82244294  4.49  56.725554  65.804116  7.470  263.76  264.59  263.21
 114    85.896 55786.82244353  4.00  56.731863  65.804556  6.754  263.76  264.59  263.21
 114    91.616 55786.82244412  0.09  56.738172  65.804995  4.389  263.76  264.59  263.21
 115    47.913 55796.73807664 10.50  56.726791  65.805165 26.919  266.27  266.06  265.22
 115    47.940 55796.73807723 10.07  56.733101  65.805605 25.078  266.27  266.06  265.22
 115    47.857 55796.73807782  8.22  56.739410  65.806045 15.812  266.27  266.06  265.22
 116    47.989 55806.65371833 16.27  56.725571  65.807071   -100  262.81  262.57  261.93
 116    47.959 55806.65371892 16.83  56.731882  65.807511   -100  262.81  262.57  261.93
 116    89.375 55806.65371951 17.62  56.738192  65.807950 17.410  262.81  262.57  261.93
 117    78.557 55816.56936781 14.23  56.729337  65.808563 16.090  269.42  269.73  268.76
 117    89.877 55816.56936840 17.04  56.735647  65.809003 17.517  269.42  269.73  268.76
 118   104.152 55826.48501385  2.55  56.731231  65.807575  3.893  265.69  266.40  265.72
 118   103.818 55826.48501444  2.97  56.737542  65.808015  5.064  265.69  266.40  265.72
 119   102.867 55836.40065498  7.57  56.727999  65.805432  5.177  263.15  262.54  263.18
 119   103.238 55836.40065557  6.05  56.734309  65.805872  3.043  263.15  262.54  263.18
 120   102.077 55846.31629279 11.78  56.724180  65.803989  4.839  259.72  260.51  260.29
 120   100.892 55846.31629338 12.15  56.730490  65.804429  6.502  259.72  260.51  260.29
 120   102.254 55846.31629397  9.99  56.736801  65.804868  3.822  259.72  260.51  260.29
 121    89.981 55856.23192880 10.53  56.727860  65.805443  5.968 -100.00 -100.00 -100.00
 121   103.983 55856.23192939 10.40  56.734171  65.805883  4.880 -100.00 -100.00 -100.00
 122    35.079 55866.14757134 39.58  56.727659  65.807862 24.802  255.48  253.99  251.72
 122    34.806 55866.14757193 41.55  56.733970  65.808302   -100  255.48  253.99  251.72
 123    34.153 55876.06322443 38.42  56.732563  65.810265 31.496 -100.00 -100.00 -100.00
 123    34.072 55876.06322502 39.61  56.738874  65.810704   -100 -100.00 -100.00 -100.00
 133    33.995 55975.21965649 15.87  56.729166  65.805620  4.474 -100.00 -100.00 -100.00
 133    33.675 55975.21965709 17.63  56.735477  65.806059  6.780 -100.00 -100.00 -100.00
 134   104.750 55985.13529270  1.88  56.727940  65.807540  3.800 -100.00 -100.00 -100.00
 134   104.526 55985.13529330  2.12  56.734250  65.807980  4.241 -100.00 -100.00 -100.00
 135   105.188 55995.05092678  1.56  56.726025  65.808261  3.260  248.71  240.64  218.19
 135   104.715 55995.05092737  2.59  56.732336  65.808701  4.906  248.71  240.64  218.19
 135   104.725 55995.05092796  2.60  56.738647  65.809141  4.220  248.71  240.64  218.19
 136    85.726 56004.96657909  6.02  56.728455  65.807570  5.636 -100.00 -100.00 -100.00
 136    81.729 56004.96657968  7.72  56.734765  65.808009  8.803 -100.00 -100.00 -100.00
 137    86.144 56014.88222734  7.34  56.729525  65.805713  7.027  248.54  237.75  212.55
 137    86.018 56014.88222793  5.35  56.735835  65.806153  4.146  248.54  237.75  212.55
 141    86.553 56054.54479525 18.39  56.729281  65.810505  8.975 -100.00 -100.00 -100.00
 141    85.482 56054.54479584 22.36  56.735593  65.810945 11.853 -100.00 -100.00 -100.00
 142   103.617 56064.46043004 16.59  56.730962  65.810395  4.121 -100.00 -100.00 -100.00
 142    98.720 56064.46043063 18.46  56.737273  65.810835  7.553 -100.00 -100.00 -100.00
 143   103.936 56074.37607364 11.67  56.728952  65.809188  4.800 -100.00 -100.00 -100.00
 143    96.447 56074.37607423 13.12  56.735263  65.809627  7.537 -100.00 -100.00 -100.00
 144    76.910 56084.29172351 22.59  56.731282  65.809031 15.919 -100.00 -100.00 -100.00
 144    94.278 56084.29172410 13.93  56.737593  65.809470  9.672 -100.00 -100.00 -100.00
 145    88.658 56094.20737068 16.95  56.729753  65.809185  7.415 -100.00 -100.00 -100.00
 145   101.107 56094.20737127 14.67  56.736063  65.809625  5.485 -100.00 -100.00 -100.00
 146   102.730 56104.12301602 16.33  56.731748  65.809836 11.076 -100.00 -100.00 -100.00
 146    90.125 56104.12301661 22.63  56.738059  65.810275 11.175 -100.00 -100.00 -100.00
 147    99.171 56114.03864612  2.61  56.726234  65.808932  4.574  263.97  264.68  264.33
 147   101.379 56114.03864671  1.42  56.732545  65.809371  4.104  263.97  264.68  264.33
 147   101.663 56114.03864730  2.04  56.738856  65.809811  5.098  263.97  264.68  264.33
 148   101.445 56123.95428466 18.47  56.727802  65.807740 11.747  266.25  267.65  265.96
 148   102.123 56123.95428525 17.45  56.734112  65.808179  9.925  266.25  267.65  265.96
 149    97.248 56133.86991881 21.76  56.725169  65.805645 16.764 -100.00 -100.00 -100.00
 149    97.719 56133.86991940 20.58  56.731478  65.806085 15.308 -100.00 -100.00 -100.00
 149    78.604 56133.86991999 28.71  56.737787  65.806525 24.413 -100.00 -100.00 -100.00
 150    83.295 56143.78555805 18.43  56.725135  65.804834 12.370 -100.00 -100.00 -100.00
 150    97.480 56143.78555864 17.57  56.731444  65.805274 11.619 -100.00 -100.00 -100.00
 150    79.027 56143.78555923 25.79  56.737753  65.805714 17.596 -100.00 -100.00 -100.00
 151    78.381 56153.70120885 16.15  56.728752  65.805877 17.371  270.20  271.17  271.37
 151   103.096 56153.70120944  2.30  56.735062  65.806316  4.189  270.20  271.17  271.37
 152    80.041 56163.61685825 16.32  56.730983  65.807602 11.346 -100.00 -100.00 -100.00
 152    79.969 56163.61685884 22.70  56.737294  65.808041 13.274 -100.00 -100.00 -100.00
 153    81.277 56173.53250488 18.29  56.726118  65.808197 13.246  267.05  267.38  267.63
 153    79.728 56173.53250547 17.44  56.732428  65.808637 11.781  267.05  267.38  267.63
 153    78.336 56173.53250606 23.99  56.738739  65.809076   -100  267.05  267.38  267.63
 154   103.612 56183.44814735  7.82  56.731257  65.808070  3.372 -100.00 -100.00 -100.00
 154   103.423 56183.44814794  8.33  56.737568  65.808509  3.699 -100.00 -100.00 -100.00
 155   103.272 56193.36378491  9.22  56.724512  65.806228  3.710 -100.00 -100.00 -100.00
 155   104.033 56193.36378550  8.83  56.730823  65.806668  3.379 -100.00 -100.00 -100.00
 155   103.561 56193.36378609  8.32  56.737134  65.807107  3.702 -100.00 -100.00 -100.00
 156   102.851 56203.27942050 10.76  56.725973  65.805616  4.333  254.71  254.51  256.35
 156   104.202 56203.27942109  9.61  56.732284  65.806056  4.047  254.71  254.51  256.35
 156   102.552 56203.27942168  9.13  56.738594  65.806496  4.530  254.71  254.51  256.35
 157    72.767 56213.19505453 20.66  56.728150  65.806664 24.394 -100.00 -100.00 -100.00
 157    75.324 56213.19505512 23.90  56.734461  65.807104 12.376 -100.00 -100.00 -100.00
 158   107.462 56223.11068744 20.66  56.729135  65.808606 12.952  256.32  256.38  257.29
 158   110.587 56223.11068803 23.93  56.735446  65.809045  9.886  256.32  256.38  257.29
 159    84.394 56233.02634374 13.50  56.729040  65.810327  9.908  259.46  258.13  256.77
 159    84.765 56233.02634433 17.37  56.735351  65.810767 11.396  259.46  258.13  256.77
 160    34.553 56242.94199587 24.65  56.728028  65.810492 10.327 -100.00 -100.00 -100.00
 160    34.635 56242.94199646 24.14  56.734340  65.810932  8.655 -100.00 -100.00 -100.00
 161    34.710 56252.85764350 21.04  56.727884  65.809755  6.358  250.55  247.55  241.89
 161    34.786 56252.85764409 21.23  56.734195  65.810195  6.106  250.55  247.55  241.89
 162    34.748 56262.77328689 14.23  56.730420  65.809322  3.639  243.12  238.92  231.11
 162    34.991 56262.77328748 14.71  56.736731  65.809762  4.211  243.12  238.92  231.11
 164    34.306 56282.60457039 15.13  56.728510  65.809111  4.638  242.71  236.96  223.23
 164    34.472 56282.60457098 14.88  56.734822  65.809551  3.827  242.71  236.96  223.23
 165    34.243 56292.52022229 15.38  56.728764  65.808708  4.508  248.36  243.05  227.57
 165    34.494 56292.52022288 15.29  56.735075  65.809148  4.781  248.36  243.05  227.57
 166    33.999 56302.43586967 15.19  56.728830  65.807457  4.547  244.50  236.84  217.58
 166    34.184 56302.43587026 15.56  56.735141  65.807897  4.518  244.50  236.84  217.58
 167    34.206 56312.35151299 15.47  56.730387  65.806417  4.070  249.26  242.62  223.79
 167    34.038 56312.35151358 17.45  56.736698  65.806856  7.697  249.26  242.62  223.79
 168    33.856 56322.26715374 15.61  56.727384  65.806109  4.587 -100.00 -100.00 -100.00
 168    33.592 56322.26715433 18.41  56.733695  65.806548  9.256 -100.00 -100.00 -100.00
 169    33.717 56332.18279427 15.98  56.727808  65.807054  5.778  253.76  246.92  227.68
 169    33.957 56332.18279486 17.32  56.734119  65.807493  6.730  253.76  246.92  227.68
 170   104.512 56342.09843432  3.02  56.728139  65.807815  4.837 -100.00 -100.00 -100.00
 170   104.047 56342.09843491  2.45  56.734450  65.808254  4.576 -100.00 -100.00 -100.00
 171   104.670 56352.01407178  2.14  56.725586  65.807594  3.311 -100.00 -100.00 -100.00
 171   104.770 56352.01407237  1.18  56.731897  65.808034  3.109 -100.00 -100.00 -100.00
 171   104.565 56352.01407296  0.96  56.738207  65.808474  3.661 -100.00 -100.00 -100.00
 172   102.212 56361.92971210  2.82  56.725567  65.806792  3.344  242.73  230.92  208.56
 172   104.400 56361.92971269  2.04  56.731877  65.807232  3.059  242.73  230.92  208.56
 172   104.257 56361.92971328  1.87  56.738187  65.807672  3.399  242.73  230.92  208.56
 173   103.691 56371.84536145  2.69  56.726025  65.806480  3.458  241.02  227.70  203.50
 173   103.830 56371.84536204  1.81  56.732335  65.806919  2.631  241.02  227.70  203.50
 173   103.974 56371.84536263  2.01  56.738645  65.807359  3.055  241.02  227.70  203.50
 174   104.464 56381.76100840  2.32  56.728790  65.807329  3.491  244.83  232.08  210.28
 174   104.358 56381.76100899  1.75  56.735100  65.807768  3.013  244.83  232.08  210.28
 175   102.712 56391.67665283  2.39  56.726874  65.808734  3.216 -100.00 -100.00 -100.00
 175   102.796 56391.67665342  2.36  56.733184  65.809173  3.638 -100.00 -100.00 -100.00
 175   102.351 56391.67665401  1.97  56.739495  65.809613  3.950 -100.00 -100.00 -100.00
 177    89.480 56411.50793613 16.67  56.728140  65.810369 12.627  261.65  261.68  263.58
 177    89.807 56411.50793672 12.36  56.734451  65.810809  7.469  261.65  261.68  263.58
 178   102.437 56421.42357121 20.23  56.726824  65.809759  7.558 -100.00 -100.00 -100.00
 178   102.401 56421.42357180 18.00  56.733135  65.810199  7.252 -100.00 -100.00 -100.00
 178    85.282 56421.42357239 18.33  56.739446  65.810639  7.446 -100.00 -100.00 -100.00
 179    82.522 56431.33921061 24.68  56.727900  65.809415 25.699 -100.00 -100.00 -100.00
 179    83.486 56431.33921120 23.75  56.734211  65.809855 13.278 -100.00 -100.00 -100.00
 180   105.099 56441.25486359 11.22  56.729431  65.809774  4.417  261.40  261.88  264.12
 180   102.106 56441.25486418 11.27  56.735742  65.810214  4.860  261.40  261.88  264.12
 181   104.898 56451.17051374  5.38  56.727553  65.809828  3.710  263.70  263.93  265.49
 181   105.476 56451.17051433  5.67  56.733864  65.810267  4.208  263.70  263.93  265.49
 182   108.898 56461.08616211 17.63  56.731894  65.809541 13.486  269.45  270.63  269.76
 182   109.225 56461.08616270  8.97  56.738205  65.809980  5.653  269.45  270.63  269.76
 183    48.227 56471.00180666 20.87  56.730964  65.808139   -100 -100.00 -100.00 -100.00
 183    48.084 56471.00180725 20.01  56.737274  65.808578   -100 -100.00 -100.00 -100.00
 184    48.240 56480.91744713 15.00  56.725089  65.806493 27.749  271.33  271.45  268.49
 184    48.118 56480.91744772 16.58  56.731399  65.806932   -100  271.33  271.45  268.49
 184    48.057 56480.91744831 18.33  56.737709  65.807372   -100  271.33  271.45  268.49
 185    95.439 56490.83308451 13.08  56.727339  65.806222  9.250  274.88  275.86  273.74
 185    82.172 56490.83308510 17.58  56.733648  65.806662 10.916  274.88  275.86  273.74
 187    79.222 56510.66435273 10.21  56.729875  65.807464 10.956 -100.00 -100.00 -100.00
 187    77.438 56510.66435332 20.59  56.736185  65.807903 17.420 -100.00 -100.00 -100.00
 189   104.161 56530.49564984  3.16  56.728036  65.807409  3.352  268.85  268.52  267.77
 189   103.587 56530.49565043  4.11  56.734346  65.807849  4.416  268.85  268.52  267.77
 191    79.739 56550.32694455  8.13  56.729032  65.807084  6.130 -100.00 -100.00 -100.00
 191    80.672 56550.32694514  6.34  56.735343  65.807524  5.364 -100.00 -100.00 -100.00
 192   103.751 56560.24258743  7.43  56.729186  65.808262  3.617 -100.00 -100.00 -100.00
 192   103.295 56560.24258803  7.19  56.735497  65.808702  4.292 -100.00 -100.00 -100.00
 193   104.004 56570.15822915  7.92  56.727658  65.809661  5.614  260.10  260.74  261.71
 193   103.854 56570.15822974  8.53  56.733970  65.810101  6.650  260.10  260.74  261.71
 194    78.366 56580.07387013 18.78  56.733312  65.811098 10.032  256.11  254.27  251.24
 194    77.583 56580.07387072 12.35  56.739623  65.811537 21.719  256.11  254.27  251.24
 195    34.651 56589.98950650 33.06  56.732911  65.810604   -100  258.30  257.24  255.01
 195    34.797 56589.98950709 32.08  56.739222  65.811044 30.040  258.30  257.24  255.01
 196    34.962 56599.90515222 29.92  56.729317  65.809442 27.430  256.06  254.58  251.53
 196    35.170 56599.90515281 30.82  56.735628  65.809882 27.271  256.06  254.58  251.53
 197    82.723 56609.82080242 15.30  56.726313  65.808822 10.473 -100.00 -100.00 -100.00
 197    95.312 56609.82080301 15.72  56.732624  65.809262  9.843 -100.00 -100.00 -100.00
 197    82.901 56609.82080360 21.77  56.738935  65.809701 18.159 -100.00 -100.00 -100.00
 198    79.761 56619.73644818 12.53  56.726739  65.809480  8.454  259.44  261.11  262.53
 198    81.581 56619.73644877 15.71  56.733050  65.809920  9.642  259.44  261.11  262.53
 198    80.679 56619.73644936 20.59  56.739361  65.810359   -100  259.44  261.11  262.53
 199    34.013 56629.65209118 34.40  56.731254  65.810350 23.984  243.81  238.50  228.97
 199    34.206 56629.65209177 37.28  56.737565  65.810789   -100  243.81  238.50  228.97
 200    34.646 56639.56773013 25.16  56.728147  65.809418 17.962  248.46  244.40  236.78
 200    34.460 56639.56773072 28.29  56.734458  65.809858 28.287  248.46  244.40  236.78
 201    34.827 56649.48337572 25.63  56.730633  65.807640 19.886 -100.00 -100.00 -100.00
 201    34.821 56649.48337631 25.37  56.736944  65.808079 21.907 -100.00 -100.00 -100.00
 202   103.101 56659.39902652  0.49  56.727634  65.805742  3.494  227.73  217.50  199.69
 202   103.457 56659.39902711  0.36  56.733944  65.806182  3.159  227.73  217.50  199.69
 203   104.071 56669.31467365  1.58  56.726000  65.805555  3.409 -100.00 -100.00 -100.00
 203   104.134 56669.31467424  1.37  56.732310  65.805994  2.842 -100.00 -100.00 -100.00
 203   104.052 56669.31467483  0.87  56.738622  65.806434  2.529 -100.00 -100.00 -100.00
 205   102.988 56689.14596250  0.12  56.730848  65.809252  2.698  239.20  232.10  218.39
 205   102.785 56689.14596309  0.02  56.737159  65.809691  2.913  239.20  232.10  218.39
 206   102.943 56699.06160320  2.00  56.731449  65.809247  3.138  240.00  231.84  214.77
 206   102.869 56699.06160379  2.13  56.737760  65.809686  3.015  240.00  231.84  214.77
 207   102.744 56708.97723902  1.07  56.730270  65.807606  3.285 -100.00 -100.00 -100.00
 207   103.152 56708.97723961  0.79  56.736580  65.808046  3.170 -100.00 -100.00 -100.00
 208   102.316 56718.89287797  4.97  56.726537  65.806184  3.737  239.70  231.88  216.18
 208   103.504 56718.89287856  4.50  56.732847  65.806624  3.519  239.70  231.88  216.18
 208   103.550 56718.89287915  4.29  56.739157  65.807064  3.568  239.70  231.88  216.18
 209    95.658 56728.80853050  1.06  56.727227  65.806972  2.595  243.11  234.17  217.33
 209    95.673 56728.80853109  0.75  56.733537  65.807412  2.320  243.11  234.17  217.33
 209    95.644 56728.80853168  0.74  56.739847  65.807851  2.732  243.11  234.17  217.33
 211   105.810 56748.63982414  2.37  56.730226  65.811466  2.738 -100.00 -100.00 -100.00
 211   105.739 56748.63982473  1.58  56.736538  65.811905  2.652 -100.00 -100.00 -100.00
 212   105.787 56758.55546416  2.87  56.729534  65.811746  3.066 -100.00 -100.00 -100.00
 212   105.668 56758.55546475  2.27  56.735846  65.812185  2.748 -100.00 -100.00 -100.00
 214    85.277 56778.38674505  3.43  56.727409  65.808949  4.694  262.57  262.65  264.01
 214    83.136 56778.38674564  9.35  56.733720  65.809388  9.409  262.57  262.65  264.01
 214    83.389 56778.38674623 10.56  56.740032  65.809828  7.697  262.57  262.65  264.01
 215    90.889 56788.30240119 15.45  56.730291  65.809066  7.510 -100.00 -100.00 -100.00
 215    86.640 56788.30240178 15.69  56.736602  65.809506 12.922 -100.00 -100.00 -100.00
 216   103.995 56798.21805331 19.68  56.727152  65.809732  5.619 -100.00 -100.00 -100.00
 216   103.563 56798.21805390 18.15  56.733463  65.810171  4.169 -100.00 -100.00 -100.00
 216   104.063 56798.21805449 18.47  56.739774  65.810611  5.269 -100.00 -100.00 -100.00
 217   101.974 56808.13370035 13.30  56.730982  65.810891  6.130  252.92  253.88  255.80
 217   112.648 56808.13370094 10.25  56.737294  65.811330  4.118  252.92  253.88  255.80
 219    80.564 56827.96497834 23.08  56.731526  65.808221 15.770  253.88  255.02  255.55
 219    88.603 56827.96497893 14.74  56.737836  65.808660 11.424  253.88  255.02  255.55
 220    92.394 56837.88061182 20.51  56.726782  65.805612  9.325  266.14  268.20  266.88
 220    91.707 56837.88061241 21.93  56.733091  65.806052  9.096  266.14  268.20  266.88
 220    89.380 56837.88061300 20.33  56.739401  65.806491 27.849  266.14  268.20  266.88
 221    90.046 56847.79624274  4.74  56.723919  65.804962  5.358  261.43  262.02  261.34
 221   100.315 56847.79624333  2.20  56.730228  65.805402  4.068  261.43  262.02  261.34
 221   100.869 56847.79624392  1.68  56.736537  65.805842  3.781  261.43  262.02  261.34
 222    48.155 56857.71189614 19.02  56.730133  65.807165   -100  269.66  270.07  268.93
 222    47.975 56857.71189673 21.27  56.736443  65.807604 12.551  269.66  270.07  268.93
 223    48.132 56867.62754984 16.10  56.731933  65.809445   -100  273.41  274.40  272.44
 223    47.891 56867.62755043 11.52  56.738244  65.809884 24.021  273.41  274.40  272.44
 224    48.072 56877.54320144 15.17  56.730143  65.809814 28.112  272.65  273.84  272.43
 224    35.445 56877.54320203 20.07  56.736454  65.810254 17.633  272.65  273.84  272.43
 225   104.099 56887.45884985  4.12  56.728955  65.808748  4.317 -100.00 -100.00 -100.00
 225   103.938 56887.45885044  4.23  56.735267  65.809187  4.817 -100.00 -100.00 -100.00
 226    93.484 56897.37449551  1.68  56.727432  65.807275  4.932  266.76  267.04  266.94
 226   100.548 56897.37449610  0.24  56.733743  65.807714  2.740  266.76  267.04  266.94
 227   103.511 56907.29013877  6.96  56.728720  65.807686  5.658 -100.00 -100.00 -100.00
 227   103.190 56907.29013936  6.34  56.735031  65.808126  5.581 -100.00 -100.00 -100.00
 228   104.006 56917.20578003  7.03  56.730822  65.809851  3.840 -100.00 -100.00 -100.00
 228   103.996 56917.20578062  6.76  56.737134  65.810290  5.173 -100.00 -100.00 -100.00
 229   104.922 56927.12141917  6.03  56.731227  65.811988  2.767 -100.00 -100.00 -100.00
 229   103.898 56927.12141976  6.70  56.737539  65.812427  4.215 -100.00 -100.00 -100.00
 230   102.959 56937.03705466 17.14  56.733090  65.812555 13.038  256.82  257.44  257.75
 230    95.061 56937.03705525 20.98  56.739401  65.812995 27.865  256.82  257.44  257.75
 231    81.059 56946.95268482 18.88  56.731225  65.810731  9.903  254.42  252.59  251.59
 231    80.216 56946.95268541 21.98  56.737536  65.811171   -100  254.42  252.59  251.59
 232    33.720 56956.86833847 29.24  56.726614  65.808596 18.188  251.13  248.04  243.33
 232    33.802 56956.86833906 32.20  56.732925  65.809035 24.816  251.13  248.04  243.33
 232    33.914 56956.86833965 30.95  56.739236  65.809475 18.719  251.13  248.04  243.33
 234    34.428 56976.69963164 21.87  56.727103  65.808773  9.325  241.95  236.49  227.38
 234    34.454 56976.69963223 24.31  56.733414  65.809212 13.365  241.95  236.49  227.38
 234    34.678 56976.69963282 22.28  56.739725  65.809652  9.222  241.95  236.49  227.38
 236    34.359 56996.53090592 15.41  56.727555  65.809456  4.279 -100.00 -100.00 -100.00
 236    34.458 56996.53090651 15.40  56.733866  65.809895  3.995 -100.00 -100.00 -100.00
 238   103.871 57016.36220461  1.60  56.725558  65.805467  3.142 -100.00 -100.00 -100.00
 238   103.739 57016.36220520  0.88  56.731869  65.805907  3.230 -100.00 -100.00 -100.00
 238   103.836 57016.36220579  1.48  56.738180  65.806346  4.530 -100.00 -100.00 -100.00
 239   104.093 57026.27785499  2.16  56.724694  65.805264  4.011  239.24  233.24  222.90
 239   102.244 57026.27785558  2.44  56.731005  65.805704  5.150  239.24  233.24  222.90
 239   104.206 57026.27785617  0.77  56.737316  65.806143  3.266  239.24  233.24  222.90
 241   104.768 57046.10915011  1.25  56.731555  65.809666  3.312 -100.00 -100.00 -100.00
 241   104.615 57046.10915070  0.48  56.737867  65.810105  2.918 -100.00 -100.00 -100.00
 242   103.209 57056.02479258  3.42  56.731300  65.810096  3.179  246.51  241.36  229.87
 242   103.124 57056.02479317  2.85  56.737611  65.810535  2.510  246.51  241.36  229.87
 243   105.358 57065.94042962  1.20  56.729203  65.808514  3.059  250.86  245.73  235.55
 243   105.107 57065.94043021  0.92  56.735514  65.808954  2.835  250.86  245.73  235.55
 244   104.039 57075.85606235  3.96  56.729078  65.807358  2.726 -100.00 -100.00 -100.00
 244   104.368 57075.85606294  3.39  56.735388  65.807798  2.988 -100.00 -100.00 -100.00
 245   105.023 57085.77169196  5.07  56.727844  65.807320  3.007  242.67  237.87  227.23
 245   105.034 57085.77169255  4.92  56.734154  65.807760  3.604  242.67  237.87  227.23
 246    92.815 57095.68734907  6.49  56.730355  65.809794  3.232  245.06  240.59  231.37
 246    88.646 57095.68734966  6.23  56.736666  65.810234  3.124  245.06  240.59  231.37
 247   102.774 57105.60300564  6.36  56.732189  65.812010  3.369  228.06  218.59  204.23
 247   102.564 57105.60300623  6.08  56.738501  65.812450  3.420  228.06  218.59  204.23
 248   105.587 57115.51865763  6.36  56.734201  65.812674  3.280  260.23  260.57  260.01
 248   105.436 57115.51865822  5.58  56.740513  65.813114  2.936  260.23  260.57  260.01
 250   105.535 57135.34994274  0.91  56.728375  65.809092  2.541  243.39  236.18  226.35
 250   105.601 57135.34994333  0.55  56.734686  65.809531  2.567  243.39  236.18  226.35
