# NaN NaN NaN ;Mean Elev.(m), Avg Gradient(m/km), RMS Gradient(m/km) - SRTM1     
#  -11.866  -4.155   8.894 ;Mean Elev.(m), Avg Gradient(m/km), RMS Gradient(m/km) - ASTER GDEM
#   30.000  -6.671  11.698 ;Mean Elev.(m), Avg Gradient(m/km), RMS Gradient(m/km) - GMTED2010 
   2  52.211519  65.718325    12.963    11.658  4 54669.40170001 32.740
   3  52.210505  65.719101     4.130     4.267  4 54679.31734401 20.343
   4  52.203046  65.721130    12.401    11.455  5 54689.23298623 29.563
   5  52.202260  65.722145     5.585     5.666  5 54699.14862700 25.691
   6  52.201731  65.721319    79.649    78.551  4 54709.06427094  3.773
   7  52.209300  65.718589    12.503    12.599  4 54718.97992327 28.533
   8  52.208229  65.716440    78.622    79.452  4 54728.89557217 26.382
   9  52.205050  65.715918    78.968    77.758  3 54738.81121922  4.327
  10  52.209702  65.716173    27.917    18.503  5 54748.72686685 18.069
  11  52.201835  65.717733    82.137    82.137  2 54758.64251301  1.463
  12  52.209032  65.717362    63.226    64.784  4 54768.55815837 20.463
  13  52.211262  65.716231    13.184    13.197  4 54778.47379995 44.041
  14  52.209583  65.715153    76.945    76.537  5 54788.38943873 17.286
  15  52.208865  65.715067    76.416    75.954  4 54798.30507657 16.102
  17  52.209246  65.718393    11.830    11.831  4 54818.13635177 29.941
  18  52.210640  65.719124    11.868    11.951  5 54828.05200275 21.697
  19  52.209882  65.718953    13.625    13.539  4 54837.96764166 16.053
  20  52.215751  65.718367    13.221    13.221  2 54847.88329151 15.465
  23  52.219266  65.719133    15.010    15.010  2 54877.63023742 14.710
  24  52.211076  65.718642    14.012    14.395  3 54887.54588174 15.640
  25  52.212237  65.716661    12.684    12.890  3 54897.46152362 16.145
  26  52.210326  65.715640    12.573    12.637  5 54907.37716259 18.646
  28  52.213082  65.716477    31.864    21.961  3 54927.20843850  6.192
  29  52.210603  65.717148    10.858     9.961  5 54937.12407541 19.338
  31  52.209480  65.716394    38.048    39.567  5 54956.95534462  7.816
  32  52.216117  65.715240    70.164    70.164  2 54966.87099386  7.908
  33  52.207569  65.716242    65.709    66.261  4 54976.78664064 25.325
  34  52.211236  65.716944    17.160    17.063  4 54986.70228854 31.207
  37  52.210878  65.718616    15.410    15.307  4 55016.44922606 28.214
  38  52.210184  65.719099    11.803    11.725  4 55026.36486845 49.451
  39  52.205821  65.720343    11.721    11.589  5 55036.28051004 45.735
  40  52.204291  65.720917    11.333    11.344  4 55046.19615104 30.612
  41  52.208789  65.719922    12.684    11.308  4 55056.11179084 29.527
  42  52.210176  65.718038    10.061    10.042  4 55066.02742806 31.110
  43  52.208701  65.716425    10.428    10.291  4 55075.94307714 35.804
  44  52.210085  65.715743    10.262    10.195  5 55085.85872510 46.023
  45  52.209920  65.716356    11.504    11.803  5 55095.77437122 28.775
  46  52.210686  65.716871    77.441    77.147  5 55105.69001716  7.454
  48  52.203784  65.716190    78.714    78.714  2 55125.52130536  6.274
  49  52.208705  65.715069    10.497    10.500  4 55135.43694650 39.654
  50  52.209808  65.715080    10.272    10.236  4 55145.35258514 43.167
  51  52.207616  65.716501    10.925    10.927  4 55155.26822275 38.339
  52  52.209601  65.717606    11.130    11.131  5 55165.18386101 31.701
  53  52.209835  65.718607    11.784    11.629  4 55175.09949890 24.687
  54  52.210558  65.718656    12.760    12.646  4 55185.01513937 17.993
  55  52.210464  65.718599    12.667    12.739  5 55194.93079052 17.756
  56  52.208084  65.719291    12.618    12.618  4 55204.84644011 17.762
  57  52.207345  65.720369    12.852    12.825  6 55214.76208917 17.550
  58  52.205135  65.720714    15.422    15.457  5 55224.67773760 18.361
  59  52.210221  65.718833    12.777    12.437  4 55234.59338492 17.598
  60  52.209443  65.716470    12.935    12.913  5 55244.50902847 18.029
  61  52.209812  65.714638    12.833    12.672  4 55254.42466916 16.376
  62  52.208879  65.714966    13.749    13.030  5 55264.34030787 16.870
  63  52.209199  65.716800    12.776    12.645  5 55274.25594573 16.163
  64  52.208123  65.718123    13.109    13.140  4 55284.17158293 15.460
  65  52.208162  65.717531     9.414     9.413  4 55294.08721879 25.968
  66  52.209904  65.715655     9.559     9.544  4 55304.00285659 23.296
  67  52.209874  65.714364    12.285    12.245  4 55313.91850411 39.914
  69  52.211653  65.716922   100.346   103.655  4 55333.74979375 12.834
  70  52.210271  65.718504    16.385    16.380  5 55343.66543752 25.311
  71  52.211221  65.718498    14.991    14.917  4 55353.58108106 30.028
  72  52.208258  65.718335    80.344    79.551  4 55363.49672213 20.550
  73  52.208655  65.718363    12.458    12.482  4 55373.41236172 51.095
  74  52.210672  65.719273    79.336    80.346  5 55383.32800015 23.829
  75  52.203625  65.721041    11.348    11.278  5 55393.24363695 34.689
  76  52.204314  65.721403    11.063    11.021  4 55403.15927334 42.052
  77  52.208073  65.719282    11.008    10.930  4 55413.07492573 44.766
  78  52.209981  65.716383    13.755    14.525  5 55422.99057512 36.165
  79  52.208659  65.714508    10.428    10.325  5 55432.90622151 38.420
  80  52.208450  65.714927    11.115    11.139  4 55442.82186605 34.420
  81  52.208918  65.716576    10.926    10.876  5 55452.73750912 46.583
  82  52.210692  65.717958    78.972    78.757  5 55462.65315152  8.259
  85  52.209964  65.714201    78.129    78.191  4 55492.40006496 16.765
  87  52.210819  65.717313    11.507    11.501  4 55512.23134420 46.920
  88  52.211987  65.719093    12.249    12.092  4 55522.14699384 46.279
  89  52.209511  65.719608    12.788    12.767  5 55532.06264187 28.495
  90  52.208639  65.718699    12.921    12.969  4 55541.97828844 23.009
  91  52.212099  65.717736    12.555    12.471  4 55551.89393334 22.135
  92  52.207765  65.718664    13.069    13.114  4 55561.80957602 20.284
  93  52.210464  65.719769    12.879    12.849  5 55571.72521860 19.590
  94  52.210528  65.720103    12.757    12.783  5 55581.64085980 19.593
  95  52.207899  65.718713    13.069    12.975  4 55591.55649766 17.938
  96  52.208981  65.716145    12.924    12.816  5 55601.47213266 17.173
  97  52.208866  65.714707    12.906    12.798  4 55611.38776538 16.521
  98  52.208586  65.715631    15.043    15.138  5 55621.30339793 15.447
  99  52.210411  65.717357    15.425    15.191  4 55631.21905094 15.831
 100  52.209422  65.718537    13.020    12.957  4 55641.13470165 15.846
 101  52.208024  65.717809    15.329    15.475  4 55651.05034969 15.551
 102  52.210120  65.715378    10.387    10.404  4 55660.96599439 40.179
 103  52.209671  65.714193    83.465    81.274  5 55670.88163547  3.316
 104  52.201533  65.715792    64.182    64.182  2 55680.79727401  3.347
 105  52.211182  65.717615    69.016    64.282  4 55690.71291233 23.997
 106  52.204519  65.720259    76.593    76.371  4 55700.62854753  0.730
 108  52.208858  65.719365    16.938    17.029  4 55720.45983798 46.086
 109  52.208359  65.718737    13.228    13.236  4 55730.37548582 41.823
 110  52.211318  65.718620    11.304    11.378  4 55740.29113268 34.978
 111  52.209277  65.719295    10.961    10.936  5 55750.20677782 32.536
 112  52.211428  65.719057    11.060    11.043  4 55760.12242101 33.192
 113  52.210865  65.718032    10.672    10.726  4 55770.03806114 37.930
 114  52.208532  65.716294    10.268    10.244  4 55779.95369777 33.076
 115  52.209145  65.715087    10.607    10.619  4 55789.86933206 31.522
 116  52.208323  65.715723    10.473    10.546  4 55799.78496494 30.284
 117  52.207936  65.717156    10.013    10.061  4 55809.70061212 43.612
 118  52.208340  65.718331    12.566    13.109  4 55819.61626097 27.850
 119  52.211574  65.717812     9.811     9.641  4 55829.53190567 31.791
 120  52.207578  65.716574    12.118    12.221  4 55839.44754527 25.181
 122  52.211114  65.715965    12.950    12.847  4 55859.27881739 25.088
 123  52.208933  65.718170    10.885    10.835  4 55869.19446617 41.940
 133  52.208047  65.715406    12.810    12.872  5 55968.35090880 16.824
 134  52.208644  65.716323    12.870    12.921  4 55978.26654552 16.807
 135  52.209799  65.717372    15.461    15.384  4 55988.18218163 17.095
 136  52.211221  65.717654    16.111    16.101  4 55998.09782217 17.855
 137  52.208983  65.717072    15.378    15.542  4 56008.01347321 16.910
 138  52.208620  65.716109    12.776    12.728  4 56017.92912022 17.028
 141  52.208227  65.718482    68.174    67.555  4 56047.67604697  6.790
 142  52.209679  65.719669    54.282    64.542  5 56057.59168470 16.323
 143  52.205526  65.720551    85.104    85.961  5 56067.50731759  2.090
 145  52.207928  65.719538    13.942    13.947  4 56087.33861623 38.409
 146  52.209578  65.719302    86.443    86.466  4 56097.25426276 20.413
 147  52.212017  65.718671    11.515    11.535  4 56107.16990721 35.167
 148  52.209511  65.717776    77.938    76.612  5 56117.08553682 10.243
 149  52.210356  65.716599    10.854    10.860  5 56127.00117462 40.243
 150  52.210588  65.715904    10.543    10.598  4 56136.91680853 37.679
 151  52.209277  65.716241    10.630    10.661  5 56146.83245297 46.486
 152  52.210957  65.716853    10.832    10.867  4 56156.74810245 47.614
 153  52.208462  65.717610    10.560    10.571  4 56166.66375061 39.860
 154  52.210165  65.717159    10.393    10.453  5 56176.57939679 42.449
 156  52.210769  65.715983    70.691    70.363  4 56196.41067541  3.218
 157  52.210731  65.716768    78.251    77.509  5 56206.32630980 16.848
 158  52.201545  65.719228    60.085    60.085  2 56216.24194182 13.693
 159  52.206948  65.720345    66.321    69.975  5 56226.15758275 13.692
 160  52.206770  65.720419    10.551    10.521  4 56236.07323791 39.930
 161  52.209557  65.719523     9.868    10.084  5 56245.98888950 40.695
 162  52.212108  65.718812    11.340    11.336  4 56255.90453594 44.891
 163  52.210505  65.719307    11.175    11.234  5 56265.82017812 35.957
 164  52.204683  65.720237    10.610    10.652  4 56275.73581819 32.676
 165  52.210109  65.719211    10.510    10.518  5 56285.65146480 30.357
 166  52.210593  65.717245    10.291    10.282  4 56295.56711525 25.614
 167  52.210287  65.715181    10.625    10.798  5 56305.48276151 23.204
 168  52.207641  65.714883    11.163    10.677  4 56315.39840405 23.643
 169  52.208036  65.716256    11.237    10.877  4 56325.31404496 22.691
 170  52.209875  65.717881    10.725    10.630  5 56335.22968516 26.042
 171  52.209431  65.718354    10.906    10.724  5 56345.14532417 24.660
 172  52.210075  65.717373    12.661    12.670  4 56355.06096101 18.992
 173  52.210051  65.715979    12.556    12.439  4 56364.97660646 18.162
 174  52.216742  65.715251    14.325    15.319  3 56374.89225597 17.369
 178  52.210551  65.720098    61.931    61.593  5 56414.55482551 23.050
 179  52.209930  65.719371    65.164    65.243  4 56424.47045939 25.516
 181  52.210429  65.718852    14.840    14.801  4 56444.30175781 46.354
 182  52.210005  65.719555    13.991    14.008  4 56454.21740739 42.777
 184  52.211615  65.717131    12.018    11.966  4 56474.04869781 53.697
 185  52.209854  65.715187    10.790    10.744  5 56483.96433766 47.418
 187  52.208219  65.716539    10.507    10.510  4 56503.79560856 38.056
 188  52.209010  65.718928    10.580    10.524  4 56513.71124137 35.124
 189  52.210552  65.719350     9.821     9.836  4 56523.62689167 44.256
 190  52.212217  65.717768    10.137    10.209  4 56533.54254363 36.214
 192  52.209319  65.715777    10.234    10.339  5 56553.37383616 44.533
 194  52.199281  65.720959    78.469    78.469  2 56573.20511929  1.291
 195  52.202383  65.722112    10.514    10.478  5 56583.12075879 40.646
 196  52.202950  65.721540     9.919     9.877  5 56593.03639362 38.309
 197  52.209962  65.719127    12.140    12.132  4 56602.95204622 47.200
 198  52.210529  65.717978    13.896    13.886  4 56612.86769541 47.886
 199  52.211749  65.718503    14.335    14.343  4 56622.78334034 45.290
 200  52.209236  65.719574    12.657    12.723  5 56632.69898200 28.473
 201  52.209336  65.719619    13.347    13.318  4 56642.61461947 20.683
 202  52.210352  65.717532    13.389    13.392  5 56652.53026973 18.849
 203  52.207976  65.715464    12.735    12.698  5 56662.44591911 13.752
 204  52.208948  65.714586    12.808    12.815  4 56672.36156588 12.603
 205  52.209532  65.716214    12.815    12.719  5 56682.27721094 13.293
 206  52.207864  65.718384    13.533    13.213  4 56692.19285374 13.612
 207  52.209329  65.719305    12.692    12.787  5 56702.10849289 13.680
 208  52.208229  65.718390    14.674    15.047  4 56712.02412688 13.933
 209  52.209311  65.716722    14.692    15.162  4 56721.93977285 11.439
 210  52.208757  65.716255    12.523    12.593  5 56731.85542424 15.903
 213  52.203299  65.722151    79.211    78.988  4 56761.60235295  4.021
 214  52.203433  65.721632    11.217    11.179  5 56771.51798451 31.651
 215  52.208674  65.719165    12.307    12.326  4 56781.43364062 33.981
 216  52.209722  65.717694    65.863    65.455  4 56791.34929542 11.882
 217  52.210515  65.717618    70.878    71.051  5 56801.26494715  9.523
 219  52.208362  65.718832    76.879    77.668  4 56821.09623149 18.229
 220  52.209270  65.717580    16.026    16.026  4 56831.01186756 54.997
 222  52.210932  65.715449    16.915    17.068  4 56850.84313665 25.703
 223  52.209643  65.716508    11.178    11.096  4 56860.75879089 49.581
 224  52.209221  65.718275    12.546    10.982  4 56870.67444445 34.511
 225  52.211641  65.718772    12.144    10.797  4 56880.59009555 35.968
 226  52.211806  65.717954    10.520    10.602  4 56890.50574285 38.468
 227  52.208066  65.716836    10.715    10.753  4 56900.42138696 33.737
 228  52.210356  65.716715    10.584    10.589  4 56910.33702952 34.747
 229  52.209670  65.718352    12.441    11.158  5 56920.25267012 36.105
 231  52.195212  65.722665    66.665    58.579  3 56940.08394102 13.240
 232  52.205196  65.721287    10.615    10.643  4 56949.99957983 41.933
 233  52.211719  65.718951    10.512    10.480  4 56959.91523263 48.607
 234  52.209394  65.718042    11.070    10.598  4 56969.83087949 29.637
 235  52.210616  65.717998    10.854    10.859  5 56979.74652270 32.209
 236  52.210498  65.718588    10.657    10.643  4 56989.66216132 34.517
 237  52.208418  65.718900    10.593    10.567  4 56999.57779349 26.439
 238  52.210742  65.717597    12.030    12.185  5 57009.49344666 25.464
 239  52.209144  65.716282    10.556    10.484  4 57019.40909899 27.016
 240  52.207509  65.716009    12.767    12.752  4 57029.32474826 21.761
 241  52.207624  65.716810    13.007    12.843  4 57039.24039597 20.439
 242  52.209815  65.717946    15.194    14.963  4 57049.15604157 19.869
 243  52.211314  65.718585    15.737    15.960  4 57059.07168317 18.399
 244  52.209593  65.718605    14.562    15.683  5 57068.98731881 17.746
 245  52.209810  65.718396    18.654    18.424  5 57078.90295031 11.182
 246  52.210074  65.718872    18.110    18.143  4 57088.81858637 11.956
 247  52.208727  65.719886    23.641    20.398  5 57098.73424449 12.150
 248  52.204860  65.721180    26.016    19.593  4 57108.64989939  8.971
 249  52.205163  65.721148    10.036     9.595  4 57118.56554951 15.397
 250  52.208556  65.719875     9.446     9.412  4 57128.48119390 23.021
