# NaN NaN NaN ;Mean Elev.(m), Avg Gradient(m/km), RMS Gradient(m/km) - SRTM1     
#   16.303  -1.187   7.051 ;Mean Elev.(m), Avg Gradient(m/km), RMS Gradient(m/km) - ASTER GDEM
#   30.608  -1.023   6.932 ;Mean Elev.(m), Avg Gradient(m/km), RMS Gradient(m/km) - GMTED2010 
   1  55.178076  66.123982    28.066    28.148  3 54661.43717965 28.927
   2  55.178457  66.124073    28.182    28.182  2 54671.35282503 25.064
   3  55.179131  66.124965   -17.114   -17.114  2 54681.26846889 23.450
   4  55.175875  66.125831    73.506    73.506  2 54691.18411123 15.802
   5  55.181455  66.125715     4.222     4.222  2 54701.09975206 15.117
   6  55.176823  66.124454    27.977    27.977  2 54711.01539833 22.808
   7  55.178765  66.122851    12.756    12.756  2 54720.93104972 16.191
   8  55.177934  66.121626    24.315    24.329  3 54730.84669823 38.354
   9  55.178984  66.121586    27.808    27.808  2 54740.76234527 26.321
  10  55.179403  66.121997    30.373    30.373  2 54750.67799223 23.535
  11  55.180301  66.122243    27.880    27.880  2 54760.59363906 28.303
  12  55.176089  66.121856    25.831    25.831  2 54770.50928305 39.774
  13  55.179415  66.121084    25.290    25.290  2 54780.42492448 46.465
  14  55.177014  66.120559    24.273    24.273  2 54790.34056282 41.074
  15  55.176804  66.121032    24.072    24.062  3 54800.25620026 31.449
  17  55.179685  66.123127    27.658    27.658  2 54820.08747714 22.566
  18  55.180273  66.123441    27.936    27.936  2 54830.00312946 20.143
  20  55.180636  66.124283    72.378    72.378  2 54849.83441730  1.063
  21  55.181126  66.125293    70.050    70.050  2 54859.75006590  1.401
  22  55.178263  66.125998    71.697    71.697  2 54869.66571433  0.865
  23  55.176735  66.125208    72.706    72.706  2 54879.58136179  1.986
  24  55.179125  66.123190    72.439    72.439  2 54889.49700647  2.255
  25  55.179882  66.121264    74.025    74.025  2 54899.41264784  0.888
  26  55.177209  66.121101    74.217    74.217  2 54909.32828659  1.987
  27  55.178530  66.122152    73.566    73.566  2 54919.24392443  2.971
  28  55.175904  66.123033    71.787    71.787  2 54929.15956164  6.437
  29  55.178564  66.122409    73.598    73.676  3 54939.07519848  1.006
  30  55.179351  66.121083    72.962    72.962  2 54948.99083349  3.286
  31  55.177433  66.120201    27.151    27.476  3 54958.90647063 16.608
  32  55.178359  66.120640    26.543    27.667  3 54968.82211924 24.939
  33  55.176651  66.121975    30.174    30.174  2 54978.73776648 45.642
  34  55.178939  66.122977    80.346    80.346  2 54988.65341402 19.404
  35  55.177524  66.123165    30.767    30.767  2 54998.56906135 33.077
  36  55.179513  66.123109    28.852    28.852  2 55008.48470721 26.612
  37  55.179445  66.123356    24.203    24.203  2 55018.40035099 47.340
  38  55.179657  66.124375    28.326    28.326  2 55028.31599342 25.949
  39  55.176496  66.125655    24.284    24.284  2 55038.23163503 39.209
  40  55.177371  66.126083    25.551    25.551  2 55048.14727586 25.866
  41  55.175441  66.124837    21.524    21.524  2 55058.06291444 35.942
  42  55.178642  66.122402    27.705    27.662  3 55067.97855288 26.337
  43  55.177691  66.120531    23.270    22.952  3 55077.89420292 34.358
  44  55.177578  66.120533    22.767    22.767  2 55087.80985064 40.786
  45  55.177082  66.121929    35.603    24.215  3 55097.72549674 29.824
  46  55.177497  66.123110    24.121    24.104  3 55107.64114246 43.834
  47  55.177749  66.122600    25.454    25.476  3 55117.55678744 40.481
  48  55.179396  66.120745    28.021    28.021  2 55127.47243026 27.870
  49  55.179194  66.119353    23.040    23.040  2 55137.38807067 39.180
  50  55.177479  66.119805    23.630    23.630  3 55147.30370911 35.274
  51  55.177735  66.121852    25.049    25.049  2 55157.21934706 32.651
  52  55.175640  66.123632    27.314    27.314  2 55167.13498474 26.660
  53  55.179434  66.124112    27.574    27.574  2 55177.05062252 27.161
  55  55.177006  66.123112    27.403    27.403  2 55196.88191654 22.153
  57  55.180786  66.125530    74.872    74.872  2 55216.71321582  1.677
  60  55.177083  66.121572    79.117    79.117  2 55246.46015274  0.245
  64  55.178787  66.123480    73.063    73.063  2 55286.12270705  0.819
  66  55.178508  66.120584    27.915    27.820  3 55305.95398205 24.465
  67  55.176933  66.119167    24.862    24.862  2 55315.86962888 32.855
  68  55.177581  66.119924    28.936    29.010  3 55325.78527443 37.290
  69  55.177429  66.122162    31.658    31.658  2 55335.70091872 46.710
  70  55.176046  66.124037    28.552    28.552  2 55345.61656249 27.922
  71  55.180753  66.124220    28.616    28.616  2 55355.53220575 29.553
  72  55.178885  66.123727    28.434    28.434  2 55365.44784641 25.245
  73  55.178252  66.123363    28.202    28.202  2 55375.36348564 25.971
  74  55.177003  66.124038    25.196    25.196  2 55385.27912376 40.379
  75  55.175500  66.125041    56.913    56.913  2 55395.19476099  6.798
  76  55.179617  66.125368    22.943    22.943  2 55405.11040097 40.215
  77  55.180496  66.124013    28.082    28.082  2 55415.02605254 26.007
  78  55.178028  66.121579    27.797    27.917  3 55424.94170068 26.625
  79  55.176244  66.119685    27.871    27.871  2 55434.85734623 21.267
  80  55.178628  66.119809    27.822    27.822  2 55444.77299071 26.262
  81  55.177198  66.121512    24.729    24.610  3 55454.68863378 44.285
  82  55.179224  66.123143    32.421    32.421  2 55464.60427640 20.659
  83  55.179127  66.122864    24.657    24.657  2 55474.51991618 35.686
  84  55.177179  66.121017    30.792    31.911  3 55484.43555283 22.347
  85  55.176164  66.119309    29.672    29.672  2 55494.35118748 23.567
  86  55.178652  66.119854    23.921    23.921  2 55504.26682136 37.303
  87  55.176522  66.122134    24.728    24.728  2 55514.18247025 41.456
  88  55.177679  66.124256    25.130    25.130  2 55524.09811994 41.517
  89  55.178553  66.124839    26.706    26.959  3 55534.01376786 25.999
  90  55.180131  66.124046    27.815    27.815  2 55543.92941398 22.760
  91  55.175932  66.123523    27.675    27.675  2 55553.84505765 20.648
  93  55.179524  66.124649    71.492    71.492  2 55573.67634325  0.812
  94  55.178370  66.124475    27.817    27.817  2 55583.59198408 19.104
  99  55.178875  66.121894    73.476    73.476  2 55633.17017740  0.785
 100  55.179224  66.122562    73.180    73.180  2 55643.08582797  0.551
 102  55.176860  66.120839    25.292    25.292  2 55662.91711885 26.647
 103  55.178768  66.120095    26.567    26.567  2 55672.83275940 26.700
 104  55.177836  66.120711    27.986    27.986  2 55682.74839819 35.787
 105  55.180022  66.122460    28.772    28.772  2 55692.66403577 28.194
 106  55.179958  66.124119    28.672    28.672  2 55702.57967158 25.895
 107  55.177065  66.124789    28.682    28.682  2 55712.49531459 28.144
 108  55.179375  66.124431    29.039    29.039  2 55722.41096426 27.077
 109  55.176459  66.124214    28.438    28.438  2 55732.32661144 25.605
 110  55.179007  66.124172    28.081    28.081  2 55742.24225786 27.841
 111  55.175965  66.124215    23.203    23.203  2 55752.15790248 36.053
 112  55.178036  66.123525    22.375    22.375  2 55762.07354527 43.736
 113  55.176164  66.122393    27.582    27.582  2 55771.98918488 27.740
 114  55.177611  66.120918    22.363    22.363  2 55781.90482128 37.241
 115  55.175578  66.120586    27.543    27.543  2 55791.82045474 26.972
 116  55.178608  66.121150    22.321    22.321  2 55801.73608797 46.031
 117  55.177787  66.122079    22.252    22.037  3 55811.65173801 46.507
 118  55.178796  66.122372    27.226    27.226  2 55821.56738666 26.294
 119  55.176699  66.121876    27.581    27.581  2 55831.48303025 25.680
 120  55.178791  66.120883    27.492    27.492  2 55841.39866969 28.900
 121  55.178483  66.120652    27.955    28.057  3 55851.31430583 25.728
 122  55.177456  66.121840    28.076    28.076  2 55861.22993984 20.880
 123  55.180692  66.123267    23.340    23.340  2 55871.14559318 40.251
 134  55.177837  66.122238    73.685    73.685  2 55980.21766913  0.677
 135  55.179776  66.122589    73.472    73.472  2 55990.13330463  0.347
 136  55.176177  66.122059    73.794    73.794  2 56000.04894827  1.486
 137  55.177856  66.120944    74.080    74.170  3 56009.96459911  0.933
 138  55.178086  66.120641    74.335    74.314  3 56019.88024574  1.740
 139  55.178877  66.121411    73.855    73.855  2 56029.79588945  4.040
 141  55.179067  66.124018    25.743    25.743  2 56049.62717088 35.122
 142  55.177622  66.124574    27.830    27.830  2 56059.54280777 42.405
 143  55.180857  66.124183    29.753    29.753  2 56069.45844313 30.016
 144  55.180411  66.123996    28.746    28.746  2 56079.37409416 27.138
 145  55.176161  66.124375    28.339    28.339  2 56089.28974212 25.350
 146  55.177743  66.124926    28.112    28.112  2 56099.20538811 25.241
 147  55.179178  66.124396    26.685    26.685  2 56109.12102015 29.542
 148  55.180318  66.122621    23.008    23.008  2 56119.03666082 47.270
 149  55.176822  66.120723    27.801    27.752  3 56128.95229741 26.268
 150  55.178309  66.119929    27.863    27.863  2 56138.86793106 25.962
 151  55.179032  66.121060    27.906    27.906  2 56148.78357946 28.748
 152  55.175943  66.122843    23.334    23.334  2 56158.69922824 36.647
 153  55.179314  66.123369    27.688    27.688  2 56168.61487644 26.321
 154  55.176300  66.122255    22.213    22.213  2 56178.53052103 39.512
 155  55.177617  66.120704    27.732    27.732  2 56188.44616160 27.759
 156  55.176687  66.120345    28.881    28.362  3 56198.36179860 23.307
 157  55.178804  66.121870    24.412    24.412  2 56208.27743302 43.135
 158  55.176150  66.124211    27.408    27.408  2 56218.19306534 24.028
 159  55.181426  66.125424    27.846    27.846  2 56228.10871092 25.947
 160  55.177648  66.125026    23.024    23.024  2 56238.02436480 36.476
 161  55.178608  66.123978    23.306    23.306  2 56247.94001525 35.698
 162  55.177608  66.123470    23.961    23.961  2 56257.85566054 30.073
 164  55.176319  66.124936    23.146    23.146  2 56277.68694296 23.252
 170  55.177178  66.123195    39.431    39.431  2 56337.18080960 12.285
 171  55.178433  66.123899    71.655    71.230  3 56347.09644811  1.301
 172  55.178540  66.122627    73.299    73.299  2 56357.01208397  1.750
 173  55.177497  66.120796    73.188    73.188  2 56366.92773218  1.395
 176  55.181020  66.124645    71.270    71.270  2 56396.67467010  6.306
 177  55.178129  66.125995    27.645    27.645  2 56406.59031112 25.145
 178  55.179752  66.125554    24.971    24.971  2 56416.50594898 32.529
 179  55.180190  66.124094    28.553    28.553  2 56426.42158201 46.265
 180  55.178084  66.123249    26.530    26.517  3 56436.33723230 45.423
 181  55.178363  66.123569    28.103    28.100  3 56446.25288405 21.954
 182  55.180148  66.124561    28.320    28.320  2 56456.16853360 21.237
 183  55.176097  66.124471    26.454    26.454  2 56466.08417952 39.719
 184  55.177609  66.122732    23.963    23.926  3 56475.99982209 33.975
 185  55.176915  66.120498    25.293    25.293  2 56485.91546090 29.851
 187  55.179175  66.121107    24.786    24.786  2 56505.74673155 28.911
 188  55.180298  66.123348    21.947    21.947  2 56515.66236459 38.771
 189  55.175867  66.124216    26.896    26.896  2 56525.57801867 26.471
 190  55.177054  66.123123    27.787    27.787  2 56535.49366951 23.039
 192  55.177682  66.121027    22.449    22.449  2 56555.32496072 38.929
 193  55.179561  66.122630    27.641    27.641  2 56565.24060365 24.306
 194  55.178509  66.125070    22.804    22.804  2 56575.15624497 42.650
 195  55.180903  66.126374    23.340    23.340  2 56585.07188363 40.734
 196  55.178204  66.125898    23.134    23.134  2 56594.98751971 41.227
 197  55.176924  66.124372    25.080    25.080  2 56604.90317245 37.453
 198  55.178279  66.123254    26.228    26.228  2 56614.81882061 43.603
 199  55.176918  66.123456    24.111    24.111  2 56624.73446472 39.672
 200  55.180476  66.123901    24.154    24.154  2 56634.65010649 29.307
 202  55.178389  66.122703    73.574    73.349  3 56654.48139642  0.502
 205  55.176450  66.121336    74.229    74.229  2 56684.22833556  1.301
 206  55.179389  66.122926    73.205    73.205  2 56694.14397852  0.260
 208  55.178428  66.123282    71.205    71.110  3 56713.97524973  6.715
 209  55.178783  66.122109    73.429    73.429  2 56723.89089962  1.464
 210  55.177206  66.121924    73.554    73.554  2 56733.80654991  1.333
 211  55.179274  66.123426    72.906    72.906  2 56743.72219711  3.800
 212  55.178873  66.125357    70.972    70.972  2 56753.63783976  3.460
 213  55.176340  66.126303    22.842    22.842  2 56763.55347682 37.339
 214  55.179385  66.125608    23.473    23.473  2 56773.46911093 19.884
 215  55.177968  66.124343    24.753    24.790  3 56783.38476823 33.762
 216  55.178337  66.123514    30.247    30.159  3 56793.30042204 38.098
 217  55.176203  66.123502    32.092    32.092  2 56803.21607273 33.959
 218  55.175408  66.123652    28.993    28.993  2 56813.13171569 26.270
 219  55.178256  66.123157    28.624    28.706  3 56823.04735548 27.731
 220  55.178391  66.122187    76.346    76.346  2 56832.96299086 23.107
 221  55.177823  66.121367    28.631    28.631  2 56842.87862274 28.138
 222  55.178126  66.121409    28.441    28.441  2 56852.79426338 27.640
 223  55.178013  66.122110    28.070    28.070  2 56862.70991746 25.490
 224  55.177944  66.122998    79.249    79.249  2 56872.62557097  1.459
 225  55.177916  66.123240    26.292    27.636  3 56882.54122140 26.846
 226  55.178099  66.122985    27.964    28.114  3 56892.45686828 25.480
 227  55.176040  66.122646    27.995    27.995  2 56902.37251187 24.572
 228  55.177664  66.123272    27.842    27.995  3 56912.28815385 26.009
 229  55.180642  66.124338    28.159    28.159  2 56922.20379434 26.041
 230  55.178435  66.125540    27.836    27.836  2 56932.11943209 25.696
 231  55.176791  66.125769    23.744    23.744  2 56942.03506468 34.531
 232  55.178131  66.125065    22.806    22.781  3 56951.95070758 40.441
 233  55.175418  66.124157    23.653    23.653  2 56961.86635839 39.317
 234  55.177218  66.123761    23.755    23.755  2 56971.78200467 26.984
 235  55.175579  66.123824    23.864    23.864  2 56981.69764652 39.927
 236  55.179131  66.123563    27.670    27.670  2 56991.61328437 22.721
 237  55.178380  66.122740    77.526    77.526  2 57001.52891649  1.116
 238  55.177621  66.121730    77.244    77.702  3 57011.44457393  1.895
 240  55.176951  66.121882    78.760    78.760  2 57031.27587436  0.090
 241  55.180447  66.122740    70.352    70.352  2 57041.19152158  1.780
 242  55.179299  66.123375    73.353    73.353  2 57051.10716627  1.461
 243  55.175811  66.123147    73.345    73.345  2 57061.02280660  0.425
 244  55.176389  66.122794    73.070    73.070  2 57070.93844175  0.953
 245  55.179064  66.123088    71.615    71.615  2 57080.85407278  6.992
 246  55.180218  66.124356    69.248    69.248  2 57090.76971453  7.463
 247  55.176361  66.125810    70.261    70.261  2 57100.68537182  8.927
 248  55.179892  66.126159    70.288    70.288  2 57110.60102664  5.930
 249  55.180334  66.125216    70.674    70.674  2 57120.51667556  1.836
