# NaN NaN NaN ;Mean Elev.(m), Avg Gradient(m/km), RMS Gradient(m/km) - SRTM1     
#   11.518  -5.384  16.824 ;Mean Elev.(m), Avg Gradient(m/km), RMS Gradient(m/km) - ASTER GDEM
#   30.000   0.799  13.673 ;Mean Elev.(m), Avg Gradient(m/km), RMS Gradient(m/km) - GMTED2010 
   3  55.148862  66.034185    -5.820    -4.878  4 54680.25270342 19.911
   5  55.145907  66.035231   -11.935   -11.935  2 54700.08398659 26.327
   6  55.151191  66.034267   109.607   110.287  3 54709.99963230  4.299
   7  55.149819  66.032688     6.950     6.915  3 54719.91528347 25.559
   8  55.148938  66.031281   104.931   105.196  4 54729.83093208  2.759
   9  55.150011  66.031163   105.706   107.037  4 54739.74657931  7.656
  10  55.149304  66.031704   101.445   100.584  3 54749.66222640  9.623
  11  55.149240  66.032307   102.308   107.760  4 54759.57787334  7.292
  12  55.149559  66.032175   102.683   103.511  4 54769.49351797 10.940
  17  55.149704  66.032472    24.566    24.241  4 54819.07171080 22.398
  18  55.151402  66.033325    24.917    25.370  3 54828.98736324 21.457
  23  55.146813  66.035164   103.942   102.053  3 54878.56559617  0.176
  24  55.149477  66.033622   103.255   100.987  3 54888.48124119  1.331
  28  55.150002  66.032504    98.428    98.985  3 54928.14379708  2.752
  32  55.151565  66.030209    25.672    26.472  3 54967.80635321 18.515
  33  55.148009  66.031091    89.803    91.038  3 54977.72200039 25.198
  34  55.150193  66.032248    88.595    88.622  4 54987.63764812 21.097
  35  55.150131  66.032738   103.954   102.681  4 54997.55329580  6.857
  36  55.149169  66.032944   109.492   108.834  3 55007.46894163  0.672
  38  55.151745  66.034328    28.748    28.625  3 55027.30022818 25.376
  40  55.147100  66.035500    26.687    26.687  2 55047.13151068 23.858
  41  55.150246  66.034268    27.383    27.546  3 55057.04714997 23.825
  42  55.150205  66.031902    27.422    27.493  3 55066.96278669 22.857
  43  55.151436  66.030480    27.239    27.290  3 55076.87843714 25.024
  44  55.148206  66.030531    82.431    81.859  3 55086.79408463  2.362
  45  55.149607  66.031859    94.716    97.751  3 55096.70973094  8.972
  46  55.149421  66.032720   101.560   101.769  4 55106.62537674 10.211
  47  55.151491  66.032268   100.619    99.780  3 55116.54102227  9.784
  48  55.150045  66.030678   101.737   100.633  4 55126.45666513  5.942
  49  55.147566  66.029505    22.943    23.025  3 55136.37230548 46.367
  50  55.150575  66.029892    23.579    23.551  3 55146.28794434 39.938
  51  55.148955  66.031406    23.632    23.632  3 55156.20358206 28.344
  52  55.149537  66.032725    25.590    25.650  4 55166.11922008 25.309
  53  55.148722  66.033207    24.361    23.548  3 55176.03485768 24.181
  54  55.149945  66.032755    25.659    25.681  4 55185.95049958 16.395
  55  55.150140  66.032886    25.490    25.912  4 55195.86615065 15.793
  56  55.150489  66.034010    25.666    25.618  3 55205.78180050 15.718
  64  55.149518  66.033292    95.951    95.835  4 55285.10694211  3.398
  67  55.148575  66.028668    56.499    69.156  3 55314.85386320  9.577
  68  55.148997  66.029724    90.979    89.881  3 55324.76950875 22.863
  69  55.148060  66.031918   100.654    95.274  3 55334.68515294 18.143
  70  55.150221  66.033667   107.813   108.342  3 55344.60079712  3.507
  71  55.147692  66.033622   103.165   103.664  3 55354.51644007 11.276
  72  55.149163  66.033115   103.195   102.067  4 55364.43208132  7.282
  73  55.148253  66.032864   101.276   100.960  3 55374.34772069  6.626
  74  55.148140  66.033665   107.917   107.917  2 55384.26335897  2.777
  75  55.147808  66.034632   105.545   105.545  2 55394.17899639  1.670
  78  55.147686  66.030977    26.841    26.888  3 55423.92593454 24.945
  79  55.148272  66.029183   114.188   119.396  3 55433.84158064  7.323
  80  55.149488  66.029738   108.664   108.898  3 55443.75722525  3.014
  81  55.150424  66.031598   107.902   107.725  3 55453.67286857  5.724
  82  55.148513  66.033109    97.111    99.784  3 55463.58851082 10.532
  83  55.149937  66.032514    89.094    88.661  4 55473.50415106 15.304
  84  55.149904  66.030394   103.145   103.674  4 55483.41978826  9.407
  85  55.150445  66.028624   105.061   105.772  3 55493.33542339  9.727
  86  55.147256  66.029108   107.427   106.974  3 55503.25105687  7.405
  87  55.150373  66.031696    97.399    99.362  3 55513.16670441  5.653
  88  55.147953  66.033812    24.846    24.828  3 55523.08235380 40.668
  89  55.146353  66.034325    24.997    24.996  3 55532.99800167 28.898
  90  55.149745  66.033639    25.006    24.923  4 55542.91364825 24.586
  91  55.147236  66.032938    25.546    25.533  3 55552.82929229 21.077
  92  55.150004  66.033646    25.862    25.837  4 55562.74493562 18.162
  94  55.147303  66.034542    24.907    24.740  3 55582.57621894 18.603
  95  55.148524  66.032877    25.606    25.663  3 55592.49185682 16.974
  96  55.149009  66.030455    25.836    25.931  4 55602.40749131 16.298
 101  55.149769  66.032045    25.597    25.740  3 55651.98570970 15.020
 102  55.151351  66.030292    22.954    22.968  3 55661.90135364 25.157
 103  55.148996  66.029301    94.890    95.689  3 55671.81699410  1.377
 104  55.150800  66.030128    89.191    99.175  3 55681.73263346  7.396
 105  55.148190  66.032037   108.421   108.181  3 55691.64827079 13.257
 106  55.148061  66.033656   103.636   100.983  3 55701.56390671 11.827
 107  55.148728  66.034153   106.569   108.310  3 55711.47954837  4.889
 110  55.149734  66.033687    28.519    28.511  4 55741.22649225 23.189
 111  55.149466  66.033924    23.195    23.338  3 55751.14213736 34.938
 112  55.151364  66.033591    27.521    27.287  3 55761.05778031 22.515
 113  55.148292  66.032322    22.941    22.620  3 55770.97341993 44.326
 114  55.149560  66.030619    27.186    27.087  3 55780.88905649 25.719
 115  55.150639  66.029703    26.880    26.742  3 55790.80469046 25.150
 117  55.151017  66.031273    22.354    22.286  3 55810.63597224 50.221
 119  55.147107  66.031648    83.884    84.928  3 55830.46726485 14.090
 120  55.151441  66.030503   101.280   100.009  3 55840.38290481  3.057
 121  55.149183  66.029618   107.665   107.835  4 55850.29854110  6.052
 122  55.150273  66.030527    24.860    24.532  3 55860.21417573 39.126
 123  55.150651  66.032524    23.136    23.092  3 55870.12982680 41.858
 133  55.147659  66.030391    23.419    23.578  3 55969.28626781 17.257
 138  55.146160  66.030300   109.887   109.887  2 56018.86447957  0.752
 142  55.149440  66.033956    96.867    92.169  3 56058.52704339 18.385
 143  55.147544  66.033645   106.130   107.506  3 56068.44267639 11.374
 144  55.148846  66.033740   107.290   107.381  4 56078.35832781  6.560
 145  55.149054  66.034040   103.499   105.338  3 56088.27397641  7.685
 146  55.148563  66.034374   108.798   108.798  2 56098.18962245  2.690
 148  55.147180  66.032120   109.927   110.293  3 56118.02089547  4.825
 149  55.147976  66.030419   109.491   109.500  3 56127.93653282  1.111
 150  55.148757  66.029622   109.212   108.693  4 56137.85216656  1.398
 152  55.150121  66.032059    25.252    26.637  3 56157.68346231 28.122
 154  55.148112  66.031691    22.004    21.985  3 56177.51475587 29.674
 155  55.149527  66.030553   108.311   108.455  3 56187.43039685  3.798
 156  55.149761  66.030152   100.371    99.735  4 56197.34603414 11.243
 157  55.147808  66.031220    87.845    91.259  3 56207.26166828 13.812
 158  55.149510  66.033122    98.926    99.556  4 56217.17730121  9.595
 159  55.150279  66.034421   104.519   104.421  3 56227.09294400  5.717
 160  55.150069  66.034311    22.884    22.911  3 56237.00859868 39.606
 161  55.149056  66.033557    23.245    23.251  4 56246.92424941 36.059
 162  55.148629  66.033238    24.085    23.619  3 56256.83989515 25.450
 163  55.149960  66.034017    23.342    23.279  3 56266.75553752 21.544
 164  55.147295  66.034539    23.149    23.104  3 56276.67117785 20.651
 165  55.150370  66.034187    24.040    23.268  3 56286.58682534 18.805
 166  55.148548  66.032082    25.641    25.993  3 56296.50247496 17.632
 173  55.148617  66.030175    99.968    99.968  2 56365.91196610  0.173
 174  55.143278  66.030015   105.308   105.308  2 56375.82761431  0.201
 176  55.148418  66.034441   109.630   109.527  3 56395.65890430  1.651
 177  55.146549  66.035340    23.850    23.850  2 56405.57454574 26.505
 178  55.147770  66.034877    96.250    96.131  3 56415.49018414  7.362
 179  55.151261  66.033484    91.510    97.468  3 56425.40581792 22.188
 180  55.147170  66.032789   105.812   108.009  3 56435.32146582 11.567
 181  55.148235  66.033438   106.684   108.663  3 56445.23711786  7.195
 182  55.150133  66.034658   108.604   108.665  3 56455.15276755  7.238
 183  55.147147  66.034287   107.679   109.038  3 56465.06841379  2.209
 185  55.148817  66.030034    23.358    22.553  4 56484.89969609 39.612
 187  55.147902  66.030624    21.929    21.972  3 56504.73096687 42.158
 188  55.148806  66.032728    25.533    25.402  3 56514.64659992 24.712
 189  55.147915  66.033505    22.960    22.181  3 56524.56225213 26.633
 193  55.148366  66.032407   105.664   106.692  3 56564.22483824  4.494
 194  55.146980  66.034812   108.184   108.184  2 56574.14047962  6.189
 195  55.144122  66.035834    22.973    22.973  2 56584.05611821 37.044
 196  55.146819  66.034971    23.130    23.130  2 56593.97175281 35.860
 197  55.150444  66.033653   109.405   109.504  3 56603.88740650  4.202
 198  55.148056  66.032686    25.847    25.909  3 56613.80305486 42.438
 199  55.149731  66.033268    23.676    23.701  4 56623.71869961 34.534
 200  55.147284  66.033858    24.456    24.407  3 56633.63434116 30.557
 201  55.149372  66.033808    24.392    24.527  3 56643.54997840 23.404
 202  55.149717  66.032311    98.573    98.901  4 56653.46563014  3.887
 209  55.150516  66.031464    95.195    95.444  3 56722.87513318  1.262
 211  55.142463  66.032934   111.469   111.469  2 56742.70643088  0.485
 212  55.147318  66.035242   102.541   102.541  2 56752.62207449  0.823
 213  55.144197  66.035940    22.694    22.694  2 56762.53771206 32.610
 214  55.146554  66.035049    24.065    24.065  2 56772.45334342 18.431
 215  55.148450  66.033859   109.129   109.956  3 56782.36900146  3.257
 216  55.149029  66.033121    77.415    72.759  4 56792.28465570 15.404
 217  55.149032  66.033374   111.219   112.854  3 56802.20030704 19.898
 218  55.147431  66.033809   106.019   108.291  3 56812.11595066 11.200
 219  55.149749  66.033641   107.026   108.164  4 56822.03159065  5.319
 220  55.151094  66.032352    95.675    95.622  3 56831.94722633  9.390
 221  55.147599  66.030623   101.126   101.544  3 56841.86285820  7.142
 222  55.148369  66.030257   101.607   101.673  3 56851.77849657 11.446
 225  55.147817  66.033462   103.635   103.715  3 56881.52545535  7.863
 226  55.149664  66.033137   109.100   108.088  3 56891.44110257  2.659
 227  55.142221  66.032082   110.648   110.648  2 56901.35674595  0.486
 228  55.149992  66.032892   105.974   109.147  3 56911.27238878  4.016
 229  55.148623  66.034054   106.432   108.396  4 56921.18802918  2.838
 230  55.146545  66.035308   100.515   100.444  3 56931.10366734  7.777
 231  55.145482  66.035406   107.677   107.677  2 56941.01930049  2.416
 232  55.146165  66.034652    23.055    23.140  3 56950.93494071 43.026
 233  55.149858  66.033783    23.716    23.700  3 56960.85059259 45.282
 234  55.149281  66.033258    24.862    25.276  3 56970.76623911 21.881
 235  55.149750  66.033228    95.623    95.667  4 56980.68188175  2.418
 245  55.148692  66.032516   103.589   101.503  3 57079.83830846  3.447
 246  55.150400  66.033427    98.299    97.948  3 57089.75394735  3.776
 247  55.147007  66.034807   105.574   105.574  2 57099.66960507  2.416
 248  55.145374  66.035620   106.187   106.187  2 57109.58525992  3.750
 249  55.147286  66.035188    22.363    22.225  3 57119.50090965 13.037
