# NaN NaN NaN ;Mean Elev.(m), Avg Gradient(m/km), RMS Gradient(m/km) - SRTM1     
#  -11.106  -1.784  11.165 ;Mean Elev.(m), Avg Gradient(m/km), RMS Gradient(m/km) - ASTER GDEM
#   22.064  -1.655   5.852 ;Mean Elev.(m), Avg Gradient(m/km), RMS Gradient(m/km) - GMTED2010 
   1     8.608 54664.40356382 33.20  52.497147  66.122295 17.558 -100.00 -100.00 -100.00
   1     8.997 54664.40356441 37.19  52.503620  66.122419 23.216 -100.00 -100.00 -100.00
   1     9.269 54664.40356500 38.54  52.510093  66.122543 26.677 -100.00 -100.00 -100.00
   2     7.608 54674.31920790 28.98  52.489451  66.123223 18.705  265.35  265.87  266.73
   2     7.488 54674.31920849 30.98  52.495924  66.123347 23.564  265.35  265.87  266.73
   2     8.004 54674.31920908 29.04  52.502397  66.123471 18.458  265.35  265.87  266.73
   2     7.607 54674.31920967 36.44  52.508871  66.123595   -100  265.35  265.87  266.73
   2     8.088 54674.31921026 31.87  52.515344  66.123719 23.576  265.35  265.87  266.73
   3     3.436 54684.23485170 24.07  52.494060  66.124786 15.862 -100.00 -100.00 -100.00
   3     4.771 54684.23485229 26.45  52.500534  66.124910 14.042 -100.00 -100.00 -100.00
   3     5.993 54684.23485288 32.90  52.507007  66.125034 29.688 -100.00 -100.00 -100.00
   3     7.070 54684.23485347 31.10  52.513481  66.125158 15.951 -100.00 -100.00 -100.00
   4     6.856 54694.15049335 32.19  52.490678  66.125484 21.345  269.39  269.38  269.36
   4     6.603 54694.15049394 35.35  52.497151  66.125609   -100  269.39  269.38  269.36
   4     6.879 54694.15049453 36.62  52.503625  66.125733   -100  269.39  269.38  269.36
   4     6.517 54694.15049512 36.62  52.510098  66.125857   -100  269.39  269.38  269.36
   5     6.423 54704.06613276 24.79  52.490371  66.124603 17.280 -100.00 -100.00 -100.00
   5     7.499 54704.06613335 32.00  52.496844  66.124728 20.207 -100.00 -100.00 -100.00
   5     7.177 54704.06613394 35.05  52.503317  66.124852 26.268 -100.00 -100.00 -100.00
   5     8.075 54704.06613453 44.96  52.509790  66.124976   -100 -100.00 -100.00 -100.00
   6     9.545 54713.98178324 17.63  52.490413  66.122380  4.803 -100.00 -100.00 -100.00
   6     9.537 54713.98178383 18.80  52.496886  66.122505  5.634 -100.00 -100.00 -100.00
   6     9.262 54713.98178442 20.60  52.503358  66.122629  7.433 -100.00 -100.00 -100.00
   6     8.673 54713.98178501 25.53  52.509830  66.122753 17.295 -100.00 -100.00 -100.00
   7     9.893 54723.89743393 34.15  52.492008  66.120413 32.213  257.41  256.80  258.00
   7     9.341 54723.89743452 34.03  52.498480  66.120537  7.326  257.41  256.80  258.00
   7     9.532 54723.89743511 27.48  52.504951  66.120662 26.566  257.41  256.80  258.00
   7     9.533 54723.89743570 27.18  52.511423  66.120785 20.595  257.41  256.80  258.00
   8     9.019 54733.81308203 32.15  52.489763  66.119882 17.752 -100.00 -100.00 -100.00
   8     8.092 54733.81308262 33.86  52.496235  66.120007   -100 -100.00 -100.00 -100.00
   8     8.262 54733.81308321 30.60  52.502707  66.120131 27.002 -100.00 -100.00 -100.00
   8     8.346 54733.81308380 30.29  52.509178  66.120255 24.779 -100.00 -100.00 -100.00
   8     8.086 54733.81308439 35.02  52.515650  66.120378   -100 -100.00 -100.00 -100.00
   9     8.357 54743.72872934 39.94  52.493636  66.121315 19.434 -100.00 -100.00 -100.00
   9     8.112 54743.72872993 51.47  52.500109  66.121439   -100 -100.00 -100.00 -100.00
   9     8.414 54743.72873052 47.42  52.506581  66.121562   -100 -100.00 -100.00 -100.00
   9     8.164 54743.72873111 52.92  52.513053  66.121686   -100 -100.00 -100.00 -100.00
  10    10.316 54753.64437581 36.20  52.492080  66.122523 18.707 -100.00 -100.00 -100.00
  10    10.777 54753.64437640 40.00  52.498553  66.122648 23.669 -100.00 -100.00 -100.00
  10    10.443 54753.64437699 51.33  52.505026  66.122771   -100 -100.00 -100.00 -100.00
  10    10.458 54753.64437758 53.11  52.511498  66.122895  0.156 -100.00 -100.00 -100.00
  11     9.012 54763.56002165 41.87  52.490781  66.122193 17.901 -100.00 -100.00 -100.00
  11     9.048 54763.56002224 43.91  52.497254  66.122317 19.368 -100.00 -100.00 -100.00
  11     8.530 54763.56002283 49.07  52.503728  66.122441   -100 -100.00 -100.00 -100.00
  11     8.473 54763.56002342 52.75  52.510201  66.122564   -100 -100.00 -100.00 -100.00
  12    10.065 54773.47566523 19.49  52.493475  66.120318  5.931  253.43  252.31  253.30
  12     9.956 54773.47566583 21.79  52.499948  66.120443  9.027  253.43  252.31  253.30
  12    10.089 54773.47566642 22.84  52.506421  66.120566 11.119  253.43  252.31  253.30
  12    10.471 54773.47566701 24.84  52.512893  66.120690 12.243  253.43  252.31  253.30
  13     8.896 54783.39130562 36.95  52.491013  66.118698 26.464 -100.00 -100.00 -100.00
  13     9.259 54783.39130621 41.51  52.497486  66.118822   -100 -100.00 -100.00 -100.00
  13     9.563 54783.39130680 39.62  52.503958  66.118946 32.542 -100.00 -100.00 -100.00
  13     9.261 54783.39130739 41.99  52.510431  66.119070   -100 -100.00 -100.00 -100.00
  14     8.903 54793.30694414 40.89  52.491857  66.118903 23.529  248.70  242.94  232.57
  14     8.798 54793.30694473 43.11  52.498329  66.119027 22.962  248.70  242.94  232.57
  14     7.959 54793.30694532 48.01  52.504802  66.119151  5.988  248.70  242.94  232.57
  14     8.362 54793.30694591 51.06  52.511275  66.119275   -100  248.70  242.94  232.57
  17     9.049 54823.05386188 16.39  52.489405  66.122741  6.047 -100.00 -100.00 -100.00
  17     9.210 54823.05386247 16.15  52.495879  66.122866  5.919 -100.00 -100.00 -100.00
  17     9.047 54823.05386306 16.65  52.502352  66.122990  5.741 -100.00 -100.00 -100.00
  17     8.924 54823.05386365 16.99  52.508825  66.123114  6.135 -100.00 -100.00 -100.00
  17     9.115 54823.05386424 17.55  52.515298  66.123238  7.354 -100.00 -100.00 -100.00
  18     8.472 54832.96950243 16.36  52.492899  66.122056  9.903 -100.00 -100.00 -100.00
  18     8.630 54832.96950302 16.06  52.499372  66.122180  7.560 -100.00 -100.00 -100.00
  18     8.645 54832.96950361 16.37  52.505845  66.122304  6.771 -100.00 -100.00 -100.00
  18     9.051 54832.96950420 16.15  52.512317  66.122428  5.918 -100.00 -100.00 -100.00
  19     9.201 54842.88515261 14.51  52.493981  66.122037  5.994 -100.00 -100.00 -100.00
  19     9.992 54842.88515320 14.41  52.500454  66.122162  4.844 -100.00 -100.00 -100.00
  19    10.125 54842.88515379 14.90  52.506926  66.122286  4.948 -100.00 -100.00 -100.00
  19    10.756 54842.88515438 14.44  52.513399  66.122409  4.099 -100.00 -100.00 -100.00
  20     9.175 54852.80080152 14.38  52.493215  66.123267  5.061 -100.00 -100.00 -100.00
  20     8.256 54852.80080211 14.49  52.499688  66.123392  4.591 -100.00 -100.00 -100.00
  20    10.002 54852.80080270 15.19  52.506161  66.123515  5.284 -100.00 -100.00 -100.00
  20     9.114 54852.80080329 15.01  52.512634  66.123639  4.686 -100.00 -100.00 -100.00
  21     9.106 54862.71644994 14.50  52.490307  66.125055  6.602 -100.00 -100.00 -100.00
  21     9.503 54862.71645053 14.82  52.496780  66.125179  5.733 -100.00 -100.00 -100.00
  21     9.967 54862.71645112 15.37  52.503254  66.125303  6.258 -100.00 -100.00 -100.00
  21     9.564 54862.71645171 15.44  52.509728  66.125427  5.109 -100.00 -100.00 -100.00
  22     8.501 54872.63209898 15.38  52.495211  66.125926  7.807 -100.00 -100.00 -100.00
  22     9.316 54872.63209957 15.56  52.501685  66.126050  7.232 -100.00 -100.00 -100.00
  22    10.315 54872.63210016 16.20  52.508159  66.126173  7.688 -100.00 -100.00 -100.00
  22    10.605 54872.63210075 15.63  52.514633  66.126297  5.482 -100.00 -100.00 -100.00
  23    39.143 54882.54774500 13.43  52.489694  66.124575  7.581  246.50  237.60  217.19
  23     8.499 54882.54774559 14.97  52.496168  66.124699  7.798  246.50  237.60  217.19
  23     9.935 54882.54774618 15.12  52.502642  66.124823  6.320  246.50  237.60  217.19
  23     9.951 54882.54774677 15.83  52.509116  66.124946  6.883  246.50  237.60  217.19
  23     9.488 54882.54774736 15.54  52.515590  66.125070  5.633  246.50  237.60  217.19
  24     9.585 54892.46338851 14.11  52.493395  66.121923  6.376 -100.00 -100.00 -100.00
  24     9.631 54892.46338910 14.67  52.499868  66.122047  5.963 -100.00 -100.00 -100.00
  24     9.574 54892.46338969 14.48  52.506341  66.122170  5.495 -100.00 -100.00 -100.00
  24    10.894 54892.46339028 15.29  52.512815  66.122294  5.601 -100.00 -100.00 -100.00
  25    40.133 54902.37902870 12.50  52.491294  66.119668  7.382 -100.00 -100.00 -100.00
  25    39.384 54902.37902929 13.21  52.497767  66.119792  9.099 -100.00 -100.00 -100.00
  25    38.422 54902.37902988 14.55  52.504239  66.119916 11.436 -100.00 -100.00 -100.00
  25    10.597 54902.37903047 15.11  52.510712  66.120040  9.743 -100.00 -100.00 -100.00
  26     8.859 54912.29466763 14.03  52.490966  66.119731  6.615 -100.00 -100.00 -100.00
  26    38.891 54912.29466822 14.14  52.497438  66.119855  5.544 -100.00 -100.00 -100.00
  26     9.945 54912.29466881 14.75  52.503911  66.119979  4.716 -100.00 -100.00 -100.00
  26    10.241 54912.29466940 15.23  52.510384  66.120103  5.693 -100.00 -100.00 -100.00
  27    39.765 54922.21030590 10.53  52.493968  66.121442  5.319 -100.00 -100.00 -100.00
  27    39.205 54922.21030649 10.49  52.500441  66.121566  5.170 -100.00 -100.00 -100.00
  27    37.722 54922.21030709 11.23  52.506914  66.121689  6.006 -100.00 -100.00 -100.00
  27    38.460 54922.21030768 11.39  52.513387  66.121813  5.082 -100.00 -100.00 -100.00
  28    39.992 54932.12594282 12.92  52.490138  66.122658  4.947  245.06  233.74  211.46
  28    39.164 54932.12594341 13.46  52.496611  66.122782  6.178  245.06  233.74  211.46
  28    39.075 54932.12594400 13.54  52.503084  66.122906  6.227  245.06  233.74  211.46
  28    38.455 54932.12594460 14.55  52.509557  66.123030  6.682  245.06  233.74  211.46
  29    40.052 54942.04157825 10.52  52.488427  66.121978  7.098 -100.00 -100.00 -100.00
  29    39.659 54942.04157884 10.49  52.494900  66.122102  6.535 -100.00 -100.00 -100.00
  29    39.352 54942.04157943 11.27  52.501372  66.122227  8.184 -100.00 -100.00 -100.00
  29    38.732 54942.04158002 10.99  52.507845  66.122351  7.528 -100.00 -100.00 -100.00
  29    38.361 54942.04158061 11.02  52.514318  66.122474  7.140 -100.00 -100.00 -100.00
  30    39.576 54951.95721235 14.08  52.491571  66.120025 10.062 -100.00 -100.00 -100.00
  30    39.007 54951.95721294 14.33  52.498043  66.120150  9.415 -100.00 -100.00 -100.00
  30     9.771 54951.95721353 15.14  52.504514  66.120274 10.612 -100.00 -100.00 -100.00
  30    38.044 54951.95721412 15.06  52.510986  66.120398 10.950 -100.00 -100.00 -100.00
  31     7.818 54961.87285424 17.57  52.488727  66.118293  7.696 -100.00 -100.00 -100.00
  31     7.337 54961.87285483 20.32  52.495198  66.118418 13.813 -100.00 -100.00 -100.00
  31     7.451 54961.87285542 20.17  52.501669  66.118542 12.961 -100.00 -100.00 -100.00
  31     7.398 54961.87285601 23.55  52.508140  66.118666 21.076 -100.00 -100.00 -100.00
  31     7.312 54961.87285660 21.80  52.514611  66.118790 15.743 -100.00 -100.00 -100.00
  32    13.155 54971.78850331 39.47  52.493304  66.118912  3.553 -100.00 -100.00 -100.00
  32    13.335 54971.78850390 41.92  52.499775  66.119037   -100 -100.00 -100.00 -100.00
  32    13.995 54971.78850449 41.91  52.506246  66.119161 22.532 -100.00 -100.00 -100.00
  32    13.277 54971.78850508 38.45  52.512718  66.119285   -100 -100.00 -100.00 -100.00
  33    40.027 54981.70415087 32.47  52.493073  66.120827 21.698 -100.00 -100.00 -100.00
  33    39.792 54981.70415146 30.26  52.499545  66.120951 14.776 -100.00 -100.00 -100.00
  33    39.307 54981.70415205 29.39  52.506017  66.121075 12.475 -100.00 -100.00 -100.00
  33    38.654 54981.70415264 28.29  52.512489  66.121199 10.605 -100.00 -100.00 -100.00
  34    39.618 54991.61979828 28.24  52.494688  66.122741  9.383 -100.00 -100.00 -100.00
  34    38.400 54991.61979887 29.03  52.501160  66.122866  9.975 -100.00 -100.00 -100.00
  34    14.626 54991.61979946 31.45  52.507633  66.122990 15.208 -100.00 -100.00 -100.00
  34    14.601 54991.61980005 34.23  52.514106  66.123113 23.116 -100.00 -100.00 -100.00
  35    14.070 55001.53544462 25.61  52.490476  66.123065  7.134 -100.00 -100.00 -100.00
  35    13.966 55001.53544521 26.48  52.496949  66.123189  7.970 -100.00 -100.00 -100.00
  35    14.022 55001.53544580 29.47  52.503422  66.123313 12.485 -100.00 -100.00 -100.00
  35    14.446 55001.53544639 29.59  52.509894  66.123437 10.396 -100.00 -100.00 -100.00
  36    11.771 55011.45108992 23.34  52.494601  66.122806  8.633 -100.00 -100.00 -100.00
  36    12.041 55011.45109051 26.04  52.501074  66.122931 11.935 -100.00 -100.00 -100.00
  36    12.686 55011.45109110 25.77  52.507547  66.123054 11.319 -100.00 -100.00 -100.00
  36    13.259 55011.45109169 24.69  52.514020  66.123178  7.919 -100.00 -100.00 -100.00
  37    10.885 55021.36673290 18.93  52.489491  66.122216  6.440 -100.00 -100.00 -100.00
  37    11.290 55021.36673349 20.53  52.495963  66.122340  7.132 -100.00 -100.00 -100.00
  37    11.772 55021.36673408 21.49  52.502436  66.122465  7.591 -100.00 -100.00 -100.00
  37    11.998 55021.36673467 23.77  52.508909  66.122588 11.298 -100.00 -100.00 -100.00
  37    11.984 55021.36673526 25.77  52.515382  66.122712 13.328 -100.00 -100.00 -100.00
  38    10.308 55031.28237541 18.63  52.490263  66.123014  5.434  265.12  264.72  266.88
  38    10.950 55031.28237600 18.71  52.496736  66.123138  6.112  265.12  264.72  266.88
  38    10.766 55031.28237659 20.08  52.503209  66.123262  6.157  265.12  264.72  266.88
  38     8.856 55031.28237718 24.88  52.509682  66.123386 15.937  265.12  264.72  266.88
  39     7.718 55041.19801742 26.47  52.493022  66.124383  8.142  272.98  272.34  273.22
  39     7.852 55041.19801801 26.98  52.499495  66.124507  8.779  272.98  272.34  273.22
  39     8.011 55041.19801860 28.98  52.505969  66.124631 13.638  272.98  272.34  273.22
  39     8.079 55041.19801919 30.83  52.512442  66.124755 16.489  272.98  272.34  273.22
  40     6.178 55051.11365779 27.69  52.494078  66.125109 21.465  263.79  263.41  264.57
  40     6.794 55051.11365838 29.96  52.500552  66.125234 23.665  263.79  263.41  264.57
  40     6.651 55051.11365897 31.73  52.507025  66.125358 27.693  263.79  263.41  264.57
  40     6.533 55051.11365956 34.33  52.513498  66.125482   -100  263.79  263.41  264.57
  41     5.916 55061.02929544 25.86  52.489267  66.123821 18.397 -100.00 -100.00 -100.00
  41     6.220 55061.02929603 26.94  52.495740  66.123946 19.954 -100.00 -100.00 -100.00
  41     6.593 55061.02929662 29.51  52.502213  66.124070 22.889 -100.00 -100.00 -100.00
  41     6.564 55061.02929721 32.22  52.508685  66.124194 26.841 -100.00 -100.00 -100.00
  41     6.273 55061.02929780 34.11  52.515158  66.124318   -100 -100.00 -100.00 -100.00
  42     5.843 55070.94493765 34.39  52.492281  66.121354 21.133  261.90  261.66  260.72
  42     6.688 55070.94493824 46.54  52.498753  66.121478 26.101  261.90  261.66  260.72
  42     6.018 55070.94493883 50.05  52.505225  66.121602   -100  261.90  261.66  260.72
  42     6.431 55070.94493942 52.08  52.511697  66.121726   -100  261.90  261.66  260.72
  43     6.533 55080.86058670 30.36  52.493296  66.119217 19.356 -100.00 -100.00 -100.00
  43     6.992 55080.86058729 33.38  52.499768  66.119341 19.717 -100.00 -100.00 -100.00
  43     6.816 55080.86058788 45.34  52.506239  66.119465  5.449 -100.00 -100.00 -100.00
  43     6.708 55080.86058847 43.88  52.512711  66.119589   -100 -100.00 -100.00 -100.00
  44     5.868 55090.77623380 27.00  52.491933  66.119057 23.044 -100.00 -100.00 -100.00
  44     6.666 55090.77623439 26.01  52.498404  66.119182 20.341 -100.00 -100.00 -100.00
  44     6.809 55090.77623498 29.49  52.504876  66.119306 27.548 -100.00 -100.00 -100.00
  44     6.469 55090.77623557 30.70  52.511347  66.119429   -100 -100.00 -100.00 -100.00
  45     9.008 55100.69188014 18.09  52.490672  66.120666  6.757 -100.00 -100.00 -100.00
  45     8.377 55100.69188073 19.66  52.497144  66.120790  7.983 -100.00 -100.00 -100.00
  45     7.849 55100.69188132 21.14  52.503616  66.120914  9.873 -100.00 -100.00 -100.00
  45     9.308 55100.69188191 22.51  52.510088  66.121038 11.493 -100.00 -100.00 -100.00
  46     8.114 55110.60752616 34.67  52.490863  66.122380 17.427  258.81  258.72  260.32
  46     8.436 55110.60752675 34.96  52.497336  66.122504 18.565  258.81  258.72  260.32
  46     8.261 55110.60752734 39.23  52.503809  66.122628 29.358  258.81  258.72  260.32
  46     8.177 55110.60752793 34.66  52.510282  66.122752 18.122  258.81  258.72  260.32
  47     9.817 55120.52317033 31.77  52.490869  66.122178 30.149  256.97  257.97  259.72
  47     9.659 55120.52317092 25.71  52.497342  66.122302 13.407  256.97  257.97  259.72
  47     9.688 55120.52317151 27.31  52.503815  66.122426 18.856  256.97  257.97  259.72
  47     9.532 55120.52317210 27.83  52.510288  66.122550 17.710  256.97  257.97  259.72
  48     8.925 55130.43881177 33.31  52.490949  66.120210 13.895 -100.00 -100.00 -100.00
  48     7.979 55130.43881236 36.25  52.497421  66.120335   -100 -100.00 -100.00 -100.00
  48     8.251 55130.43881295 35.51  52.503894  66.120459 28.841 -100.00 -100.00 -100.00
  48     8.075 55130.43881354 36.44  52.510367  66.120582 32.490 -100.00 -100.00 -100.00
  49     6.747 55140.35445120 36.38  52.490641  66.118304 22.349  257.52  257.68  259.49
  49     7.122 55140.35445179 39.97  52.497113  66.118428 30.183  257.52  257.68  259.49
  49     6.742 55140.35445238 40.89  52.503585  66.118553   -100  257.52  257.68  259.49
  49     7.103 55140.35445297 43.28  52.510058  66.118676   -100  257.52  257.68  259.49
  50     7.885 55150.27008957 33.77  52.488577  66.118515 20.436 -100.00 -100.00 -100.00
  50     7.755 55150.27009016 36.57  52.495050  66.118639 29.012 -100.00 -100.00 -100.00
  50     8.092 55150.27009075 39.19  52.501522  66.118764 19.839 -100.00 -100.00 -100.00
  50     7.454 55150.27009134 36.94  52.507995  66.118888   -100 -100.00 -100.00 -100.00
  50     7.644 55150.27009193 37.29  52.514467  66.119011   -100 -100.00 -100.00 -100.00
  51    39.701 55160.18572820 13.20  52.490371  66.120648 29.456 -100.00 -100.00 -100.00
  51    39.419 55160.18572879 10.21  52.496843  66.120772 24.972 -100.00 -100.00 -100.00
  51    10.220 55160.18572938 19.63  52.503316  66.120896   -100 -100.00 -100.00 -100.00
  51    37.845 55160.18572997 10.01  52.509789  66.121020 13.966 -100.00 -100.00 -100.00
  52     7.446 55170.10136634 24.49  52.491113  66.122718  9.079 -100.00 -100.00 -100.00
  52     8.649 55170.10136693 24.32  52.497586  66.122842  7.529 -100.00 -100.00 -100.00
  52     9.529 55170.10136752 24.86  52.504059  66.122967  8.699 -100.00 -100.00 -100.00
  52     8.860 55170.10136811 25.44  52.510532  66.123091  8.866 -100.00 -100.00 -100.00
  53     8.681 55180.01700330 19.19  52.493224  66.123427  4.760 -100.00 -100.00 -100.00
  53    10.101 55180.01700389 19.51  52.499697  66.123552  5.106 -100.00 -100.00 -100.00
  53     9.081 55180.01700448 20.54  52.506170  66.123676  6.031 -100.00 -100.00 -100.00
  53     9.848 55180.01700507 20.88  52.512644  66.123800  6.784 -100.00 -100.00 -100.00
  54     8.818 55189.93265070 17.50  52.493713  66.122792  5.499 -100.00 -100.00 -100.00
  54     9.352 55189.93265129 18.08  52.500186  66.122916  5.872 -100.00 -100.00 -100.00
  54     9.562 55189.93265188 17.67  52.506659  66.123040  4.444 -100.00 -100.00 -100.00
  54     9.101 55189.93265247 18.52  52.513132  66.123164  6.110 -100.00 -100.00 -100.00
  55     9.074 55199.84830100 17.38  52.492365  66.122607  6.330 -100.00 -100.00 -100.00
  55     9.366 55199.84830159 17.78  52.498838  66.122732  5.989 -100.00 -100.00 -100.00
  55     8.984 55199.84830218 18.00  52.505310  66.122856  6.160 -100.00 -100.00 -100.00
  55     9.345 55199.84830277 18.74  52.511783  66.122980  6.461 -100.00 -100.00 -100.00
  56     7.267 55209.76395041 16.59  52.489288  66.123213  9.891  254.28  248.32  233.88
  56     6.775 55209.76395100 17.41  52.495761  66.123337  7.440  254.28  248.32  233.88
  56     9.066 55209.76395159 17.29  52.502234  66.123461  6.554  254.28  248.32  233.88
  56     7.923 55209.76395218 18.19  52.508707  66.123585  8.137  254.28  248.32  233.88
  56    10.228 55209.76395277 18.35  52.515180  66.123708  7.060  254.28  248.32  233.88
  57     8.113 55219.67960007 15.93  52.494153  66.124360 23.438 -100.00 -100.00 -100.00
  57     6.837 55219.67960066 17.00  52.500626  66.124484 27.721 -100.00 -100.00 -100.00
  57     7.837 55219.67960125 17.37  52.507099  66.124608 20.224 -100.00 -100.00 -100.00
  57     7.997 55219.67960184 18.65  52.513573  66.124732 17.070 -100.00 -100.00 -100.00
  58     6.574 55229.59524837 16.53  52.494124  66.124260 15.061  253.37  246.98  226.52
  58     6.563 55229.59524896 18.72  52.500597  66.124384 15.225  253.37  246.98  226.52
  58     7.612 55229.59524955 17.33  52.507071  66.124508  8.079  253.37  246.98  226.52
  58     7.936 55229.59525014 18.56  52.513544  66.124632  8.325  253.37  246.98  226.52
  59     8.722 55239.51089329 17.32  52.492236  66.122989 13.471 -100.00 -100.00 -100.00
  59     9.099 55239.51089388 17.18  52.498709  66.123113  9.679 -100.00 -100.00 -100.00
  59     9.906 55239.51089447 17.41  52.505183  66.123237  7.371 -100.00 -100.00 -100.00
  59     9.488 55239.51089506 18.25  52.511656  66.123361  8.719 -100.00 -100.00 -100.00
  60     8.975 55249.42653475 16.38  52.491887  66.120910 11.748 -100.00 -100.00 -100.00
  60     8.341 55249.42653534 17.28  52.498360  66.121035 12.506 -100.00 -100.00 -100.00
  60     9.702 55249.42653593 17.23  52.504833  66.121159  7.705 -100.00 -100.00 -100.00
  60     9.975 55249.42653652 17.36  52.511306  66.121282  7.248 -100.00 -100.00 -100.00
  61    39.874 55259.34217373  8.90  52.489897  66.119478  6.388  257.11  248.16  226.23
  61    39.626 55259.34217432 10.76  52.496370  66.119602  9.014  257.11  248.16  226.23
  61    38.619 55259.34217491 11.63  52.502843  66.119726 10.816  257.11  248.16  226.23
  61    10.086 55259.34217550 14.22  52.509315  66.119850 13.645  257.11  248.16  226.23
  61    10.532 55259.34217609 14.74  52.515788  66.119973 13.593  257.11  248.16  226.23
  62     8.837 55269.25781241 15.00  52.492627  66.119601  9.819  250.78  238.61  212.10
  62     8.442 55269.25781300 15.82  52.499099  66.119725  8.912  250.78  238.61  212.10
  62     9.012 55269.25781359 15.58  52.505572  66.119849  5.256  250.78  238.61  212.10
  62    10.325 55269.25781418 15.76  52.512044  66.119973  5.115  250.78  238.61  212.10
  63     8.614 55279.17345064 14.40  52.492325  66.120779  7.622 -100.00 -100.00 -100.00
  63     9.343 55279.17345123 14.32  52.498797  66.120904  5.901 -100.00 -100.00 -100.00
  63     9.626 55279.17345182 14.10  52.505270  66.121027  5.043 -100.00 -100.00 -100.00
  63     9.992 55279.17345241 14.47  52.511742  66.121151  4.921 -100.00 -100.00 -100.00
  64    40.251 55289.08908735  8.63  52.489389  66.121567  4.278  262.97  263.66  264.72
  64    39.656 55289.08908794  8.73  52.495861  66.121692  4.578  262.97  263.66  264.72
  64    39.317 55289.08908853  8.68  52.502334  66.121816  4.426  262.97  263.66  264.72
  64    38.973 55289.08908912  9.33  52.508806  66.121940  5.536  262.97  263.66  264.72
  64    38.652 55289.08908971  8.99  52.515279  66.122063  4.751  262.97  263.66  264.72
  65     8.115 55299.00472230 13.93  52.493659  66.121441  7.041  246.83  230.05  200.14
  65     6.975 55299.00472289 14.40  52.500131  66.121566  7.970  246.83  230.05  200.14
  65     6.465 55299.00472348 15.17  52.506603  66.121690  8.288  246.83  230.05  200.14
  65     7.578 55299.00472407 14.68  52.513075  66.121814  7.644  246.83  230.05  200.14
  66    40.201 55308.92036597 18.52  52.492473  66.120029 22.464 -100.00 -100.00 -100.00
  66    39.664 55308.92036656 17.95  52.498944  66.120154 21.435 -100.00 -100.00 -100.00
  66    39.189 55308.92036715 17.32  52.505416  66.120278 20.933 -100.00 -100.00 -100.00
  66    38.542 55308.92036774 18.41  52.511887  66.120402 25.927 -100.00 -100.00 -100.00
  67    40.274 55318.83601152 36.51  52.487534  66.118835 26.377 -100.00 -100.00 -100.00
  67    39.817 55318.83601211 37.71  52.494005  66.118959   -100 -100.00 -100.00 -100.00
  67    10.414 55318.83601270 44.43  52.500476  66.119084 11.908 -100.00 -100.00 -100.00
  67    11.016 55318.83601329 42.30  52.506947  66.119208   -100 -100.00 -100.00 -100.00
  67    10.458 55318.83601388 38.28  52.513418  66.119332   -100 -100.00 -100.00 -100.00
  68    14.228 55328.75165708 42.32  52.493903  66.119240 26.693  252.17  254.92  254.32
  68    13.814 55328.75165767 48.26  52.500374  66.119364   -100  252.17  254.92  254.32
  68    13.851 55328.75165826 53.23  52.506846  66.119488   -100  252.17  254.92  254.32
  68    13.945 55328.75165885 54.57  52.513317  66.119612   -100  252.17  254.92  254.32
  69    14.232 55338.66730120 25.09  52.489515  66.120840  6.029 -100.00 -100.00 -100.00
  69    14.021 55338.66730179 25.81  52.495987  66.120965  6.173 -100.00 -100.00 -100.00
  69    13.901 55338.66730238 27.26  52.502459  66.121089  8.139 -100.00 -100.00 -100.00
  69    13.772 55338.66730297 28.28  52.508931  66.121213  9.598 -100.00 -100.00 -100.00
  69    14.290 55338.66730356 29.06  52.515403  66.121336 10.413 -100.00 -100.00 -100.00
  70    11.150 55348.58294536 20.76  52.489720  66.122553  7.173 -100.00 -100.00 -100.00
  70    11.492 55348.58294595 21.19  52.496192  66.122677  6.600 -100.00 -100.00 -100.00
  70    11.518 55348.58294654 22.33  52.502665  66.122801  8.071 -100.00 -100.00 -100.00
  70    12.007 55348.58294713 23.06  52.509137  66.122925  8.038 -100.00 -100.00 -100.00
  70    12.360 55348.58294772 26.83  52.515610  66.123049 13.600 -100.00 -100.00 -100.00
  71    39.777 55358.49858806 23.76  52.494462  66.123423 16.432 -100.00 -100.00 -100.00
  71    39.404 55358.49858865 23.58  52.500935  66.123547 14.278 -100.00 -100.00 -100.00
  71    11.072 55358.49858924 26.27  52.507408  66.123671 23.941 -100.00 -100.00 -100.00
  71    11.832 55358.49858983 25.52  52.513880  66.123795 14.868 -100.00 -100.00 -100.00
  72     9.859 55368.41422801 31.46  52.492327  66.123291 27.502 -100.00 -100.00 -100.00
  72    10.236 55368.41422860 26.81  52.498800  66.123416 15.105 -100.00 -100.00 -100.00
  72    10.276 55368.41422919 29.15  52.505273  66.123540 19.405 -100.00 -100.00 -100.00
  72    10.555 55368.41422978 28.57  52.511746  66.123664 17.873 -100.00 -100.00 -100.00
  73     9.780 55378.32986675 38.21  52.493055  66.123090 16.756 -100.00 -100.00 -100.00
  73     9.381 55378.32986734 44.44  52.499528  66.123214 30.086 -100.00 -100.00 -100.00
  73     9.160 55378.32986793 54.11  52.506001  66.123339   -100 -100.00 -100.00 -100.00
  73     9.119 55378.32986852 52.58  52.512474  66.123462   -100 -100.00 -100.00 -100.00
  74     9.073 55388.24550447 18.88  52.490884  66.123301  7.139 -100.00 -100.00 -100.00
  74     9.293 55388.24550506 20.30  52.497357  66.123426  8.396 -100.00 -100.00 -100.00
  74     9.014 55388.24550565 24.30  52.503830  66.123550 15.769 -100.00 -100.00 -100.00
  74     9.106 55388.24550624 23.41  52.510303  66.123674 11.874 -100.00 -100.00 -100.00
  75     7.667 55398.16114140 36.01  52.490456  66.123606 27.720 -100.00 -100.00 -100.00
  75     7.781 55398.16114199 38.32  52.496928  66.123731 23.324 -100.00 -100.00 -100.00
  75     7.736 55398.16114258 40.33  52.503401  66.123855 27.696 -100.00 -100.00 -100.00
  75     7.559 55398.16114317 44.51  52.509874  66.123979   -100 -100.00 -100.00 -100.00
  76     7.130 55408.07678586 32.45  52.488861  66.123150 19.983 -100.00 -100.00 -100.00
  76     6.660 55408.07678645 36.59  52.495334  66.123275 28.095 -100.00 -100.00 -100.00
  76     7.553 55408.07678704 48.55  52.501806  66.123399 30.523 -100.00 -100.00 -100.00
  76     7.259 55408.07678763 52.11  52.508279  66.123524   -100 -100.00 -100.00 -100.00
  76     6.996 55408.07678822 53.18  52.514752  66.123647   -100 -100.00 -100.00 -100.00
  77     6.416 55417.99243690 23.90  52.490321  66.121817 15.454  273.14  275.35  273.55
  77     6.468 55417.99243749 27.52  52.496793  66.121941 23.015  273.14  275.35  273.55
  77     6.768 55417.99243808 29.33  52.503265  66.122066 21.900  273.14  275.35  273.55
  77     6.625 55417.99243867 31.37  52.509737  66.122190 26.644  273.14  275.35  273.55
  78     6.530 55427.90808467 26.81  52.493879  66.120207 17.054 -100.00 -100.00 -100.00
  78     6.837 55427.90808526 26.22  52.500350  66.120332 14.295 -100.00 -100.00 -100.00
  78     6.598 55427.90808585 31.44  52.506822  66.120456 29.187 -100.00 -100.00 -100.00
  78     7.876 55427.90808644 31.12  52.513293  66.120580 25.033 -100.00 -100.00 -100.00
  79     7.330 55437.82372901 18.87  52.489150  66.119437  7.228 -100.00 -100.00 -100.00
  79     7.628 55437.82372960 21.89  52.495622  66.119561 11.404 -100.00 -100.00 -100.00
  79     7.601 55437.82373019 24.45  52.502093  66.119685 15.733 -100.00 -100.00 -100.00
  79     9.895 55437.82373078 23.84  52.508564  66.119809 13.367 -100.00 -100.00 -100.00
  79    10.017 55437.82373137 24.73  52.515036  66.119933 14.517 -100.00 -100.00 -100.00
  80     7.508 55447.73937276 32.56  52.492483  66.120022 21.739 -100.00 -100.00 -100.00
  80     7.605 55447.73937335 35.16  52.498955  66.120146   -100 -100.00 -100.00 -100.00
  80     7.514 55447.73937394 32.81  52.505426  66.120270 29.018 -100.00 -100.00 -100.00
  80     7.501 55447.73937453 32.19  52.511898  66.120394 25.398 -100.00 -100.00 -100.00
  81     8.830 55457.65501557 40.14  52.488968  66.120823 17.670 -100.00 -100.00 -100.00
  81     8.740 55457.65501616 41.28  52.495440  66.120947 18.221 -100.00 -100.00 -100.00
  81     8.149 55457.65501675 47.65  52.501912  66.121071   -100 -100.00 -100.00 -100.00
  81     8.169 55457.65501734 51.45  52.508385  66.121195  0.909 -100.00 -100.00 -100.00
  81     8.179 55457.65501794 52.30  52.514857  66.121318   -100 -100.00 -100.00 -100.00
  82     8.795 55467.57065808 35.71  52.489675  66.121270   -100 -100.00 -100.00 -100.00
  82     8.659 55467.57065867 31.47  52.496148  66.121394 24.538 -100.00 -100.00 -100.00
  82     8.821 55467.57065926 30.78  52.502620  66.121518 21.554 -100.00 -100.00 -100.00
  82     8.793 55467.57065985 32.05  52.509093  66.121642 25.870 -100.00 -100.00 -100.00
  82     8.481 55467.57066044 31.30  52.515566  66.121766 21.741 -100.00 -100.00 -100.00
  83     8.983 55477.48629753 34.61  52.492680  66.120702 22.644  261.44  262.24  263.88
  83     8.688 55477.48629812 29.31  52.499152  66.120826 21.166  261.44  262.24  263.88
  83     9.004 55477.48629871 27.80  52.505625  66.120950 17.743  261.44  262.24  263.88
  83     8.646 55477.48629930 29.31  52.512098  66.121074 22.370  261.44  262.24  263.88
  84     9.775 55487.40193340 33.60  52.490943  66.119672 19.543 -100.00 -100.00 -100.00
  84     9.974 55487.40193399 35.51  52.497416  66.119797 19.943 -100.00 -100.00 -100.00
  84     9.544 55487.40193458 39.13  52.503888  66.119921 29.369 -100.00 -100.00 -100.00
  84     9.049 55487.40193517 43.25  52.510361  66.120045   -100 -100.00 -100.00 -100.00
  85     9.411 55497.31756714 18.56  52.490308  66.119078  4.379 -100.00 -100.00 -100.00
  85    10.189 55497.31756773 20.29  52.496781  66.119202  5.596 -100.00 -100.00 -100.00
  85    10.084 55497.31756832 24.48  52.503254  66.119327 12.159 -100.00 -100.00 -100.00
  85    10.274 55497.31756891 24.77  52.509726  66.119451  9.737 -100.00 -100.00 -100.00
  86     8.448 55507.23320443 39.42  52.493848  66.119999 22.570  255.06  253.06  253.55
  86     8.631 55507.23320502 46.64  52.500321  66.120124 29.856  255.06  253.06  253.55
  86     8.559 55507.23320562 52.47  52.506794  66.120248  4.347  255.06  253.06  253.55
  86     8.536 55507.23320621 53.08  52.513266  66.120372   -100  255.06  253.06  253.55
  87     9.520 55517.14885454 39.43  52.490232  66.121308 20.508  255.23  253.27  253.13
  87     9.525 55517.14885513 41.58  52.496704  66.121433 22.057  255.23  253.27  253.13
  87     8.942 55517.14885572 49.29  52.503177  66.121557   -100  255.23  253.27  253.13
  87     9.162 55517.14885631 50.97  52.509650  66.121681   -100  255.23  253.27  253.13
  88     9.900 55527.06450425 25.96  52.492399  66.122598   -100 -100.00 -100.00 -100.00
  88     9.952 55527.06450484 26.76  52.498872  66.122722 31.546 -100.00 -100.00 -100.00
  88     9.778 55527.06450543 27.24  52.505345  66.122846 18.611 -100.00 -100.00 -100.00
  88     9.885 55527.06450602 29.00  52.511818  66.122970 20.019 -100.00 -100.00 -100.00
  89     9.319 55536.98015147 24.11  52.489280  66.123024 29.630 -100.00 -100.00 -100.00
  89     9.494 55536.98015206 24.07  52.495753  66.123148 24.646 -100.00 -100.00 -100.00
  89     9.387 55536.98015265 26.38  52.502226  66.123273 17.191 -100.00 -100.00 -100.00
  89     9.441 55536.98015324 24.73  52.508699  66.123397 12.104 -100.00 -100.00 -100.00
  89     9.160 55536.98015384 26.46  52.515172  66.123520 16.118 -100.00 -100.00 -100.00
  90     8.821 55546.89579695 20.80  52.491420  66.123150  8.375 -100.00 -100.00 -100.00
  90     9.148 55546.89579754 21.51  52.497892  66.123274  7.091 -100.00 -100.00 -100.00
  90     9.024 55546.89579813 22.39  52.504365  66.123398  8.221 -100.00 -100.00 -100.00
  90     9.838 55546.89579872 22.31  52.510838  66.123522  6.965 -100.00 -100.00 -100.00
  91     9.310 55556.81144041 19.42  52.491231  66.123442  4.758 -100.00 -100.00 -100.00
  91     9.167 55556.81144100 20.78  52.497704  66.123566  6.595 -100.00 -100.00 -100.00
  91     9.171 55556.81144159 21.09  52.504177  66.123690  6.499 -100.00 -100.00 -100.00
  91     8.933 55556.81144218 20.70  52.510650  66.123814  5.385 -100.00 -100.00 -100.00
  92     8.427 55566.72708325 20.77  52.493772  66.124007 10.097 -100.00 -100.00 -100.00
  92     8.353 55566.72708384 22.18  52.500245  66.124132 12.094 -100.00 -100.00 -100.00
  92     9.706 55566.72708444 20.37  52.506718  66.124255  7.220 -100.00 -100.00 -100.00
  92    10.914 55566.72708503 20.89  52.513191  66.124379  7.501 -100.00 -100.00 -100.00
  93     9.407 55576.64272505 17.79  52.492412  66.123788  5.507 -100.00 -100.00 -100.00
  93    10.195 55576.64272564 18.13  52.498886  66.123912  4.794 -100.00 -100.00 -100.00
  93    10.086 55576.64272623 19.07  52.505359  66.124036  5.889 -100.00 -100.00 -100.00
  93     9.481 55576.64272682 18.71  52.511832  66.124160  4.882 -100.00 -100.00 -100.00
  94     8.956 55586.55836489 17.99  52.490665  66.122382 12.280  252.37  246.84  232.28
  94     8.970 55586.55836548 18.26  52.497138  66.122507  6.990  252.37  246.84  232.28
  94     9.890 55586.55836607 18.25  52.503611  66.122631  5.855  252.37  246.84  232.28
  94    10.460 55586.55836666 18.84  52.510084  66.122755  7.191  252.37  246.84  232.28
  95     9.173 55596.47400164 16.70  52.489913  66.120498 14.952 -100.00 -100.00 -100.00
  95     9.040 55596.47400223 17.84  52.496386  66.120623 14.276 -100.00 -100.00 -100.00
  95     9.574 55596.47400283 18.78  52.502858  66.120747 11.062 -100.00 -100.00 -100.00
  95     9.870 55596.47400342 18.25  52.509331  66.120871  7.294 -100.00 -100.00 -100.00
  95    10.310 55596.47400401 17.70  52.515804  66.120995  4.984 -100.00 -100.00 -100.00
  96     8.973 55606.38963551 16.39  52.490496  66.119432 27.539 -100.00 -100.00 -100.00
  96     9.489 55606.38963610 16.12  52.496969  66.119557 25.333 -100.00 -100.00 -100.00
  96     9.965 55606.38963669 17.31  52.503441  66.119681 20.217 -100.00 -100.00 -100.00
  96    10.140 55606.38963728 16.78  52.509914  66.119805 21.644 -100.00 -100.00 -100.00
  97    39.352 55616.30526713 12.79  52.489100  66.119517 17.430 -100.00 -100.00 -100.00
  97    38.671 55616.30526772 14.09  52.495572  66.119642 21.572 -100.00 -100.00 -100.00
  97     9.737 55616.30526831 16.17  52.502045  66.119766 23.585 -100.00 -100.00 -100.00
  97    10.087 55616.30526890 16.00  52.508518  66.119891 21.153 -100.00 -100.00 -100.00
  97    10.084 55616.30526949 16.40  52.514990  66.120014 20.362 -100.00 -100.00 -100.00
  98     8.965 55626.22090958 14.25  52.488170  66.120629  9.730  255.50  247.28  227.63
  98     9.403 55626.22091017 14.80  52.494643  66.120753  7.283  255.50  247.28  227.63
  98     9.417 55626.22091076 15.43  52.501116  66.120878  5.850  255.50  247.28  227.63
  98    10.062 55626.22091135 15.85  52.507589  66.121002  5.243  255.50  247.28  227.63
  98    10.827 55626.22091194 16.07  52.514061  66.121126  5.621  255.50  247.28  227.63
  99     8.845 55636.13656154 14.51  52.488649  66.121156  7.542  254.58  245.53  224.01
  99     8.744 55636.13656213 14.38  52.495121  66.121281  4.945  254.58  245.53  224.01
  99     9.596 55636.13656272 15.00  52.501594  66.121405  5.330  254.58  245.53  224.01
  99     9.377 55636.13656331 15.66  52.508067  66.121529  5.293  254.58  245.53  224.01
  99    10.541 55636.13656391 16.09  52.514539  66.121653  5.253  254.58  245.53  224.01
 100     8.782 55646.05221140 14.23  52.488854  66.120813  5.842 -100.00 -100.00 -100.00
 100     9.150 55646.05221199 14.41  52.495326  66.120938  5.453 -100.00 -100.00 -100.00
 100     9.331 55646.05221258 14.26  52.501798  66.121062  4.982 -100.00 -100.00 -100.00
 100     9.560 55646.05221317 14.89  52.508271  66.121186  4.380 -100.00 -100.00 -100.00
 100    10.019 55646.05221376 15.34  52.514743  66.121310  4.841 -100.00 -100.00 -100.00
 101     7.975 55655.96785860 15.18  52.490525  66.119829 12.123 -100.00 -100.00 -100.00
 101     7.451 55655.96785919 20.00  52.496996  66.119953 19.980 -100.00 -100.00 -100.00
 101     7.507 55655.96785978 20.97  52.503468  66.120077 22.808 -100.00 -100.00 -100.00
 101     7.599 55655.96786037 23.35  52.509940  66.120201 24.887 -100.00 -100.00 -100.00
 102    39.992 55665.88350144 30.94  52.493298  66.119317 30.308 -100.00 -100.00 -100.00
 102    39.672 55665.88350203 28.29  52.499769  66.119441 23.643 -100.00 -100.00 -100.00
 102    39.196 55665.88350262 27.37  52.506241  66.119565 24.113 -100.00 -100.00 -100.00
 102    38.599 55665.88350321 26.94  52.512712  66.119689 24.736 -100.00 -100.00 -100.00
 103    40.367 55675.79914094 32.14  52.491627  66.119711 22.912  259.57  258.49  259.13
 103    39.898 55675.79914153 30.05  52.498099  66.119836 26.335  259.57  258.49  259.13
 103    39.427 55675.79914212 28.93  52.504570  66.119960 22.601  259.57  258.49  259.13
 103    38.960 55675.79914271 26.21  52.511042  66.120084 17.042  259.57  258.49  259.13
 104    11.834 55685.71477906 40.84  52.493929  66.121060   -100 -100.00 -100.00 -100.00
 104    12.058 55685.71477965 42.49  52.500401  66.121185  5.702 -100.00 -100.00 -100.00
 104    12.082 55685.71478024 42.55  52.506873  66.121309   -100 -100.00 -100.00 -100.00
 104    11.795 55685.71478083 39.29  52.513345  66.121432   -100 -100.00 -100.00 -100.00
 105    39.999 55695.63041568 26.77  52.492339  66.122258 13.485 -100.00 -100.00 -100.00
 105    39.504 55695.63041627 30.40  52.498811  66.122382 25.342 -100.00 -100.00 -100.00
 105    13.003 55695.63041686 33.40  52.505284  66.122507   -100 -100.00 -100.00 -100.00
 105    13.242 55695.63041745 30.81  52.511756  66.122630 24.790 -100.00 -100.00 -100.00
 106    11.837 55705.54605099 37.22  52.490306  66.122746 25.353 -100.00 -100.00 -100.00
 106    12.159 55705.54605158 38.58  52.496779  66.122871 19.073 -100.00 -100.00 -100.00
 106    11.467 55705.54605217 40.08  52.503252  66.122995   -100 -100.00 -100.00 -100.00
 106    11.954 55705.54605276 44.56  52.509725  66.123119   -100 -100.00 -100.00 -100.00
 107    12.259 55715.46169977 22.66  52.494650  66.122730 15.395  266.30  265.97  261.05
 107    12.431 55715.46170036 26.93  52.501123  66.122854 24.778  266.30  265.97  261.05
 107    12.145 55715.46170095 29.01  52.507596  66.122979 28.011  266.30  265.97  261.05
 107    12.303 55715.46170154 27.18  52.514069  66.123103 17.393  266.30  265.97  261.05
 108    12.687 55725.37734828 21.86  52.490736  66.122736  5.538 -100.00 -100.00 -100.00
 108    12.625 55725.37734888 22.82  52.497209  66.122861  6.198 -100.00 -100.00 -100.00
 108    12.656 55725.37734947 23.87  52.503682  66.122985  8.070 -100.00 -100.00 -100.00
 108    13.039 55725.37735006 24.93  52.510155  66.123109  7.934 -100.00 -100.00 -100.00
 109     8.902 55735.29299512 31.63  52.489004  66.123365 12.447 -100.00 -100.00 -100.00
 109     9.539 55735.29299571 38.42  52.495477  66.123489 20.896 -100.00 -100.00 -100.00
 109     9.091 55735.29299631 39.58  52.501950  66.123614 24.129 -100.00 -100.00 -100.00
 109     9.144 55735.29299690 44.31  52.508424  66.123738   -100 -100.00 -100.00 -100.00
 109     9.061 55735.29299749 47.27  52.514897  66.123861   -100 -100.00 -100.00 -100.00
 110     7.803 55745.20864141 27.57  52.495054  66.124213 19.548  264.18  264.81  264.38
 110     7.734 55745.20864200 29.43  52.501528  66.124337 20.795  264.18  264.81  264.38
 110     7.876 55745.20864259 30.98  52.508001  66.124461 24.129  264.18  264.81  264.38
 110     7.622 55745.20864318 33.74  52.514474  66.124584 29.299  264.18  264.81  264.38
 111     6.923 55755.12428544 31.77  52.495246  66.123907 19.256  272.08  271.79  272.39
 111     6.788 55755.12428603 33.92  52.501719  66.124031 21.072  272.08  271.79  272.39
 111     6.568 55755.12428662 38.12  52.508192  66.124155   -100  272.08  271.79  272.39
 111     6.594 55755.12428721 35.48  52.514665  66.124279   -100  272.08  271.79  272.39
 112     5.931 55765.03992694 27.51  52.493691  66.122079 18.622 -100.00 -100.00 -100.00
 112     6.344 55765.03992753 31.04  52.500164  66.122203 24.397 -100.00 -100.00 -100.00
 112     6.668 55765.03992812 32.50  52.506636  66.122327 22.844 -100.00 -100.00 -100.00
 112     6.187 55765.03992871 34.42  52.513108  66.122451   -100 -100.00 -100.00 -100.00
 113     5.881 55774.95556528 25.07  52.488720  66.119751 19.404 -100.00 -100.00 -100.00
 113     5.615 55774.95556587 28.02  52.495191  66.119876 27.807 -100.00 -100.00 -100.00
 113     6.416 55774.95556646 27.43  52.501662  66.120000 21.721 -100.00 -100.00 -100.00
 113     6.096 55774.95556705 28.51  52.508134  66.120124 24.108 -100.00 -100.00 -100.00
 113     6.321 55774.95556764 30.17  52.514606  66.120248 26.761 -100.00 -100.00 -100.00
 114     5.570 55784.87120110 34.75  52.490286  66.118612 24.191 -100.00 -100.00 -100.00
 114     6.400 55784.87120169 39.58  52.496758  66.118737 22.238 -100.00 -100.00 -100.00
 114     5.807 55784.87120228 50.75  52.503229  66.118861   -100 -100.00 -100.00 -100.00
 114     6.279 55784.87120287 54.04  52.509700  66.118985 10.657 -100.00 -100.00 -100.00
 114     6.232 55784.87120346 52.42  52.516171  66.119109   -100 -100.00 -100.00 -100.00
 115     5.778 55794.78683443 27.41  52.488411  66.119553 26.180 -100.00 -100.00 -100.00
 115     6.135 55794.78683502 27.46  52.494883  66.119678 23.407 -100.00 -100.00 -100.00
 115     6.031 55794.78683561 28.52  52.501354  66.119802 27.081 -100.00 -100.00 -100.00
 115     6.257 55794.78683620 30.03  52.507826  66.119927 27.098 -100.00 -100.00 -100.00
 115     6.093 55794.78683679 32.79  52.514297  66.120050   -100 -100.00 -100.00 -100.00
 116     6.440 55804.70247289 37.56  52.492700  66.121319 20.537 -100.00 -100.00 -100.00
 116     6.795 55804.70247348 44.62  52.499172  66.121444 27.691 -100.00 -100.00 -100.00
 116     6.325 55804.70247407 46.98  52.505644  66.121568   -100 -100.00 -100.00 -100.00
 116     6.462 55804.70247466 51.88  52.512117  66.121692   -100 -100.00 -100.00 -100.00
 117     7.095 55814.61812229 35.80  52.492329  66.122022 16.491  269.98  270.26  270.92
 117     6.816 55814.61812288 40.70  52.498802  66.122146 23.035  269.98  270.26  270.92
 117     5.827 55814.61812347 45.79  52.505274  66.122270  3.608  269.98  270.26  270.92
 117     6.298 55814.61812406 35.41  52.511747  66.122394 30.595  269.98  270.26  270.92
 118     6.078 55824.53376949 33.44  52.493258  66.120943 16.929 -100.00 -100.00 -100.00
 118     6.018 55824.53377008 36.49  52.499730  66.121068 18.538 -100.00 -100.00 -100.00
 118     6.622 55824.53377067 40.30  52.506203  66.121192 21.399 -100.00 -100.00 -100.00
 118     6.861 55824.53377126 41.61  52.512675  66.121316 18.639 -100.00 -100.00 -100.00
 119     6.305 55834.44941154 27.75  52.488447  66.119255 18.094 -100.00 -100.00 -100.00
 119     6.600 55834.44941213 29.17  52.494919  66.119380 18.157 -100.00 -100.00 -100.00
 119     6.457 55834.44941272 31.54  52.501392  66.119504 25.681 -100.00 -100.00 -100.00
 119     7.029 55834.44941331 34.80  52.507864  66.119628 22.624 -100.00 -100.00 -100.00
 119     6.413 55834.44941390 36.52  52.514337  66.119752   -100 -100.00 -100.00 -100.00
 120     8.313 55844.36505051 20.19  52.491675  66.118655  7.966  257.09  256.20  258.22
 120     7.732 55844.36505110 26.29  52.498148  66.118780 18.587  257.09  256.20  258.22
 120     7.444 55844.36505169 26.10  52.504620  66.118904 19.089  257.09  256.20  258.22
 120     9.662 55844.36505228 23.86  52.511093  66.119028 13.672  257.09  256.20  258.22
 121    39.818 55854.28068624 18.40  52.491465  66.119824 11.318 -100.00 -100.00 -100.00
 121    39.590 55854.28068683 18.16  52.497938  66.119949 14.096 -100.00 -100.00 -100.00
 121    38.198 55854.28068742 20.20  52.504411  66.120073 20.971 -100.00 -100.00 -100.00
 121     8.521 55854.28068801 23.37  52.510883  66.120197   -100 -100.00 -100.00 -100.00
 122    10.279 55864.19632457 29.73  52.491339  66.121874 13.486 -100.00 -100.00 -100.00
 122    10.175 55864.19632516 31.85  52.497812  66.121998 13.625 -100.00 -100.00 -100.00
 122     9.470 55864.19632575 37.41  52.504285  66.122123   -100 -100.00 -100.00 -100.00
 122     9.378 55864.19632634 35.45  52.510758  66.122247   -100 -100.00 -100.00 -100.00
 123     7.416 55874.11197829 39.58  52.493515  66.123348 18.946 -100.00 -100.00 -100.00
 123     6.804 55874.11197888 43.82  52.499988  66.123473   -100 -100.00 -100.00 -100.00
 123     6.925 55874.11197947 42.73  52.506461  66.123597   -100 -100.00 -100.00 -100.00
 123     6.659 55874.11198006 46.41  52.512935  66.123721   -100 -100.00 -100.00 -100.00
 133     8.921 55973.26841394 15.68  52.493399  66.119551  9.344 -100.00 -100.00 -100.00
 133     9.159 55973.26841453 16.16  52.499872  66.119675  8.330 -100.00 -100.00 -100.00
 133     9.135 55973.26841512 16.33  52.506344  66.119799  7.225 -100.00 -100.00 -100.00
 133     9.341 55973.26841571 17.49  52.512817  66.119923  8.478 -100.00 -100.00 -100.00
 134     6.605 55983.18404971 16.08  52.489334  66.121658 11.873 -100.00 -100.00 -100.00
 134     6.203 55983.18405030 16.70  52.495807  66.121782 12.968 -100.00 -100.00 -100.00
 134     6.951 55983.18405089 16.20  52.502280  66.121907  9.059 -100.00 -100.00 -100.00
 134     9.379 55983.18405148 16.06  52.508753  66.122031  7.554 -100.00 -100.00 -100.00
 134     8.870 55983.18405207 16.48  52.515226  66.122154  6.883 -100.00 -100.00 -100.00
 135    39.977 55993.09968428 10.28  52.493531  66.122526  7.785 -100.00 -100.00 -100.00
 135    39.321 55993.09968487 11.76  52.500003  66.122651  9.432 -100.00 -100.00 -100.00
 135    38.890 55993.09968546 12.77  52.506476  66.122775 11.047 -100.00 -100.00 -100.00
 135    38.157 55993.09968605 12.94  52.512949  66.122899  8.826 -100.00 -100.00 -100.00
 136    39.694 56003.01533329 11.71  52.492067  66.121344  8.274  248.66  237.82  210.75
 136    39.485 56003.01533388 11.25  52.498539  66.121468  6.902  248.66  237.82  210.75
 136    38.806 56003.01533447 13.01  52.505011  66.121593  8.978  248.66  237.82  210.75
 136    10.338 56003.01533506 14.53  52.511484  66.121717 12.188  248.66  237.82  210.75
 137    40.115 56012.93098264  9.92  52.492315  66.119252  6.381 -100.00 -100.00 -100.00
 137    39.733 56012.93098323 10.30  52.498787  66.119377  6.703 -100.00 -100.00 -100.00
 137    39.225 56012.93098382 10.38  52.505258  66.119501  6.089 -100.00 -100.00 -100.00
 137    38.599 56012.93098441 12.67  52.511730  66.119625 10.306 -100.00 -100.00 -100.00
 139     6.517 56032.76227209 14.17  52.494175  66.120192 13.206 -100.00 -100.00 -100.00
 139     6.386 56032.76227268 18.29  52.500646  66.120316 23.121 -100.00 -100.00 -100.00
 139     6.428 56032.76227327 20.02  52.507118  66.120440 29.250 -100.00 -100.00 -100.00
 139     7.236 56032.76227386 18.44  52.513590  66.120563 22.772 -100.00 -100.00 -100.00
 141    39.178 56052.59355170 38.78  52.490319  66.124229   -100  255.29  253.06  252.12
 141    39.586 56052.59355229 33.05  52.496791  66.124353 25.312  255.29  253.06  252.12
 141    39.142 56052.59355288 32.70  52.503265  66.124478 25.178  255.29  253.06  252.12
 141    11.928 56052.59355347 34.34  52.509738  66.124602   -100  255.29  253.06  252.12
 142    39.982 56062.50918775 31.06  52.494648  66.124097 20.918 -100.00 -100.00 -100.00
 142    39.490 56062.50918834 30.43  52.501121  66.124221 21.182 -100.00 -100.00 -100.00
 142    38.808 56062.50918893 29.69  52.507594  66.124345 20.546 -100.00 -100.00 -100.00
 142    38.572 56062.50918952 28.49  52.514067  66.124469 16.796 -100.00 -100.00 -100.00
 143    40.315 56072.42482762 24.70  52.489090  66.122684 11.739 -100.00 -100.00 -100.00
 143    39.757 56072.42482821 25.46  52.495562  66.122809 10.584 -100.00 -100.00 -100.00
 143    38.821 56072.42482880 26.67  52.502035  66.122933 16.051 -100.00 -100.00 -100.00
 143    13.286 56072.42482939 26.83  52.508508  66.123057 12.451 -100.00 -100.00 -100.00
 143    13.309 56072.42482998 29.01  52.514981  66.123181 16.399 -100.00 -100.00 -100.00
 144    12.091 56082.34047838 21.25  52.494405  66.122251  7.172  265.28  265.68  267.49
 144    12.027 56082.34047897 23.21  52.500878  66.122375  9.236  265.28  265.68  267.49
 144    12.180 56082.34047956 21.79  52.507351  66.122499  6.203  265.28  265.68  267.49
 144    12.403 56082.34048015 22.58  52.513824  66.122623  6.964  265.28  265.68  267.49
 145    10.535 56092.25612596 38.71  52.492416  66.122808 15.599 -100.00 -100.00 -100.00
 145    10.482 56092.25612655 42.83  52.498889  66.122933 24.707 -100.00 -100.00 -100.00
 145    10.038 56092.25612714 39.76  52.505362  66.123057 30.297 -100.00 -100.00 -100.00
 145    10.131 56092.25612773 47.37  52.511835  66.123181   -100 -100.00 -100.00 -100.00
 146    10.221 56102.17177157 17.79  52.493778  66.123888  5.029 -100.00 -100.00 -100.00
 146    11.133 56102.17177216 18.91  52.500251  66.124012  5.542 -100.00 -100.00 -100.00
 146     9.453 56102.17177275 22.01  52.506724  66.124136  9.236 -100.00 -100.00 -100.00
 146     9.491 56102.17177334 24.63  52.513197  66.124260 12.704 -100.00 -100.00 -100.00
 147     8.285 56112.08740233 35.00  52.489919  66.123555 24.224 -100.00 -100.00 -100.00
 147     9.393 56112.08740292 38.81  52.496392  66.123679 17.923 -100.00 -100.00 -100.00
 147     8.907 56112.08740351 48.89  52.502865  66.123803   -100 -100.00 -100.00 -100.00
 147     8.551 56112.08740410 52.11  52.509338  66.123927  3.515 -100.00 -100.00 -100.00
 148    40.327 56122.00304147 23.61  52.490296  66.121801 20.089 -100.00 -100.00 -100.00
 148    47.461 56122.00304206 21.87  52.496768  66.121926 17.162 -100.00 -100.00 -100.00
 148    39.562 56122.00304265 20.71  52.503240  66.122050 13.138 -100.00 -100.00 -100.00
 148    39.037 56122.00304324 18.02  52.509713  66.122174 16.842 -100.00 -100.00 -100.00
 149     7.590 56131.91867696 23.03  52.492317  66.119419 10.557 -100.00 -100.00 -100.00
 149     7.707 56131.91867755 24.75  52.498789  66.119543 12.581 -100.00 -100.00 -100.00
 149     7.542 56131.91867814 27.75  52.505260  66.119667 19.949 -100.00 -100.00 -100.00
 149     7.728 56131.91867873 30.95  52.511731  66.119791 27.097 -100.00 -100.00 -100.00
 150     8.747 56141.83431289 19.16  52.491679  66.118352  7.220 -100.00 -100.00 -100.00
 150    11.007 56141.83431348 22.47  52.498150  66.118477  9.820 -100.00 -100.00 -100.00
 150     7.583 56141.83431407 25.98  52.504621  66.118601 19.524 -100.00 -100.00 -100.00
 150    10.535 56141.83431466 23.98  52.511092  66.118725 11.756 -100.00 -100.00 -100.00
 151     7.004 56151.74996395 37.77  52.493500  66.119583 26.320 -100.00 -100.00 -100.00
 151     7.532 56151.74996454 48.66  52.499971  66.119707   -100 -100.00 -100.00 -100.00
 151     7.835 56151.74996513 46.49  52.506443  66.119831   -100 -100.00 -100.00 -100.00
 151     6.950 56151.74996572 45.63  52.512914  66.119955 10.160 -100.00 -100.00 -100.00
 152     6.776 56161.66561291 36.95  52.491069  66.121641 22.669 -100.00 -100.00 -100.00
 152     7.702 56161.66561350 42.73  52.497541  66.121765 23.048 -100.00 -100.00 -100.00
 152     6.893 56161.66561409 52.34  52.504014  66.121890   -100 -100.00 -100.00 -100.00
 152     7.101 56161.66561468 50.99  52.510486  66.122013   -100 -100.00 -100.00 -100.00
 153     8.884 56171.58126029 20.17  52.491576  66.122679  8.821 -100.00 -100.00 -100.00
 153     7.618 56171.58126088 24.12  52.498048  66.122803 14.839 -100.00 -100.00 -100.00
 153     7.616 56171.58126148 25.17  52.504521  66.122927 18.360 -100.00 -100.00 -100.00
 153     7.659 56171.58126207 28.22  52.510994  66.123051 24.518 -100.00 -100.00 -100.00
 154    40.296 56181.49690321 22.97  52.492285  66.121700 21.972 -100.00 -100.00 -100.00
 154    39.844 56181.49690380 25.36  52.498758  66.121825   -100 -100.00 -100.00 -100.00
 154    39.344 56181.49690439 22.36  52.505231  66.121949 27.816 -100.00 -100.00 -100.00
 154    38.926 56181.49690498 19.31  52.511703  66.122073 16.777 -100.00 -100.00 -100.00
 155     9.178 56191.41254214 41.84  52.491344  66.119877 18.908 -100.00 -100.00 -100.00
 155     8.643 56191.41254273 46.04  52.497816  66.120002 28.319 -100.00 -100.00 -100.00
 155     7.975 56191.41254332 50.67  52.504289  66.120126  0.254 -100.00 -100.00 -100.00
 155     8.150 56191.41254391 36.37  52.510761  66.120250 31.562 -100.00 -100.00 -100.00
 156    40.235 56201.32817844 28.02  52.491632  66.119052 26.238 -100.00 -100.00 -100.00
 156    39.713 56201.32817903 27.12  52.498104  66.119177 31.957 -100.00 -100.00 -100.00
 156    39.209 56201.32817962 27.16  52.504576  66.119301 17.833 -100.00 -100.00 -100.00
 156    39.054 56201.32818021 22.15  52.511049  66.119425 14.498 -100.00 -100.00 -100.00
 157    40.182 56211.24381250 29.29  52.490512  66.120408 30.815  255.97  255.91  257.58
 157    39.833 56211.24381309 27.87  52.496984  66.120532 26.000  255.97  255.91  257.58
 157    39.411 56211.24381368 26.84  52.503457  66.120657 22.693  255.97  255.91  257.58
 157    39.132 56211.24381427 24.41  52.509930  66.120781 19.963  255.97  255.91  257.58
 158    40.132 56221.15944470 31.44  52.489852  66.122762   -100  252.28  251.41  253.79
 158    39.800 56221.15944529 30.41  52.496325  66.122887   -100  252.28  251.41  253.79
 158    39.690 56221.15944588 25.51  52.502798  66.123012 18.632  252.28  251.41  253.79
 158    39.216 56221.15944647 26.18  52.509272  66.123136 24.652  252.28  251.41  253.79
 159     8.843 56231.07509733 39.84  52.493914  66.124634 18.046 -100.00 -100.00 -100.00
 159     8.103 56231.07509792 44.87  52.500387  66.124758   -100 -100.00 -100.00 -100.00
 159     7.645 56231.07509851 45.61  52.506861  66.124883   -100 -100.00 -100.00 -100.00
 159     8.070 56231.07509910 44.71  52.513334  66.125007   -100 -100.00 -100.00 -100.00
 160     6.786 56240.99074977 34.15  52.489495  66.124414 22.510 -100.00 -100.00 -100.00
 160     6.442 56240.99075036 36.25  52.495968  66.124538 29.657 -100.00 -100.00 -100.00
 160     6.748 56240.99075095 48.30  52.502441  66.124663   -100 -100.00 -100.00 -100.00
 160     6.380 56240.99075154 48.73  52.508914  66.124787 11.463 -100.00 -100.00 -100.00
 160     7.054 56240.99075213 44.10  52.515387  66.124911   -100 -100.00 -100.00 -100.00
 161     8.158 56250.90639870 30.29  52.491371  66.123389 26.843 -100.00 -100.00 -100.00
 161     8.377 56250.90639929 29.78  52.497844  66.123514 22.422 -100.00 -100.00 -100.00
 161     8.108 56250.90639988 31.31  52.504317  66.123638 29.395 -100.00 -100.00 -100.00
 161     8.062 56250.90640047 30.24  52.510790  66.123762 25.589 -100.00 -100.00 -100.00
 162     8.200 56260.82204302 31.93  52.494651  66.122462 26.925 -100.00 -100.00 -100.00
 162     8.059 56260.82204361 31.17  52.501124  66.122586 26.049 -100.00 -100.00 -100.00
 162     8.114 56260.82204420 30.68  52.507596  66.122710 23.803 -100.00 -100.00 -100.00
 162     7.931 56260.82204479 30.94  52.514069  66.122834 23.539 -100.00 -100.00 -100.00
 163    38.946 56270.73768428  9.63  52.489981  66.122525 23.273  243.00  238.03  229.45
 163    38.309 56270.73768487 10.36  52.496453  66.122649 10.358  243.00  238.03  229.45
 163    39.043 56270.73768546  8.04  52.502926  66.122773  8.639  243.00  238.03  229.45
 163    38.203 56270.73768605  9.21  52.509399  66.122897 10.121  243.00  238.03  229.45
 164    39.576 56280.65332425  9.44  52.489972  66.123011  8.585 -100.00 -100.00 -100.00
 164    38.284 56280.65332484  9.50  52.496445  66.123136 24.435 -100.00 -100.00 -100.00
 164    37.118 56280.65332543 10.85  52.502918  66.123260 10.240 -100.00 -100.00 -100.00
 164    36.863 56280.65332603  8.46  52.509391  66.123384  9.947 -100.00 -100.00 -100.00
 165     7.330 56290.56897699 22.96  52.494799  66.123223 17.907  249.09  244.84  231.47
 165     7.077 56290.56897758 27.51  52.501273  66.123347 23.286  249.09  244.84  231.47
 165     7.212 56290.56897817 26.84  52.507746  66.123471 19.987  249.09  244.84  231.47
 165     7.361 56290.56897876 26.49  52.514219  66.123595 17.822  249.09  244.84  231.47
 166    38.809 56300.48462468 10.74  52.491780  66.121787 12.816  248.65  243.07  226.72
 166    39.135 56300.48462527  9.66  52.498253  66.121911 12.086  248.65  243.07  226.72
 166    38.665 56300.48462586  9.90  52.504726  66.122035 10.096  248.65  243.07  226.72
 166    36.862 56300.48462645  9.94  52.511199  66.122159 11.402  248.65  243.07  226.72
 167    39.902 56310.40026851 10.35  52.491461  66.119836  6.247 -100.00 -100.00 -100.00
 167    39.341 56310.40026910 10.22  52.497934  66.119960  7.349 -100.00 -100.00 -100.00
 167    38.511 56310.40026969 12.34  52.504407  66.120084  9.718 -100.00 -100.00 -100.00
 167    36.481 56310.40027029 14.12  52.510880  66.120208 12.105 -100.00 -100.00 -100.00
 168    40.209 56320.31590992  9.45  52.489475  66.118864  6.389 -100.00 -100.00 -100.00
 168    39.469 56320.31591051 12.62  52.495948  66.118989 11.913 -100.00 -100.00 -100.00
 168    39.333 56320.31591110 10.96  52.502420  66.119113  8.823 -100.00 -100.00 -100.00
 168    38.746 56320.31591169 13.06  52.508893  66.119237 12.284 -100.00 -100.00 -100.00
 168    38.086 56320.31591228 13.73  52.515366  66.119360 12.206 -100.00 -100.00 -100.00
 169    40.257 56330.23155102  8.28  52.492065  66.119922  5.964 -100.00 -100.00 -100.00
 169    39.868 56330.23155161  8.46  52.498538  66.120046  7.390 -100.00 -100.00 -100.00
 169    39.318 56330.23155220  9.98  52.505011  66.120170  9.793 -100.00 -100.00 -100.00
 169    38.797 56330.23155279 10.38  52.511483  66.120294  9.898 -100.00 -100.00 -100.00
 170    39.805 56340.14719126 12.21  52.492516  66.121651  7.923 -100.00 -100.00 -100.00
 170    39.365 56340.14719186 12.42  52.498989  66.121776  8.038 -100.00 -100.00 -100.00
 170    38.612 56340.14719245 13.73  52.505461  66.121900 12.122 -100.00 -100.00 -100.00
 170    38.492 56340.14719304 14.00  52.511934  66.122024 10.521 -100.00 -100.00 -100.00
 171     6.139 56350.06282916 18.24  52.491383  66.122537 10.357 -100.00 -100.00 -100.00
 171     6.605 56350.06282975 18.33  52.497856  66.122662  8.379 -100.00 -100.00 -100.00
 171     9.312 56350.06283034 18.21  52.504328  66.122786  7.526 -100.00 -100.00 -100.00
 171     6.383 56350.06283093 19.12  52.510801  66.122910  9.057 -100.00 -100.00 -100.00
 172     8.020 56359.97846630 17.16  52.491625  66.121667  9.583 -100.00 -100.00 -100.00
 172     8.507 56359.97846689 17.24  52.498097  66.121792  8.396 -100.00 -100.00 -100.00
 172     8.766 56359.97846748 17.89  52.504569  66.121916  8.167 -100.00 -100.00 -100.00
 172     9.169 56359.97846807 16.91  52.511042  66.122040  6.442 -100.00 -100.00 -100.00
 173     8.065 56369.89411609 16.33  52.488738  66.120191 12.054 -100.00 -100.00 -100.00
 173     6.340 56369.89411668 16.96  52.495210  66.120316 12.274 -100.00 -100.00 -100.00
 173     9.521 56369.89411727 16.97  52.501682  66.120440  9.755 -100.00 -100.00 -100.00
 173     9.818 56369.89411786 16.89  52.508153  66.120564  7.988 -100.00 -100.00 -100.00
 173     9.475 56369.89411845 16.77  52.514625  66.120688  7.212 -100.00 -100.00 -100.00
 175     8.389 56389.72540853 15.68  52.488229  66.121425  9.911 -100.00 -100.00 -100.00
 175     8.634 56389.72540912 16.26  52.494701  66.121550 11.681 -100.00 -100.00 -100.00
 175     7.996 56389.72540971 17.29  52.501173  66.121674 12.944 -100.00 -100.00 -100.00
 175     9.092 56389.72541030 16.71  52.507645  66.121798  9.303 -100.00 -100.00 -100.00
 175     9.891 56389.72541089 16.61  52.514118  66.121921  7.905 -100.00 -100.00 -100.00
 176     5.728 56399.64105215 21.29  52.491515  66.123545 28.055 -100.00 -100.00 -100.00
 176     6.159 56399.64105274 21.48  52.497988  66.123669 23.597 -100.00 -100.00 -100.00
 176     6.405 56399.64105333 23.79  52.504460  66.123793 25.268 -100.00 -100.00 -100.00
 176     6.082 56399.64105392 26.02  52.510933  66.123917   -100 -100.00 -100.00 -100.00
 177    39.790 56409.55669312 35.07  52.494108  66.124774 30.211 -100.00 -100.00 -100.00
 177    39.273 56409.55669371 33.73  52.500581  66.124898 27.569 -100.00 -100.00 -100.00
 177    38.850 56409.55669430 31.88  52.507055  66.125022 23.910 -100.00 -100.00 -100.00
 177    38.783 56409.55669489 27.94  52.513528  66.125146 14.133 -100.00 -100.00 -100.00
 178    10.918 56419.47232883 39.15  52.489708  66.124359   -100 -100.00 -100.00 -100.00
 178    39.450 56419.47232942 33.80  52.496182  66.124484 27.354 -100.00 -100.00 -100.00
 178    10.800 56419.47233001 39.60  52.502655  66.124608   -100 -100.00 -100.00 -100.00
 178    10.719 56419.47233060 39.77  52.509128  66.124732   -100 -100.00 -100.00 -100.00
 178    10.896 56419.47233119 39.89  52.515602  66.124856   -100 -100.00 -100.00 -100.00
 179    40.101 56429.38796425 27.84  52.494823  66.123408 18.141  248.29  247.35  251.37
 179    39.092 56429.38796484 30.31  52.501296  66.123533 30.136  248.29  247.35  251.37
 179    39.078 56429.38796543 26.41  52.507769  66.123657 17.135  248.29  247.35  251.37
 179    38.201 56429.38796602 27.93  52.514243  66.123781 20.859  248.29  247.35  251.37
 180    39.286 56439.30361723 21.81  52.489739  66.122791 18.011 -100.00 -100.00 -100.00
 180    10.565 56439.30361782 27.65  52.496212  66.122916   -100 -100.00 -100.00 -100.00
 180    10.346 56439.30361841 27.65  52.502685  66.123040   -100 -100.00 -100.00 -100.00
 180    10.320 56439.30361900 28.97  52.509158  66.123164   -100 -100.00 -100.00 -100.00
 180    10.737 56439.30361959 26.17  52.515632  66.123288 21.015 -100.00 -100.00 -100.00
 181    11.602 56449.21926834 25.28  52.491364  66.122814 15.541 -100.00 -100.00 -100.00
 181    11.585 56449.21926893 29.89  52.497837  66.122939 31.381 -100.00 -100.00 -100.00
 181    11.580 56449.21926952 29.69  52.504310  66.123063 30.681 -100.00 -100.00 -100.00
 181    11.605 56449.21927011 28.25  52.510783  66.123187 26.505 -100.00 -100.00 -100.00
 182    10.914 56459.13491695 18.73  52.489541  66.122894  4.816 -100.00 -100.00 -100.00
 182    11.051 56459.13491754 18.23  52.496014  66.123018  5.077 -100.00 -100.00 -100.00
 182    11.400 56459.13491813 19.42  52.502486  66.123142  5.484 -100.00 -100.00 -100.00
 182    11.364 56459.13491872 20.87  52.508959  66.123266  6.778 -100.00 -100.00 -100.00
 182    11.906 56459.13491931 21.78  52.515432  66.123390  7.382 -100.00 -100.00 -100.00
 183    10.777 56469.05056247 41.02  52.490341  66.122207 17.921 -100.00 -100.00 -100.00
 183    10.864 56469.05056306 44.18  52.496814  66.122331 20.820 -100.00 -100.00 -100.00
 183    10.441 56469.05056365 48.41  52.503286  66.122455   -100 -100.00 -100.00 -100.00
 183    10.411 56469.05056424 49.75  52.509758  66.122579   -100 -100.00 -100.00 -100.00
 184     8.214 56478.96620425 21.57  52.493577  66.121255  9.660  269.91  270.35  270.14
 184     8.398 56478.96620484 22.50  52.500049  66.121380 11.333  269.91  270.35  270.14
 184     8.186 56478.96620543 26.72  52.506521  66.121503 18.028  269.91  270.35  270.14
 184     8.431 56478.96620602 28.39  52.512993  66.121627 21.756  269.91  270.35  270.14
 185     6.746 56488.88184181 37.30  52.493538  66.120155 20.616 -100.00 -100.00 -100.00
 185     6.984 56488.88184240 49.17  52.500010  66.120280   -100 -100.00 -100.00 -100.00
 185     7.053 56488.88184299 45.69  52.506481  66.120404   -100 -100.00 -100.00 -100.00
 185     6.934 56488.88184358 52.57  52.512953  66.120527   -100 -100.00 -100.00 -100.00
 187     5.962 56508.71311045 31.99  52.490458  66.120460 23.852 -100.00 -100.00 -100.00
 187     6.046 56508.71311104 34.28  52.496930  66.120584 26.242 -100.00 -100.00 -100.00
 187     5.985 56508.71311163 32.17  52.503402  66.120709 23.066 -100.00 -100.00 -100.00
 187     6.111 56508.71311222 33.71  52.509873  66.120833 28.710 -100.00 -100.00 -100.00
 188     5.948 56518.62875058 39.13  52.494394  66.121469 23.992  273.35  273.14  273.10
 188     6.131 56518.62875117 45.10  52.500867  66.121594 28.450  273.35  273.14  273.10
 188     5.325 56518.62875176 41.66  52.507339  66.121718   -100  273.35  273.14  273.10
 188     5.866 56518.62875235 38.31  52.513811  66.121842   -100  273.35  273.14  273.10
 189     5.686 56528.54440433 30.60  52.491537  66.121833 29.132 -100.00 -100.00 -100.00
 189     5.933 56528.54440492 30.88  52.498009  66.121958 30.006 -100.00 -100.00 -100.00
 189     5.711 56528.54440551 32.48  52.504482  66.122082   -100 -100.00 -100.00 -100.00
 189     5.924 56528.54440610 32.58  52.510955  66.122206 31.150 -100.00 -100.00 -100.00
 190     5.933 56538.46005433 26.48  52.493700  66.121642 22.802 -100.00 -100.00 -100.00
 190     6.502 56538.46005492 26.54  52.500173  66.121766 17.186 -100.00 -100.00 -100.00
 190     6.228 56538.46005551 27.21  52.506646  66.121891 19.744 -100.00 -100.00 -100.00
 190     5.846 56538.46005610 29.15  52.513118  66.122014 27.124 -100.00 -100.00 -100.00
 191     6.729 56548.37569957 20.26  52.488513  66.120941  9.444  268.45  267.78  268.75
 191     6.912 56548.37570016 21.41  52.494986  66.121065 10.349  268.45  267.78  268.75
 191     6.782 56548.37570075 24.94  52.501459  66.121190 15.948  268.45  267.78  268.75
 191     7.045 56548.37570134 25.46  52.507931  66.121314 14.838  268.45  267.78  268.75
 191     7.244 56548.37570193 26.93  52.514405  66.121438 17.231  268.45  267.78  268.75
 192     5.522 56558.29134321 25.77  52.493297  66.121288 21.197 -100.00 -100.00 -100.00
 192     5.996 56558.29134380 28.46  52.499770  66.121412 24.865 -100.00 -100.00 -100.00
 192     6.152 56558.29134439 29.69  52.506243  66.121536 29.197 -100.00 -100.00 -100.00
 192     6.088 56558.29134498 29.71  52.512716  66.121660 29.151 -100.00 -100.00 -100.00
 193     7.666 56568.20698530 39.97  52.490889  66.122328 16.026  260.26  258.77  260.92
 193     7.377 56568.20698589 43.16  52.497362  66.122452 19.863  260.26  258.77  260.92
 193     6.793 56568.20698648 48.30  52.503835  66.122576   -100  260.26  258.77  260.92
 193     6.705 56568.20698707 40.20  52.510309  66.122700 31.547  260.26  258.77  260.92
 194     5.953 56578.12262615 25.21  52.489087  66.123828 12.446  259.98  258.60  260.11
 194     6.257 56578.12262674 30.00  52.495561  66.123952 20.704  259.98  258.60  260.11
 194     6.591 56578.12262733 29.47  52.502034  66.124076 18.302  259.98  258.60  260.11
 194     6.634 56578.12262792 33.08  52.508508  66.124200 22.779  259.98  258.60  260.11
 194     6.231 56578.12262851 33.45  52.514981  66.124324 32.564  259.98  258.60  260.11
 195     7.620 56588.03826349 37.47  52.489131  66.124472 22.216 -100.00 -100.00 -100.00
 195     7.248 56588.03826408 39.22  52.495604  66.124596 29.884 -100.00 -100.00 -100.00
 195     7.212 56588.03826467 40.83  52.502077  66.124721   -100 -100.00 -100.00 -100.00
 195     7.178 56588.03826526 39.84  52.508551  66.124845   -100 -100.00 -100.00 -100.00
 195     7.189 56588.03826585 42.88  52.515024  66.124969   -100 -100.00 -100.00 -100.00
 196     7.852 56597.95390617 35.46  52.494210  66.124193 22.969  253.42  251.13  249.07
 196     8.060 56597.95390676 37.52  52.500683  66.124317 21.491  253.42  251.13  249.07
 196     7.755 56597.95390735 37.81  52.507156  66.124442 32.295  253.42  251.13  249.07
 196     7.674 56597.95390794 36.36  52.513630  66.124566   -100  253.42  251.13  249.07
 197    10.949 56607.86955724 40.05  52.491043  66.123313 24.162 -100.00 -100.00 -100.00
 197    10.803 56607.86955783 43.25  52.497516  66.123437 30.505 -100.00 -100.00 -100.00
 197    10.608 56607.86955842 47.28  52.503989  66.123561   -100 -100.00 -100.00 -100.00
 197    10.574 56607.86955901 46.94  52.510462  66.123685   -100 -100.00 -100.00 -100.00
 198    13.771 56617.78520374 37.99  52.491729  66.123033 18.252 -100.00 -100.00 -100.00
 198    13.587 56617.78520433 41.06  52.498202  66.123157 25.122 -100.00 -100.00 -100.00
 198    13.250 56617.78520492 47.03  52.504675  66.123281   -100 -100.00 -100.00 -100.00
 198    13.035 56617.78520551 50.08  52.511148  66.123405   -100 -100.00 -100.00 -100.00
 199    11.189 56627.70084704 19.64  52.493802  66.123052  5.216 -100.00 -100.00 -100.00
 199    11.347 56627.70084763 19.81  52.500275  66.123177  4.119 -100.00 -100.00 -100.00
 199    11.555 56627.70084822 21.02  52.506748  66.123301  4.937 -100.00 -100.00 -100.00
 199    11.468 56627.70084881 21.50  52.513221  66.123424  5.453 -100.00 -100.00 -100.00
 200    38.340 56637.61648688 12.08  52.488935  66.122680 18.692 -100.00 -100.00 -100.00
 200    10.354 56637.61648747 14.00  52.495408  66.122804 23.052 -100.00 -100.00 -100.00
 200    10.432 56637.61648806 15.09  52.501881  66.122928 24.377 -100.00 -100.00 -100.00
 200    10.555 56637.61648865 16.22  52.508355  66.123052 22.149 -100.00 -100.00 -100.00
 200    10.255 56637.61648924 18.02  52.514828  66.123176 18.151 -100.00 -100.00 -100.00
 201     9.283 56647.53212920 14.43  52.488473  66.121650  4.750  250.65  247.59  239.65
 201     9.830 56647.53212979 14.47  52.494946  66.121775  4.694  250.65  247.59  239.65
 201    10.136 56647.53213038 15.03  52.501419  66.121900  4.079  250.65  247.59  239.65
 201    10.665 56647.53213097 15.05  52.507892  66.122024  3.963  250.65  247.59  239.65
 201    10.973 56647.53213156 15.05  52.514365  66.122147  3.853  250.65  247.59  239.65
 202    40.014 56657.44778107 12.65  52.488052  66.120493 22.367 -100.00 -100.00 -100.00
 202    39.947 56657.44778166  7.58  52.494525  66.120618  9.134 -100.00 -100.00 -100.00
 202    39.426 56657.44778225  7.63  52.500998  66.120742 10.097 -100.00 -100.00 -100.00
 202    38.864 56657.44778284 10.30  52.507471  66.120866 16.544 -100.00 -100.00 -100.00
 202    10.328 56657.44778343 15.47  52.513944  66.120990 29.213 -100.00 -100.00 -100.00
 203    39.307 56667.36342914  9.98  52.493057  66.119943 10.475 -100.00 -100.00 -100.00
 203    38.395 56667.36342973 10.86  52.499530  66.120067 12.352 -100.00 -100.00 -100.00
 203     9.896 56667.36343032 12.35  52.506003  66.120191 13.687 -100.00 -100.00 -100.00
 203     9.729 56667.36343091 12.84  52.512476  66.120315 13.149 -100.00 -100.00 -100.00
 205    39.727 56687.19471768  8.66  52.489214  66.121591  8.726  241.40  232.17  213.76
 205    38.542 56687.19471827 10.32  52.495687  66.121716 13.364  241.40  232.17  213.76
 205    37.410 56687.19471886 10.20  52.502160  66.121840 12.764  241.40  232.17  213.76
 205    38.437 56687.19471945 10.12  52.508633  66.121963 10.526  241.40  232.17  213.76
 205     9.951 56687.19472004 12.43  52.515107  66.122087 13.372  241.40  232.17  213.76
 206    40.311 56697.11035982  8.24  52.493410  66.122171  7.218 -100.00 -100.00 -100.00
 206    39.905 56697.11036041  7.20  52.499882  66.122295  5.771 -100.00 -100.00 -100.00
 206    39.452 56697.11036100  8.68  52.506355  66.122419  7.950 -100.00 -100.00 -100.00
 206    38.734 56697.11036159  9.40  52.512828  66.122543  8.585 -100.00 -100.00 -100.00
 207    39.725 56707.02599672 10.19  52.490708  66.121681  8.520 -100.00 -100.00 -100.00
 207    39.578 56707.02599731  9.78  52.497181  66.121805  8.259 -100.00 -100.00 -100.00
 207    39.315 56707.02599790  9.77  52.503653  66.121930  7.209 -100.00 -100.00 -100.00
 207    38.731 56707.02599849 11.57  52.510126  66.122054  9.429 -100.00 -100.00 -100.00
 208    39.159 56716.94163176 12.01  52.490457  66.120938 13.882 -100.00 -100.00 -100.00
 208     8.597 56716.94163235 12.04  52.496930  66.121063 13.041 -100.00 -100.00 -100.00
 208     8.540 56716.94163294 12.93  52.503402  66.121188 12.045 -100.00 -100.00 -100.00
 208     9.214 56716.94163353 12.89  52.509874  66.121312 11.081 -100.00 -100.00 -100.00
 209     8.583 56726.85728471 20.78  52.489639  66.121082 25.081 -100.00 -100.00 -100.00
 209     8.779 56726.85728530 22.83  52.496111  66.121206 22.444 -100.00 -100.00 -100.00
 209     8.878 56726.85728589 24.40  52.502583  66.121330 30.223 -100.00 -100.00 -100.00
 209     8.841 56726.85728648 27.77  52.509055  66.121454   -100 -100.00 -100.00 -100.00
 209     8.043 56726.85728707 30.03  52.515527  66.121578   -100 -100.00 -100.00 -100.00
 211    39.851 56746.68857962  8.32  52.492019  66.124041  4.323 -100.00 -100.00 -100.00
 211    39.429 56746.68858021  8.27  52.498492  66.124165  4.413 -100.00 -100.00 -100.00
 211    39.167 56746.68858080  9.03  52.504965  66.124289  5.027 -100.00 -100.00 -100.00
 211    38.517 56746.68858139  9.60  52.511438  66.124412  5.558 -100.00 -100.00 -100.00
 212    39.655 56756.60422096  9.26  52.492868  66.124741  4.503  230.80  216.25  200.33
 212    39.426 56756.60422155  9.52  52.499341  66.124866  4.718  230.80  216.25  200.33
 212    38.884 56756.60422214  9.90  52.505815  66.124990  4.666  230.80  216.25  200.33
 212    38.358 56756.60422273 10.36  52.512288  66.125113  5.013  230.80  216.25  200.33
 213    40.100 56766.51985616 31.57  52.489865  66.124208 23.808 -100.00 -100.00 -100.00
 213    39.677 56766.51985675 29.41  52.496338  66.124332 17.636 -100.00 -100.00 -100.00
 213    39.230 56766.51985734 29.49  52.502811  66.124457 22.253 -100.00 -100.00 -100.00
 213    38.815 56766.51985793 28.36  52.509285  66.124581 18.737 -100.00 -100.00 -100.00
 214    39.239 56776.43549812 27.90  52.491154  66.123261   -100 -100.00 -100.00 -100.00
 214     9.952 56776.43549871 30.64  52.497627  66.123385   -100 -100.00 -100.00 -100.00
 214     9.933 56776.43549930 29.60  52.504100  66.123510   -100 -100.00 -100.00 -100.00
 214    10.027 56776.43549989 29.00  52.510573  66.123634   -100 -100.00 -100.00 -100.00
 215    10.956 56786.35115481 25.26  52.493820  66.123110 21.738 -100.00 -100.00 -100.00
 215    10.955 56786.35115540 26.32  52.500293  66.123235 20.637 -100.00 -100.00 -100.00
 215    10.982 56786.35115599 27.12  52.506767  66.123359 21.958 -100.00 -100.00 -100.00
 215    11.080 56786.35115658 30.32  52.513240  66.123482 26.728 -100.00 -100.00 -100.00
 216    39.815 56796.26680765 34.64  52.493977  66.123507 19.400 -100.00 -100.00 -100.00
 216    17.012 56796.26680824 41.15  52.500450  66.123631   -100 -100.00 -100.00 -100.00
 216    17.214 56796.26680883 37.19  52.506923  66.123755 25.343 -100.00 -100.00 -100.00
 216    17.325 56796.26680942 42.01  52.513397  66.123879   -100 -100.00 -100.00 -100.00
 217    40.000 56806.18245574 30.59  52.492626  66.123771 10.707 -100.00 -100.00 -100.00
 217    39.103 56806.18245633 30.98  52.499099  66.123895 11.912 -100.00 -100.00 -100.00
 217    15.230 56806.18245692 33.30  52.505572  66.124019 18.569 -100.00 -100.00 -100.00
 217    14.996 56806.18245751 35.33  52.512045  66.124142 21.757 -100.00 -100.00 -100.00
 219    12.387 56826.01373532 42.32  52.488838  66.121261 18.890 -100.00 -100.00 -100.00
 219    12.277 56826.01373591 44.29  52.495310  66.121386 24.559 -100.00 -100.00 -100.00
 219    12.009 56826.01373650 48.36  52.501782  66.121510   -100 -100.00 -100.00 -100.00
 219    12.171 56826.01373709 47.05  52.508254  66.121633   -100 -100.00 -100.00 -100.00
 219    12.038 56826.01373768 46.49  52.514726  66.121757   -100 -100.00 -100.00 -100.00
 220    13.217 56835.92937042 36.97  52.493255  66.119930   -100 -100.00 -100.00 -100.00
 220    39.184 56835.92937101 34.81  52.499727  66.120055 26.623 -100.00 -100.00 -100.00
 220    12.941 56835.92937160 34.65  52.506198  66.120179 29.830 -100.00 -100.00 -100.00
 220    12.727 56835.92937219 33.43  52.512670  66.120303 25.311 -100.00 -100.00 -100.00
 221    11.505 56845.84500166 39.27  52.490323  66.119913 21.505 -100.00 -100.00 -100.00
 221    12.378 56845.84500225 42.27  52.496795  66.120038 17.994 -100.00 -100.00 -100.00
 221    11.583 56845.84500284 52.75  52.503266  66.120162   -100 -100.00 -100.00 -100.00
 221    11.690 56845.84500343 53.42  52.509737  66.120286   -100 -100.00 -100.00 -100.00
 222     8.668 56855.76064946 34.40  52.490354  66.121093 18.933 -100.00 -100.00 -100.00
 222     8.391 56855.76065005 31.10  52.496826  66.121217 15.281 -100.00 -100.00 -100.00
 222     8.622 56855.76065064 31.41  52.503298  66.121341 14.992 -100.00 -100.00 -100.00
 222     8.367 56855.76065123 38.79  52.509770  66.121465   -100 -100.00 -100.00 -100.00
 223     6.387 56865.67630306 24.67  52.491466  66.122387 18.970  269.40  269.67  270.51
 223     7.136 56865.67630365 26.56  52.497938  66.122511 18.962  269.40  269.67  270.51
 223     7.379 56865.67630424 27.03  52.504410  66.122635 15.241  269.40  269.67  270.51
 223     7.275 56865.67630483 30.22  52.510883  66.122759 22.115  269.40  269.67  270.51
 224     7.248 56875.59195583 26.32  52.494441  66.122517 12.481 -100.00 -100.00 -100.00
 224     7.340 56875.59195642 28.09  52.500913  66.122641 13.626 -100.00 -100.00 -100.00
 224     7.265 56875.59195701 31.21  52.507386  66.122765 23.472 -100.00 -100.00 -100.00
 224     7.484 56875.59195760 29.86  52.513859  66.122888 15.717 -100.00 -100.00 -100.00
 225     7.422 56885.50760492 33.34  52.491491  66.121835 20.194 -100.00 -100.00 -100.00
 225     6.940 56885.50760551 31.54  52.497963  66.121959 26.113 -100.00 -100.00 -100.00
 225     7.127 56885.50760611 32.52  52.504436  66.122083 25.010 -100.00 -100.00 -100.00
 225     6.937 56885.50760670 37.74  52.510909  66.122206   -100 -100.00 -100.00 -100.00
 226     7.484 56895.42325137 33.54  52.491397  66.121090 22.857 -100.00 -100.00 -100.00
 226     7.437 56895.42325196 34.63  52.497870  66.121214 23.554 -100.00 -100.00 -100.00
 226     7.459 56895.42325255 37.36  52.504343  66.121338 29.012 -100.00 -100.00 -100.00
 226     7.223 56895.42325315 32.06  52.510816  66.121462 20.715 -100.00 -100.00 -100.00
 227     6.875 56905.33889499 21.70  52.494058  66.121604  8.338  264.89  264.90  266.88
 227     7.277 56905.33889559 24.64  52.500531  66.121728 11.140  264.89  264.90  266.88
 227     7.243 56905.33889618 28.80  52.507004  66.121852 17.254  264.89  264.90  266.88
 227     7.249 56905.33889677 30.10  52.513477  66.121975 19.729  264.89  264.90  266.88
 228     8.878 56915.25453606 18.47  52.492237  66.123174  6.279 -100.00 -100.00 -100.00
 228    10.673 56915.25453665 19.76  52.498710  66.123298  7.354 -100.00 -100.00 -100.00
 228     9.102 56915.25453724 21.10  52.505183  66.123422  8.251 -100.00 -100.00 -100.00
 228    11.466 56915.25453783 24.13  52.511656  66.123545 11.318 -100.00 -100.00 -100.00
 229     8.271 56925.17017526 33.40  52.490133  66.124801 23.485  256.39  256.33  258.53
 229     8.779 56925.17017585 39.32  52.496607  66.124925 22.510  256.39  256.33  258.53
 229     8.741 56925.17017644 49.47  52.503081  66.125049   -100  256.39  256.33  258.53
 229     8.572 56925.17017703 55.55  52.509554  66.125173   -100  256.39  256.33  258.53
 230     9.619 56935.08581192 17.63  52.492842  66.125354  6.567  256.66  256.28  258.68
 230    11.040 56935.08581251 18.90  52.499316  66.125479  6.684  256.66  256.28  258.68
 230    10.891 56935.08581310 20.97  52.505789  66.125603  9.354  256.66  256.28  258.68
 230    11.298 56935.08581369 21.19  52.512263  66.125726  9.514  256.66  256.28  258.68
 231     8.793 56945.00144276 38.24  52.489794  66.124268 16.254 -100.00 -100.00 -100.00
 231     7.948 56945.00144335 41.37  52.496267  66.124392 27.918 -100.00 -100.00 -100.00
 231     7.631 56945.00144394 41.32  52.502740  66.124517   -100 -100.00 -100.00 -100.00
 231     7.498 56945.00144453 41.04  52.509213  66.124641   -100 -100.00 -100.00 -100.00
 231     7.368 56945.00144512 36.89  52.515686  66.124765   -100 -100.00 -100.00 -100.00
 232    39.457 56954.91709309 13.62  52.492740  66.122779 12.402 -100.00 -100.00 -100.00
 232    57.492 56954.91709368  7.48  52.499213  66.122904 10.992 -100.00 -100.00 -100.00
 232    10.415 56954.91709427 20.93  52.505686  66.123028 32.577 -100.00 -100.00 -100.00
 232    61.546 56954.91709486  6.44  52.512158  66.123152  4.257 -100.00 -100.00 -100.00
 233     7.926 56964.83274237 34.33  52.489027  66.122037 25.690  262.07  261.56  260.51
 233     7.988 56964.83274296 35.68  52.495499  66.122162 23.766  262.07  261.56  260.51
 233     7.906 56964.83274355 36.52  52.501972  66.122286 28.569  262.07  261.56  260.51
 233     7.979 56964.83274414 35.63  52.508444  66.122410 21.224  262.07  261.56  260.51
 233     7.845 56964.83274473 38.35  52.514917  66.122534   -100  262.07  261.56  260.51
 234    39.855 56974.74838784 12.45  52.493433  66.122869 20.970 -100.00 -100.00 -100.00
 234    39.452 56974.74838843 14.01  52.499906  66.122993 12.935 -100.00 -100.00 -100.00
 234    10.898 56974.74838902 20.43  52.506379  66.123117   -100 -100.00 -100.00 -100.00
 234    10.943 56974.74838961 19.84  52.512852  66.123241 32.038 -100.00 -100.00 -100.00
 235     8.241 56984.66402851 25.03  52.493779  66.123826  7.896  246.17  242.56  235.91
 235     8.261 56984.66402910 27.75  52.500252  66.123950 13.556  246.17  242.56  235.91
 235     8.250 56984.66402969 27.99  52.506725  66.124074 12.786  246.17  242.56  235.91
 235     8.363 56984.66403028 29.45  52.513198  66.124198 15.693  246.17  242.56  235.91
 236    40.114 56994.57966362 11.15  52.489710  66.123241 10.992 -100.00 -100.00 -100.00
 236    39.917 56994.57966421 10.30  52.496183  66.123365  8.859 -100.00 -100.00 -100.00
 236    39.142 56994.57966480 14.77  52.502656  66.123490 19.292 -100.00 -100.00 -100.00
 236    10.498 56994.57966539 17.75  52.509130  66.123614 31.828 -100.00 -100.00 -100.00
 236    11.419 56994.57966598 17.76  52.515603  66.123737 22.385 -100.00 -100.00 -100.00
 237    39.335 57004.49530378 15.08  52.494437  66.121258 21.945 -100.00 -100.00 -100.00
 237    10.026 57004.49530437 16.54  52.500910  66.121383 26.468 -100.00 -100.00 -100.00
 237    10.366 57004.49530496 17.08  52.507383  66.121507 25.728 -100.00 -100.00 -100.00
 237    10.880 57004.49530555 17.70  52.513856  66.121631 25.343 -100.00 -100.00 -100.00
 238    40.338 57014.41095891 12.72  52.487794  66.119245 11.932 -100.00 -100.00 -100.00
 238    39.842 57014.41095950 13.13  52.494267  66.119369 12.211 -100.00 -100.00 -100.00
 238    39.567 57014.41096009 12.44  52.500740  66.119494 10.807 -100.00 -100.00 -100.00
 238    10.023 57014.41096068 18.82  52.507212  66.119618 30.760 -100.00 -100.00 -100.00
 238    10.446 57014.41096127 19.50  52.513685  66.119742 29.390 -100.00 -100.00 -100.00
 239    40.200 57024.32661012 11.12  52.490698  66.119264  8.288 -100.00 -100.00 -100.00
 239    39.838 57024.32661071 12.16  52.497170  66.119389 10.233 -100.00 -100.00 -100.00
 239     9.810 57024.32661130 18.53  52.503643  66.119513 31.738 -100.00 -100.00 -100.00
 239    10.263 57024.32661189 18.92  52.510116  66.119637 27.720 -100.00 -100.00 -100.00
 240    40.160 57034.24225866  9.27  52.490203  66.121303  8.187 -100.00 -100.00 -100.00
 240    39.723 57034.24225925 11.23  52.496676  66.121427 12.501 -100.00 -100.00 -100.00
 240    38.857 57034.24225984 16.13  52.503149  66.121551 23.770 -100.00 -100.00 -100.00
 240    10.410 57034.24226043 17.60  52.509622  66.121675 23.770 -100.00 -100.00 -100.00
 241    39.287 57044.15790489 13.11  52.491437  66.123197 16.118 -100.00 -100.00 -100.00
 241    39.290 57044.15790549 12.16  52.497910  66.123321 12.158 -100.00 -100.00 -100.00
 241    10.386 57044.15790608 16.13  52.504383  66.123445 21.534 -100.00 -100.00 -100.00
 241    10.559 57044.15790667 16.38  52.510857  66.123569 18.148 -100.00 -100.00 -100.00
 242    39.791 57054.07354820 12.23  52.490412  66.123352  9.591 -100.00 -100.00 -100.00
 242    10.049 57054.07354879 17.37  52.496884  66.123476 22.219 -100.00 -100.00 -100.00
 242    39.136 57054.07354938 14.16  52.503358  66.123600 13.608 -100.00 -100.00 -100.00
 242    10.470 57054.07354997 16.15  52.509831  66.123724 14.292 -100.00 -100.00 -100.00
 243     9.362 57063.98918693 16.55  52.490856  66.121842  7.508 -100.00 -100.00 -100.00
 243    10.011 57063.98918753 16.53  52.497329  66.121966  5.573 -100.00 -100.00 -100.00
 243    10.011 57063.98918812 16.14  52.503801  66.122091  4.688 -100.00 -100.00 -100.00
 243    11.049 57063.98918871 16.87  52.510274  66.122214  5.671 -100.00 -100.00 -100.00
 244     9.153 57073.90482084 17.52  52.492469  66.120784  8.354 -100.00 -100.00 -100.00
 244     9.681 57073.90482143 17.77  52.498941  66.120908  8.455 -100.00 -100.00 -100.00
 244    10.110 57073.90482202 17.04  52.505413  66.121033  5.941 -100.00 -100.00 -100.00
 244    10.134 57073.90482261 17.95  52.511885  66.121156  6.719 -100.00 -100.00 -100.00
 245    39.692 57083.82045088 14.72  52.490417  66.121334  8.299  243.50  236.64  222.91
 245    38.858 57083.82045148 14.95  52.496889  66.121459  8.706  243.50  236.64  222.91
 245    37.720 57083.82045207 15.24  52.503361  66.121583  8.853  243.50  236.64  222.91
 245    36.640 57083.82045266 15.43  52.509833  66.121707  8.498  243.50  236.64  222.91
 246    40.405 57093.73610182 12.57  52.492615  66.123661  5.097  242.34  234.22  220.02
 246    40.027 57093.73610241 12.63  52.499088  66.123786  4.753  242.34  234.22  220.02
 246    39.329 57093.73610300 13.41  52.505561  66.123910  6.928  242.34  234.22  220.02
 246    39.043 57093.73610359 12.57  52.512033  66.124034  4.720  242.34  234.22  220.02
 247    38.685 57103.65175844 14.89  52.490163  66.125627  9.223 -100.00 -100.00 -100.00
 247     8.914 57103.65175903 15.11  52.496637  66.125751 10.052 -100.00 -100.00 -100.00
 247     9.295 57103.65175962 14.91  52.503110  66.125875  8.583 -100.00 -100.00 -100.00
 247     9.665 57103.65176021 16.27  52.509584  66.125999 11.400 -100.00 -100.00 -100.00
 248    39.854 57113.56741150 11.02  52.492351  66.125886  6.610 -100.00 -100.00 -100.00
 248    39.154 57113.56741209 11.83  52.498824  66.126010  7.488 -100.00 -100.00 -100.00
 248    38.615 57113.56741268 12.34  52.505298  66.126134  8.182 -100.00 -100.00 -100.00
 248    38.483 57113.56741327 12.27  52.511772  66.126258  6.974 -100.00 -100.00 -100.00
 249    39.684 57123.48305817  3.48  52.491478  66.124210  6.626  267.33  265.28  262.97
 249    39.105 57123.48305876  4.18  52.497951  66.124334  6.558  267.33  265.28  262.97
 249    38.646 57123.48305935  5.28  52.504425  66.124459  8.529  267.33  265.28  262.97
 249    11.439 57123.48305994  8.52  52.510898  66.124582 13.073  267.33  265.28  262.97
 250    10.968 57133.39869953 11.15  52.491465  66.122374  8.588 -100.00 -100.00 -100.00
 250    11.082 57133.39870012 11.17  52.497938  66.122499  8.271 -100.00 -100.00 -100.00
 250    11.216 57133.39870071 10.65  52.504411  66.122623  6.208 -100.00 -100.00 -100.00
 250    11.321 57133.39870131 11.54  52.510884  66.122747  8.625 -100.00 -100.00 -100.00
