# NaN NaN NaN ;Mean Elev.(m), Avg Gradient(m/km), RMS Gradient(m/km) - SRTM1     
#  -11.914  -0.709   2.616 ;Mean Elev.(m), Avg Gradient(m/km), RMS Gradient(m/km) - ASTER GDEM
#   31.761  -3.539   8.140 ;Mean Elev.(m), Avg Gradient(m/km), RMS Gradient(m/km) - GMTED2010 
   2  52.195692  65.680518    13.945    13.945  2 54673.30340700 27.182
   3  52.195374  65.681859     5.736     5.736  2 54683.21905051 18.368
   4  52.199660  65.682755    60.756    60.756  2 54693.13469312  8.243
   5  52.196778  65.681546     8.264     8.264  2 54703.05033250 22.976
   7  52.197423  65.678064    13.410    13.613  3 54722.88163245 25.792
   8  52.195756  65.677604    12.018    12.194  3 54732.79728068 42.518
  13  52.193703  65.676414    85.634    87.478  3 54782.37550505 20.721
  14  52.195897  65.676527    11.730    11.731  3 54792.29114369 44.505
  17  52.195074  65.679461    12.139    12.139  2 54822.03806019 21.318
  18  52.197135  65.679307    14.671    14.671  2 54831.95371239 17.060
  19  52.197553  65.679635    15.560    15.597  3 54841.86935105 15.501
  20  52.196342  65.680971    15.446    15.446  2 54851.78499994 14.900
  21  52.197262  65.682912    15.486    15.456  3 54861.70064871 15.139
  22  52.195532  65.683610    15.241    15.241  2 54871.61629721 15.011
  23  52.195247  65.682266    16.112    16.112  2 54881.53194407 15.242
  24  52.197707  65.679706    16.528    16.725  3 54891.44758785 15.934
  25  52.195710  65.677377    13.582    13.311  3 54901.36322832 17.097
  26  52.195429  65.677581    15.462    15.270  3 54911.27886729 17.975
  27  52.195372  65.679243    17.120    17.120  2 54921.19450520 14.181
  29  52.197897  65.679262    15.787    15.901  3 54941.02577852 13.718
  30  52.194247  65.676654    13.754    15.427  3 54950.94141226 21.355
  31  52.196282  65.675324    10.360    10.359  3 54960.85705294 26.259
  32  52.192237  65.675894    15.895    15.878  3 54970.77270124 34.337
  33  52.196012  65.678185    67.496    67.496  2 54980.68834917 10.128
  34  52.196155  65.679878    18.137    18.050  3 54990.60399648 35.999
  35  52.196912  65.680174    17.891    17.935  3 55000.51964356 36.754
  36  52.198012  65.680040    16.254    16.254  2 55010.43528887 27.696
  37  52.197376  65.679749    16.012    16.120  3 55020.35093244 23.999
  38  52.198664  65.680862    16.410    16.410  2 55030.26657505 24.236
  39  52.196134  65.682006    13.733    13.733  2 55040.18221665 27.072
  40  52.196992  65.682622    11.084    11.084  2 55050.09785714 29.759
  41  52.198363  65.681232    10.251    10.251  2 55060.01349546 44.187
  42  52.193826  65.678143     9.878     9.880  3 55069.92913553 42.266
  43  52.191982  65.675973    10.201    10.086  3 55079.84478466 34.792
  44  52.194505  65.676366    13.045    12.919  4 55089.76043238 32.778
  45  52.194904  65.678340    15.733    15.723  3 55099.67607887 24.587
  46  52.195866  65.680198    15.774    15.774  2 55109.59172491 24.613
  47  52.195712  65.679767    16.133    16.065  3 55119.50736931 23.041
  48  52.194839  65.677426    15.787    15.787  2 55129.42301103 32.607
  49  52.193575  65.675346    10.763    10.712  3 55139.33865069 41.031
  50  52.192715  65.675614    10.450    10.389  3 55149.25428924 39.882
  51  52.195093  65.678008    11.063    11.063  2 55159.16992781 37.634
  52  52.196450  65.680066    13.177    13.177  2 55169.08556595 26.339
  53  52.196265  65.680424    15.570    15.643  3 55179.00120287 20.719
  54  52.195621  65.679575    15.408    15.495  3 55188.91684872 18.579
  55  52.196797  65.679634    15.629    15.629  2 55198.83249943 17.928
  56  52.197885  65.680782    15.681    15.681  2 55208.74814933 17.157
  57  52.197458  65.682214    15.555    15.462  3 55218.66379860 17.866
  58  52.199596  65.682590    15.777    15.777  2 55228.57944728 18.255
  59  52.196939  65.680983    15.443    15.632  3 55238.49509237 18.180
  60  52.193237  65.678213    15.500    15.386  3 55248.41073375 18.308
  61  52.192592  65.676507    14.374    14.954  3 55258.32637304 16.606
  62  52.193023  65.676706    15.282    15.704  3 55268.24201171 17.589
  63  52.197102  65.678575    15.262    15.494  3 55278.15765043 15.650
  64  52.196083  65.679390    15.997    16.071  3 55288.07328738 11.401
  65  52.196644  65.678811     9.496     9.496  2 55297.98892203 28.183
  66  52.194356  65.676793    14.001    13.206  3 55307.90456408 24.691
  67  52.196322  65.675768    14.419    13.619  3 55317.82021053 35.542
  68  52.195229  65.676199    74.116    74.012  3 55327.73585570 28.999
  69  52.197758  65.678402    17.399    17.468  3 55337.65150054 34.368
  70  52.196260  65.680158    15.693    15.693  2 55347.56714454 27.214
  71  52.199002  65.681048    15.763    15.763  2 55357.48278725 28.127
  72  52.198317  65.680719    13.842    13.842  2 55367.39842754 50.542
  73  52.198123  65.680266    16.089    16.089  2 55377.31406640 23.120
  74  52.195358  65.680208    12.495    12.495  2 55387.22970418 42.502
  75  52.195304  65.680593    11.220    11.220  2 55397.14534131 48.326
  76  52.197720  65.680634    10.439    10.439  2 55407.06098443 30.946
  77  52.196805  65.679518    10.301    10.268  3 55416.97663541 35.199
  78  52.197151  65.677741    11.883     9.881  3 55426.89228306 30.495
  79  52.194184  65.676434    14.297    15.866  3 55436.80792775 32.593
  80  52.196232  65.676970    12.459    10.673  3 55446.72357168 34.977
  81  52.196623  65.678221    14.620    15.757  3 55456.63921504 27.085
  82  52.197449  65.679210    17.510    18.097  3 55466.55485774 22.802
  83  52.195577  65.678499    16.512    16.475  3 55476.47049697 24.634
  84  52.192535  65.676717    14.606    15.619  3 55486.38613286 31.311
  85  52.194761  65.675670    11.449    11.449  4 55496.30176707 40.165
  86  52.193071  65.676130    11.950    11.833  3 55506.21740231 42.744
  87  52.197084  65.678353    11.917    12.060  3 55516.13305327 44.951
  88  52.195254  65.679928    13.154    13.156  3 55526.04870274 31.784
  89  52.197953  65.680842    12.772    12.772  2 55535.96435059 26.764
  90  52.198265  65.680817    15.778    15.778  2 55545.87999606 20.800
  91  52.195790  65.680728    15.434    15.434  2 55555.79563945 19.701
  92  52.197672  65.681346    15.272    15.272  2 55565.71128239 18.748
  93  52.197651  65.681261    15.845    15.845  2 55575.62692452 17.667
  94  52.197327  65.680019    15.637    15.643  3 55585.54256485 17.283
  95  52.195900  65.678090    15.069    15.069  2 55595.45820177 16.621
  96  52.194427  65.676627    15.216    15.290  3 55605.37383549 16.456
  97  52.193487  65.676214    15.627    15.767  3 55615.28946720 16.451
  98  52.196572  65.677216    15.691    15.585  3 55625.20510795 15.289
  99  52.197250  65.678059    14.026    13.147  3 55635.12076030 15.434
 100  52.193266  65.677810    13.537    12.798  3 55645.03641001 16.831
 101  52.198473  65.677669    26.946    26.946  2 55654.95205777 15.982
 102  52.193422  65.676618    15.302    15.994  3 55664.86770003 24.430
 103  52.195825  65.676884    15.058    16.063  3 55674.78334010 33.723
 104  52.196268  65.677831    15.238    15.223  3 55684.69897839 39.346
 105  52.196475  65.678977    16.409    16.409  2 55694.61461549 33.529
 106  52.194679  65.679516    14.443    14.459  3 55704.53025105 49.936
 107  52.197338  65.679997    15.952    15.932  3 55714.44589799 41.110
 108  52.194887  65.680077    16.444    16.444  2 55724.36154683 31.616
 109  52.197429  65.680867    12.049    12.049  2 55734.27719420 34.982
 110  52.195567  65.681271    12.178    12.178  2 55744.19283987 26.409
 111  52.194977  65.680915    10.315    10.315  2 55754.10848410 38.439
 112  52.197249  65.679447    10.139    10.134  3 55764.02412624 47.849
 113  52.197426  65.677433    11.848     9.829  3 55773.93976537 30.658
 114  52.192361  65.675772     9.676     9.706  3 55783.85540070 27.835
 115  52.193606  65.676449    13.805    15.548  3 55793.77103432 31.816
 116  52.195405  65.677836    14.390    15.519  3 55803.68667079 27.890
 117  52.196362  65.678658     9.852     9.786  3 55813.60232063 48.431
 118  52.193191  65.677637    12.222    10.969  3 55823.51796807 33.261
 119  52.195410  65.676488    11.906     9.737  3 55833.43361127 34.352
 120  52.196897  65.675986    15.959    15.972  3 55843.34925026 28.748
 121  52.191826  65.676373    12.248    12.247  3 55853.26488562 36.999
 122  52.195112  65.678394    12.526    12.526  2 55863.18052219 46.711
 123  52.197526  65.680161     9.945     9.945  2 55873.09617648 42.070
 133  52.192577  65.676770    15.258    15.237  3 55972.25261317 17.036
 134  52.195579  65.678836    15.013    14.984  3 55982.16824958 16.795
 135  52.195196  65.679027    14.153    14.318  3 55992.08388403 17.956
 136  52.197290  65.678103    15.465    15.529  3 56001.99953153 17.237
 137  52.196477  65.676361    15.288    15.421  3 56011.91518122 16.852
 138  52.196298  65.676075    16.026    16.026  2 56021.83082742 14.824
 139  52.193862  65.677445    11.904    10.913  3 56031.74647066 14.115
 141  52.198389  65.681411    16.067    16.067  2 56051.57775159 36.538
 142  52.196291  65.680928    80.266    80.266  2 56061.49338758  8.682
 143  52.196243  65.679610    16.842    16.842  2 56071.40902615 36.681
 144  52.197334  65.679503    15.173    15.173  2 56081.32467683 28.182
 145  52.197879  65.680399    18.171    18.171  2 56091.24032485 24.461
 146  52.196739  65.681458    15.560    14.761  3 56101.15597035 25.157
 147  52.195851  65.681055    12.064    12.064  2 56111.07160157 47.157
 148  52.197344  65.679065    11.218    11.225  3 56120.98724119 50.141
 149  52.195778  65.676224    11.072    11.172  3 56130.90287677 44.177
 150  52.192664  65.674804    14.546    15.730  3 56140.81851069 30.564
 151  52.192966  65.676520    10.700    10.664  3 56150.73416179 40.866
 152  52.196445  65.679172    10.552    10.546  3 56160.64981136 39.803
 153  52.196293  65.680066    16.354    16.354  2 56170.56545891 22.150
 154  52.197311  65.678816    12.069    10.190  3 56180.48110248 29.638
 155  52.194082  65.676596    18.449    18.616  3 56190.39674164 23.672
 156  52.192213  65.675730    17.044    16.037  3 56200.31237808 25.635
 157  52.195456  65.677493    12.009    12.023  3 56210.22801266 46.447
 158  52.196264  65.679798    11.011    10.988  3 56220.14364517 36.755
 159  52.197044  65.681621    74.298    74.298  2 56230.05929505 20.255
 160  52.198246  65.681525    10.320    10.320  2 56239.97494839 40.005
 161  52.198129  65.680564    10.772    10.772  2 56249.89059765 41.239
 162  52.195016  65.679466    11.378    11.378  2 56259.80624182 38.090
 163  52.197107  65.680065    11.198    11.198  2 56269.72188394 35.631
 164  52.197776  65.680695    10.853    10.822  3 56279.63752420 33.584
 165  52.194896  65.680704    10.497    10.497  2 56289.55317491 31.871
 166  52.194708  65.679122    10.299    10.319  3 56299.46882319 24.309
 167  52.192696  65.676810    10.136    10.144  3 56309.38446727 22.863
 168  52.194694  65.675946     9.908     9.915  4 56319.30010936 23.710
 169  52.196056  65.677286     9.821     9.770  3 56329.21575052 24.002
 170  52.197171  65.679271     9.584     9.584  2 56339.13139082 25.623
 171  52.196905  65.680033    11.796    11.796  2 56349.04702887 21.136
 172  52.195915  65.678646    14.695    14.695  2 56358.96266419 18.892
 173  52.197163  65.677253    14.994    14.952  3 56368.87831479 17.340
 176  52.196461  65.681166    12.536    12.536  2 56398.62525142 16.905
 177  52.199611  65.682654    82.602    82.602  2 56408.54089272  5.618
 178  52.198669  65.681952    85.966    85.966  2 56418.45652926  3.722
 179  52.195590  65.680092    15.784    15.784  2 56428.37216171 55.004
 180  52.195586  65.679664    16.269    16.269  2 56438.28781554 24.153
 181  52.197235  65.680173    15.418    15.487  3 56448.20346695 25.665
 183  52.198081  65.680447    13.659    13.659  2 56468.03476183 43.824
 184  52.197214  65.679087    14.699    15.767  3 56477.95040340 26.829
 185  52.195310  65.677213    14.025    15.849  3 56487.86604104 31.231
 187  52.197296  65.677291    12.426    11.547  3 56507.69731074 31.312
 188  52.194378  65.678273     9.087     9.101  3 56517.61294802 35.654
 189  52.194964  65.679137     9.281     9.278  3 56527.52860243 41.250
 190  52.197751  65.679076    11.648     9.679  3 56537.44425273 31.090
 192  52.196732  65.678270    11.952     9.927  3 56557.27554222 31.238
 193  52.196441  65.679458    12.980    12.980  2 56567.19118478 26.221
 194  52.195257  65.681102     9.611     9.611  2 56577.10682592 30.875
 195  52.196523  65.681935    10.695    10.695  2 56587.02246377 43.066
 196  52.197168  65.681499    10.217    10.236  3 56596.93810397 41.048
 197  52.198053  65.680795    13.372    13.372  2 56606.85375585 48.434
 198  52.195418  65.680091    14.029    14.029  2 56616.76940253 45.649
 199  52.197514  65.680173    14.077    14.077  2 56626.68504623 34.142
 200  52.197967  65.680083    12.459    12.459  2 56636.60068704 27.629
 201  52.195141  65.679127    12.627    12.797  3 56646.51632747 20.547
 202  52.195894  65.678376    12.076    12.042  3 56656.43197976 25.988
 203  52.197091  65.677589    13.042    12.768  3 56666.34762775 13.071
 205  52.193707  65.678346    13.512    12.801  3 56686.17891685 13.832
 206  52.195506  65.679291    14.803    14.803  2 56696.09455919 13.997
 207  52.196112  65.679218    14.268    14.268  2 56706.01019682 13.899
 208  52.194340  65.678209    10.839    10.863  3 56715.92582934 24.078
 209  52.195166  65.678371    11.370    11.370  2 56725.84148285 23.075
 211  52.198680  65.681358    17.041    17.041  2 56745.67277888 11.186
 212  52.197404  65.682159    17.868    17.539  3 56755.58842064 12.544
 213  52.196874  65.681761    10.746    10.746  2 56765.50405678 43.145
 214  52.198529  65.680915    12.362    12.362  2 56775.41969599 28.958
 215  52.195704  65.680632    13.224    13.224  2 56785.33535246 31.496
 216  52.197181  65.681157    92.995    92.995  2 56795.25100569 13.849
 217  52.196997  65.681404    18.529    18.631  3 56805.16665475 34.848
 219  52.196963  65.679048    16.031    16.031  2 56824.99793553 27.510
 220  52.193947  65.677419    15.871    15.853  3 56834.91357012 31.470
 221  52.197663  65.677390    15.906    16.029  3 56844.82920204 28.156
 222  52.196043  65.678186    14.719    15.818  3 56854.74484721 29.031
 223  52.195711  65.679290    14.042    14.042  2 56864.66050091 26.495
 224  52.197570  65.679734    13.545    12.481  3 56874.57615405 27.914
 225  52.196004  65.679326    14.584    15.656  3 56884.49180369 26.421
 226  52.196926  65.679051    10.657    10.716  3 56894.40745044 43.291
 227  52.196314  65.679478    14.431    15.460  3 56904.32309388 27.128
 228  52.196761  65.680931    12.708    12.270  3 56914.23873537 26.897
 229  52.198662  65.682380    12.425    12.425  2 56924.15437523 26.330
 230  52.195161  65.682377    16.731    16.731  2 56934.07001187 21.176
 231  52.198549  65.681562    11.122    11.122  2 56943.98564382 51.655
 232  52.197434  65.680258    10.334    10.334  2 56953.90129128 42.687
 233  52.195074  65.679670    10.629    10.599  3 56963.81694115 39.704
 234  52.198709  65.680609    11.040    11.040  2 56973.73258691 46.635
 235  52.195503  65.680951    10.859    10.859  2 56983.64822769 38.373
 236  52.196640  65.680253    10.777    10.777  2 56993.56386399 31.325
 237  52.194094  65.677914    10.699    10.707  3 57003.47950090 26.440
 238  52.197132  65.676831    10.375    10.244  3 57013.39515761 28.433
 239  52.197156  65.676991    10.453    10.362  3 57023.31080878 26.874
 240  52.196932  65.678892    13.709    13.206  3 57033.22645741 20.773
 241  52.198442  65.680625    15.552    15.552  2 57043.14210387 19.060
 242  52.197165  65.680600    15.324    15.324  2 57053.05774764 18.111
 243  52.194378  65.678907    15.370    15.302  3 57062.97338672 18.002
 244  52.195193  65.677871    15.555    15.766  3 57072.88902099 17.569
 247  52.199495  65.683237    25.351    25.351  2 57102.63595668 10.728
 249  52.195515  65.681498    14.488    14.488  2 57122.46725722 15.877
 250  52.197407  65.679845    15.965    15.965  2 57132.38289932 13.279
