# NaN NaN NaN ;Mean Elev.(m), Avg Gradient(m/km), RMS Gradient(m/km) - SRTM1     
#  -10.428  -5.513   7.543 ;Mean Elev.(m), Avg Gradient(m/km), RMS Gradient(m/km) - ASTER GDEM
#   27.962  -5.352   7.236 ;Mean Elev.(m), Avg Gradient(m/km), RMS Gradient(m/km) - GMTED2010 
   2  52.369050  65.893876     9.511     9.490  7 54670.33680269 30.732
   3  52.368123  65.894737     8.459     8.393  8 54680.25244661 30.952
   4  52.368360  65.895709     8.921     8.797  8 54690.16808948 36.593
   5  52.368403  65.895825     9.123     9.199  8 54700.08373007 46.621
   6  52.373016  65.894898     9.488     9.439  7 54709.99937571 30.353
   7  52.369505  65.893215    11.282    11.280  7 54719.91502666 39.380
   8  52.368465  65.891858    11.024    11.005  6 54729.83067524 46.015
   9  52.366591  65.891651    10.006    10.165  7 54739.74632220 29.907
  10  52.365719  65.892198    77.649    77.585  6 54749.66196929 25.733
  11  52.368651  65.892984    76.337    75.711  6 54759.57761653 20.119
  12  52.368873  65.892829    77.369    76.203  6 54769.49326116 16.705
  13  52.366238  65.891750    11.990    11.969  6 54779.40890214 51.102
  14  52.363725  65.890552     9.918     9.909  6 54789.32454060 41.652
  15  52.363832  65.890511    10.772    10.762  6 54799.24017827 40.043
  17  52.369638  65.892989    10.806    10.774  7 54819.07145405 21.695
  18  52.368766  65.893754    10.435    10.436  6 54828.98710625 22.009
  19  52.372463  65.894383    11.070    11.346  7 54838.90274543 17.952
  20  52.368381  65.894806    11.028    10.984  9 54848.81839421 16.905
  21  52.368255  65.895731    10.683    10.577  8 54858.73404287 16.596
  22  52.364558  65.896261    11.453    11.144  9 54868.64969134 16.279
  23  52.363507  65.895667    11.693    11.608  9 54878.56533915 16.557
  24  52.368563  65.894283    13.707    12.846  7 54888.48098438 16.416
  25  52.367942  65.892425    12.210    12.064  6 54898.39662580 16.138
  26  52.368381  65.891934    13.182    13.514  6 54908.31226484 17.370
  27  52.367294  65.892492    11.891    11.435  6 54918.22790249 16.470
  28  52.369349  65.893180    16.337    16.452  7 54928.14354027 14.906
  29  52.369375  65.892668    12.268    12.225  6 54938.05917713 14.590
  30  52.366269  65.891293    15.633    15.283  7 54947.97481194 11.878
  31  52.363832  65.890066     9.011     9.053  5 54957.89044717 29.306
  32  52.362037  65.890199    13.670    13.677  6 54967.80609552 33.219
  33  52.364707  65.891434    15.222    15.224  6 54977.72174328 51.192
  34  52.366668  65.892655    16.270    16.296  7 54987.63739102 33.959
  35  52.367981  65.893237    16.327    16.256  7 54997.55303883 33.160
  36  52.367770  65.893475    14.910    14.770  6 55007.46868475 31.124
  37  52.367732  65.893885    11.037    11.089  7 55017.38432862 40.468
  38  52.368718  65.894851    10.332    10.408  8 55027.29997117 33.482
  39  52.373062  65.896257    10.039     9.978  9 55037.21561356 52.487
  40  52.373102  65.896457     9.164     9.155  9 55047.13125450 36.184
  41  52.369053  65.894775     8.560     8.566  9 55057.04689310 36.633
  42  52.367762  65.892259     8.562     8.554  6 55066.96252968 32.146
  43  52.361331  65.890457     9.322     9.131  5 55076.87817940 28.537
  44  52.363516  65.890856     8.934     8.602  5 55086.79382739 31.399
  45  52.368324  65.892483     9.185     9.197  6 55096.70947405 48.674
  46  52.368872  65.893400     9.715     9.699  6 55106.62511993 31.222
  47  52.367691  65.892771    12.639    12.723  6 55116.54076516 25.258
  48  52.365511  65.891075    10.414    10.415  6 55126.45640794 26.335
  49  52.362255  65.889786     9.453     9.471  5 55136.37204822 48.071
  50  52.361733  65.890012     8.925     9.226  5 55146.28768676 46.650
  51  52.368511  65.891986     9.886     9.860  6 55156.20332527 39.884
  52  52.369028  65.893285     9.888     9.871  7 55166.11896329 32.549
  53  52.368757  65.893736     9.658     9.669  6 55176.03460094 29.286
  54  52.367142  65.893108    12.062    12.113  7 55185.95024256 16.928
  55  52.367558  65.893319    12.079    12.067  6 55195.86589365 16.860
  56  52.369262  65.894612    12.332    12.117  7 55205.78154364 16.654
  57  52.363919  65.895892    12.186    11.338  9 55215.69719237 17.447
  58  52.374442  65.896941    13.559    13.315  9 55225.61284200 16.305
  59  52.367404  65.894872    12.687    11.997  9 55235.52848776 16.138
  60  52.365563  65.891960    14.389    14.543  6 55245.44413063 15.950
  61  52.362157  65.889860    13.043    12.991  6 55255.35977058 15.181
  62  52.363189  65.890492    13.198    13.242  6 55265.27540951 15.987
  63  52.367455  65.892808    14.411    14.567  7 55275.19104794 16.009
  64  52.368876  65.893917    18.859    19.082  6 55285.10668530 17.479
  65  52.368868  65.892687     9.100     9.135  6 55295.02232065 23.268
  66  52.363042  65.890008     8.565     8.575  5 55304.93795868 37.894
  67  52.359248  65.888643    12.932    13.020  6 55314.85360550 33.885
  68  52.362719  65.889935    15.799    15.772  5 55324.76925135 52.234
  69  52.367536  65.892481    15.780    15.753  7 55334.68489610 35.520
  70  52.371232  65.894374    13.954    14.052  7 55344.60054045 28.793
  71  52.370311  65.894368    13.301    12.435  8 55354.51618356 23.395
  72  52.367777  65.893638    13.124    13.117  7 55364.43182443 25.772
  73  52.370051  65.893547    11.032    11.004  7 55374.34746410 37.326
  74  52.373053  65.894513    10.606    10.635  7 55384.26310267 32.346
  75  52.368898  65.895212     9.822     9.848 10 55394.17873975 34.918
  76  52.369111  65.895376     9.363     9.432  9 55404.09437762 33.712
  77  52.367319  65.893888     8.992     8.957  7 55414.01002908 36.686
  78  52.367358  65.891488     8.691     8.655  6 55423.92567770 32.160
  79  52.359795  65.889251     9.346     9.449  6 55433.84132303 51.110
  80  52.362966  65.889997     9.733     9.659  5 55443.75696784 28.262
  81  52.369302  65.892229     9.770     9.779  6 55453.67261168 29.799
  82  52.370183  65.893857    10.511    10.464  7 55463.58825422 43.152
  83  52.369201  65.893093    10.751    10.757  6 55473.50389423 45.208
  84  52.363084  65.890549    10.265    10.220  6 55483.41953086 31.321
  85  52.360585  65.888574    12.230    12.603  6 55493.33516570 28.288
  86  52.363726  65.889348    10.664    10.631  6 55503.25079976 32.575
  87  52.366580  65.892026    10.279    10.270  6 55513.16644731 43.934
  88  52.371907  65.894597    12.114    12.048  7 55523.08209743 48.542
  89  52.368397  65.894991    11.232    11.145  9 55532.99774512 36.526
  90  52.369981  65.894291    10.728    10.763  7 55542.91339152 29.779
  91  52.368213  65.893610    10.800    10.709  7 55552.82903563 27.572
  92  52.369603  65.894312    10.219    10.265  7 55562.74467884 25.444
  93  52.367598  65.895200    10.359    10.061 10 55572.66032109 23.405
  94  52.367775  65.895152    10.129    10.103 10 55582.57596226 23.761
  95  52.367625  65.893379    11.867    11.758  7 55592.49160000 20.570
  96  52.364120  65.890675    12.970    13.221  5 55602.40723409 19.093
  97  52.362634  65.889102    13.419    13.445  6 55612.32286628 18.746
  98  52.361072  65.889514    13.030    13.091  6 55622.23850069 17.048
  99  52.367047  65.891882    13.572    13.261  6 55632.15415417 15.942
 100  52.369122  65.893101    12.826    12.825  7 55642.06980505 15.352
 101  52.366930  65.892445    12.787    12.665  7 55651.98545266 15.833
 102  52.363338  65.890419    13.325    13.391  5 55661.90109609 28.091
 103  52.362717  65.889506    13.130    13.055  5 55671.81673670 32.971
 104  52.364389  65.890368    13.039    13.070  5 55681.73237606 38.599
 105  52.367886  65.892557    15.309    15.287  7 55691.64801398 38.352
 106  52.369886  65.894240    13.928    13.694  7 55701.56365012 27.430
 107  52.369429  65.894661    13.700    13.690  8 55711.47929168 52.704
 108  52.367545  65.894217    15.503    15.509  7 55721.39494125 41.062
 109  52.370458  65.894212    11.605    11.623  7 55731.31058918 36.238
 110  52.370140  65.894348    10.056     9.996  8 55741.22623554 33.324
 111  52.369068  65.894533     9.290     9.277  7 55751.14188057 32.368
 112  52.369814  65.894138     8.797     8.861  7 55761.05752340 33.647
 113  52.369286  65.892927     8.436     8.442  7 55770.97316324 39.022
 114  52.363596  65.890806     8.442     8.391  5 55780.88879913 34.665
 115  52.362714  65.889764     8.491     8.516  5 55790.80443291 29.964
 116  52.361413  65.889892     8.515     8.478  5 55800.72006551 46.778
 117  52.365857  65.891494     8.645     8.436  6 55810.63571497 31.846
 118  52.367146  65.892475     8.511     8.372  7 55820.55136395 31.472
 119  52.366580  65.892069     8.637     8.580  7 55830.46700804 32.217
 120  52.362908  65.890513     9.415     9.393  6 55840.38264725 27.296
 121  52.362391  65.889687     9.775     9.724  6 55850.29828370 27.961
 122  52.365165  65.890706    10.898    10.866  5 55860.21391849 33.269
 123  52.367215  65.892869     9.071     9.058  6 55870.12956974 46.745
 133  52.362520  65.890661    10.566    10.607  6 55969.28601057 18.785
 134  52.367750  65.891846    10.992    11.353  7 55979.20164751 18.199
 135  52.368663  65.892179    11.124    11.010  6 55989.11728328 19.049
 136  52.365171  65.891624    11.589    11.878  6 55999.03292504 17.979
 137  52.366870  65.891126    12.729    12.823  6 56008.94857609 18.044
 138  52.362961  65.890601    14.799    14.565  5 56018.86422247 22.425
 139  52.364463  65.891322    13.572    14.605  6 56028.77986646 16.980
 141  52.370983  65.894033    11.966    11.937  7 56048.61114935 40.154
 142  52.368823  65.894470    14.408    14.378  7 56058.52678658 53.414
 143  52.366946  65.894027    15.387    15.143  7 56068.44241958 31.548
 144  52.371354  65.894405    14.667    14.661  7 56078.35807130 29.116
 145  52.369707  65.894672    13.003    12.989  8 56088.27371973 53.823
 146  52.367052  65.894902    11.655    11.627  9 56098.18936556 52.109
 147  52.372296  65.894616    10.595    10.510  7 56108.10500982 31.547
 148  52.366930  65.892632    10.741    10.839  7 56118.02063867 30.726
 149  52.363374  65.890624    10.332    10.435  6 56127.93627558 30.892
 150  52.361141  65.889621    10.915    11.186  5 56137.85190903 29.433
 151  52.364587  65.890845     9.803     9.777  5 56147.76755575 28.767
 152  52.368939  65.892584     9.462     9.525  7 56157.68320541 47.426
 153  52.369240  65.893178     9.131     9.086  7 56167.59885368 41.580
 154  52.369216  65.892310     8.709     8.745  6 56177.51449921 32.940
 155  52.363905  65.890770     9.684     9.760  5 56187.43013956 49.983
 156  52.362971  65.890290    14.194    15.649  6 56197.34577674 31.365
 157  52.367782  65.891711    10.780    10.893  6 56207.26141152 44.370
 158  52.367998  65.893522    10.881    11.308  7 56217.17704433 31.837
 159  52.369505  65.894872    11.630    11.757  9 56227.09268719 32.838
 160  52.368918  65.894772     9.121     9.105  8 56237.00834183 44.408
 161  52.369795  65.894146     8.848     8.814  7 56246.92399272 46.948
 162  52.368934  65.893822    10.482    10.490  6 56256.83963841 42.209
 163  52.369314  65.894591    10.160    10.188  7 56266.75528071 36.662
 164  52.368658  65.895186     9.728     9.733  9 56276.67092124 34.321
 165  52.368655  65.894722     9.453     9.416  8 56286.58656845 34.082
 166  52.369312  65.892733     9.125     9.119  7 56296.50221828 31.483
 167  52.362257  65.890172     9.410     9.396  6 56306.41786337 23.450
 168  52.360417  65.889600     8.910     8.879  6 56316.33350588 26.760
 169  52.366498  65.891628     8.740     8.602  6 56326.24914746 25.979
 170  52.367774  65.893491     8.376     8.344  6 56336.16478764 28.483
 171  52.370074  65.893812     8.499     8.473  7 56346.08042652 25.771
 172  52.368334  65.892146     9.697     9.810  6 56355.99606255 21.967
 173  52.363906  65.890404     9.845    10.076  5 56365.91170886 21.837
 174  52.363272  65.890489    12.350    12.297  6 56375.82735750 19.350
 176  52.367788  65.895058    14.048    14.787  9 56395.65864750 16.936
 177  52.364712  65.895819    11.109    11.098  9 56405.57428883 31.741
 178  52.373332  65.895768    11.227    11.263  9 56415.48992792 44.541
 179  52.370580  65.893981    15.094    15.104  7 56425.40556112 40.360
 180  52.366571  65.893250    13.197    13.252  7 56435.32120902 53.159
 181  52.369931  65.894145    13.508    13.574  7 56445.23686127 26.297
 182  52.369378  65.895305    12.411    12.439  9 56455.15251075 31.206
 183  52.368902  65.895034    12.510    12.524  9 56465.06815720 46.908
 184  52.368764  65.893095    10.523    10.488  7 56474.98379996 50.673
 185  52.362850  65.890275     9.355     9.321  6 56484.89943872 52.331
 187  52.368900  65.891189     8.340     8.360  6 56504.73071015 36.858
 188  52.369499  65.893216     8.273     8.292  6 56514.64634321 32.262
 189  52.370376  65.894115     8.072     8.020  7 56524.56199560 33.301
 190  52.369227  65.892905     8.224     8.237  7 56534.47764675 34.280
 192  52.363495  65.890804     8.556     8.509  5 56554.30893821 43.594
 193  52.366842  65.892932     9.124     9.151  6 56564.22458135 29.365
 194  52.368443  65.895478     8.712     8.642 10 56574.14022303 48.247
 195  52.374086  65.896904     8.936     8.938  9 56584.05586241 39.859
 196  52.368818  65.895524     8.752     8.692 10 56593.97149625 41.993
 197  52.369858  65.894188    10.751    10.726  7 56603.88714969 46.460
 198  52.369570  65.893351    12.970    12.968  7 56613.80279823 52.272
 199  52.369112  65.893858    13.990    13.964  6 56623.71844280 36.676
 200  52.370440  65.894619    11.389    11.397  8 56633.63408471 26.795
 201  52.371922  65.894514    11.278    11.090  7 56643.54972190 21.393
 202  52.368969  65.892859    21.131    23.012  7 56653.46537333 10.141
 203  52.364759  65.890807    11.066    11.135  5 56663.38102197 16.477
 204  52.361345  65.889917    11.388    11.433  5 56673.29666795 15.342
 205  52.367840  65.891749    11.837    11.862  7 56683.21231355 15.082
 206  52.368369  65.893520    11.252    11.402  7 56693.12795648 15.448
 207  52.371564  65.894432    11.501    11.601  7 56703.04359542 15.611
 208  52.367096  65.892951    11.955    11.785  6 56712.95922841 14.324
 209  52.367070  65.891838    15.457    15.370  6 56722.87487608 10.610
 210  52.367549  65.891920    11.494    11.380  6 56732.79052707 14.492
 211  52.370944  65.894006    13.533    12.819  7 56742.70617490 13.843
 212  52.368890  65.895976    18.478    18.523 10 56752.62181790 11.544
 213  52.368480  65.896699     9.742     9.437  8 56762.53745573 45.803
 214  52.367807  65.895569    10.295    10.322  8 56772.45308681 35.206
 215  52.370846  65.894593    11.395    11.398  8 56782.36874495 33.086
 216  52.367740  65.893738    15.156    15.140  7 56792.28439884 37.396
 217  52.368334  65.894092    17.697    17.733  7 56802.20005023 33.405
 218  52.371485  65.894763    16.182    16.211  8 56812.11569429 44.216
 219  52.368418  65.894268    13.905    13.866  7 56822.03133376 54.851
 220  52.367643  65.892808    14.467    14.433  6 56831.94696922 29.696
 221  52.368132  65.891169    14.032    14.040  6 56841.86260144 35.046
 222  52.363973  65.890495    11.047    11.071  6 56851.77823935 37.280
 223  52.368396  65.891945     9.501     9.516  6 56861.69389412 33.997
 224  52.370512  65.893639     9.109     9.176  7 56871.60954808 47.397
 225  52.366843  65.894031     9.242     9.179  7 56881.52519851 44.085
 226  52.369284  65.893796     8.807     8.910  7 56891.44084579 31.161
 227  52.366567  65.892913     9.125     9.008  7 56901.35648960 30.351
 228  52.370392  65.893681     9.170     9.101  7 56911.27213207 48.364
 229  52.370164  65.894874    10.183    10.187  8 56921.18777259 30.140
 230  52.368056  65.896015    10.541    10.498  8 56931.10341075 39.113
 231  52.363927  65.895797    10.988    10.705  9 56941.01904361 36.505
 232  52.366880  65.895145     9.052     8.927 10 56950.93468402 46.038
 233  52.370615  65.894426     9.636     9.652  7 56960.85033590 47.447
 234  52.369175  65.893896     9.444     9.444  6 56970.76598234 26.739
 235  52.369177  65.893847     9.635     9.610  6 56980.68162494 36.611
 236  52.366726  65.893549     9.595     9.541  7 56990.59726291 29.474
 237  52.366529  65.892657     9.703     9.741  7 57000.51289473 26.093
 238  52.367285  65.892090     9.874     9.848  7 57010.42855042 25.367
 239  52.367398  65.891484     9.697     9.678  6 57020.34420246 25.558
 240  52.368098  65.891855    11.381    11.626  6 57030.25985161 21.588
 241  52.367489  65.892660    11.782    11.854  7 57040.17549887 20.654
 242  52.367228  65.893502    12.297    12.639  7 57050.09114399 18.273
 243  52.368239  65.893577    12.921    12.952  6 57060.00678515 18.257
 244  52.368355  65.893149    14.990    14.852  6 57069.92242056 16.043
 245  52.368375  65.892983    19.070    18.956  7 57079.83805165 13.359
 246  52.369954  65.893931    18.861    18.594  7 57089.75369054 14.860
 247  52.369516  65.895526    16.745    16.588  9 57099.66934855  8.893
 248  52.374075  65.896719    18.916    18.720  9 57109.58500400 12.378
 249  52.372413  65.896093    15.510    15.667  9 57119.50065339  9.579
 250  52.367194  65.894586     8.481     8.328  8 57129.41629649 19.297
