# NaN NaN NaN ;Mean Elev.(m), Avg Gradient(m/km), RMS Gradient(m/km) - SRTM1     
#  -12.969  -0.118  15.872 ;Mean Elev.(m), Avg Gradient(m/km), RMS Gradient(m/km) - ASTER GDEM
#   33.557   0.014   9.565 ;Mean Elev.(m), Avg Gradient(m/km), RMS Gradient(m/km) - GMTED2010 
   3     2.476 54681.26860615 13.23  56.682226  66.088778  6.086 -100.00 -100.00 -100.00
   3   -26.742 54681.26860674 20.61  56.688681  66.088589 11.120 -100.00 -100.00 -100.00
   4    77.870 54691.18424835  8.83  56.677469  66.089739 12.689 -100.00 -100.00 -100.00
   4    81.546 54691.18424894 10.18  56.683924  66.089550 12.048 -100.00 -100.00 -100.00
   5     4.569 54701.09988873 16.44  56.678082  66.089748  9.861 -100.00 -100.00 -100.00
   5   -18.398 54701.09988932 22.94  56.684536  66.089560 13.552 -100.00 -100.00 -100.00
   6   101.840 54711.01553559  1.76  56.679801  66.088356  4.024 -100.00 -100.00 -100.00
   6   102.633 54711.01553618  0.77  56.686255  66.088167  3.099 -100.00 -100.00 -100.00
   7    11.393 54720.93118698 11.50  56.681608  66.086705  2.631 -100.00 -100.00 -100.00
   7    11.384 54720.93118757 12.14  56.688061  66.086516  3.069 -100.00 -100.00 -100.00
   8    96.415 54730.84683519 17.64  56.677468  66.085537 15.662 -100.00 -100.00 -100.00
   8    96.040 54730.84683578 10.58  56.683921  66.085348 16.104 -100.00 -100.00 -100.00
   8   101.622 54730.84683637  0.55  56.690374  66.085159  2.796 -100.00 -100.00 -100.00
   9    94.665 54740.76248253 19.61  56.681765  66.085355 22.992 -100.00 -100.00 -100.00
   9    97.913 54740.76248312  5.12  56.688218  66.085166  3.837 -100.00 -100.00 -100.00
  10    99.586 54750.67812949  6.62  56.682260  66.085747  4.508 -100.00 -100.00 -100.00
  10    98.517 54750.67813008  5.95  56.688713  66.085558  3.115 -100.00 -100.00 -100.00
  11    80.813 54760.59377573 18.50  56.676779  66.086174   -100 -100.00 -100.00 -100.00
  11    87.602 54760.59377632 10.69  56.683233  66.085985 13.858 -100.00 -100.00 -100.00
  11    87.943 54760.59377691 10.86  56.689687  66.085795 13.799 -100.00 -100.00 -100.00
  12    96.440 54770.50942031 21.28  56.679070  66.085653 18.188 -100.00 -100.00 -100.00
  12    96.673 54770.50942090 24.87  56.685524  66.085464 22.634 -100.00 -100.00 -100.00
  13   113.196 54780.42506115 16.76  56.675943  66.085050 13.306 -100.00 -100.00 -100.00
  13   107.413 54780.42506174 19.27  56.682397  66.084861 17.678 -100.00 -100.00 -100.00
  13   101.757 54780.42506233 23.70  56.688851  66.084671 25.145 -100.00 -100.00 -100.00
  14   112.518 54790.34069949 12.40  56.673540  66.084562 12.401 -100.00 -100.00 -100.00
  14   112.695 54790.34070008 13.68  56.679994  66.084373 11.279 -100.00 -100.00 -100.00
  14   101.209 54790.34070067 18.49  56.686448  66.084184 18.153 -100.00 -100.00 -100.00
  15    90.493 54800.25633723 10.68  56.676575  66.084956 15.720  243.81  238.18  228.91
  15    90.280 54800.25633782 12.45  56.683029  66.084767 18.779  243.81  238.18  228.91
  15    89.868 54800.25633841 13.91  56.689483  66.084577 24.305  243.81  238.18  228.91
  20   103.236 54849.83455397  0.89  56.677178  66.088225  4.309 -100.00 -100.00 -100.00
  20   102.431 54849.83455456  0.56  56.683633  66.088036  3.222 -100.00 -100.00 -100.00
  24   102.645 54889.49714373  0.71  56.682189  66.086944  4.014 -100.00 -100.00 -100.00
  24   101.684 54889.49714432  0.19  56.688643  66.086755  3.333 -100.00 -100.00 -100.00
  26   104.334 54909.32842326  0.63  56.673708  66.085048  3.096  254.88  247.80  230.94
  26   103.340 54909.32842385  0.68  56.680163  66.084859  3.252  254.88  247.80  230.94
  26   101.653 54909.32842444  1.63  56.686616  66.084669  4.766  254.88  247.80  230.94
  27   102.826 54919.24406169  1.53  56.681505  66.085895  4.161  254.34  246.27  228.56
  27   101.859 54919.24406228  1.74  56.687959  66.085705  4.767 -100.00 -100.00 -100.00
  28   103.767 54929.15969890  6.26  56.678885  66.086828  4.833 -100.00 -100.00 -100.00
  28   102.873 54929.15969950  5.33  56.685340  66.086639  3.730 -100.00 -100.00 -100.00
  29   103.440 54939.07533545  0.21  56.678219  66.086317  3.614 -100.00 -100.00 -100.00
  29   102.645 54939.07533604  0.27  56.684673  66.086128  3.456 -100.00 -100.00 -100.00
  30   104.348 54948.99097016  0.68  56.675646  66.085124  2.853 -100.00 -100.00 -100.00
  30   103.080 54948.99097075  0.67  56.682100  66.084935  3.372 -100.00 -100.00 -100.00
  30   102.057 54948.99097134  0.49  56.688553  66.084746  3.155 -100.00 -100.00 -100.00
  32    97.116 54968.82225562  7.31  56.671344  66.084785 12.966 -100.00 -100.00 -100.00
  32    92.958 54968.82225621  9.94  56.677796  66.084596 20.793 -100.00 -100.00 -100.00
  32    92.965 54968.82225680  1.83  56.684249  66.084407  7.451 -100.00 -100.00 -100.00
  33    98.911 54978.73790374 10.63  56.679419  66.085832  5.450 -100.00 -100.00 -100.00
  33    98.097 54978.73790433  9.33  56.685872  66.085643  4.296 -100.00 -100.00 -100.00
  34    91.657 54988.65355128 23.63  56.681800  66.086794 17.315 -100.00 -100.00 -100.00
  34    91.704 54988.65355187 27.49  56.688254  66.086605 24.583 -100.00 -100.00 -100.00
  35    90.107 54998.56919861  5.51  56.680446  66.086989  4.400 -100.00 -100.00 -100.00
  35   102.429 54998.56919920  4.69  56.686900  66.086800  3.567 -100.00 -100.00 -100.00
  36    99.610 55008.48484447  0.40  56.682470  66.086907  3.797 -100.00 -100.00 -100.00
  36   103.948 55008.48484506  0.03  56.688924  66.086718  2.449 -100.00 -100.00 -100.00
  39    91.443 55038.23177229  5.36  56.679622  66.089466  7.608 -100.00 -100.00 -100.00
  39    93.325 55038.23177288  4.15  56.686077  66.089277  6.369 -100.00 -100.00 -100.00
  41    28.868 55058.06305203 42.18  56.682017  66.088612   -100 -100.00 -100.00 -100.00
  41    29.118 55058.06305262 47.31  56.688472  66.088422   -100 -100.00 -100.00 -100.00
  45    91.290 55097.72563370 19.69  56.676669  66.085808 26.986 -100.00 -100.00 -100.00
  45   109.470 55097.72563429 22.54  56.683123  66.085619   -100 -100.00 -100.00 -100.00
  45   115.379 55097.72563488 25.53  56.689576  66.085429   -100 -100.00 -100.00 -100.00
  46    96.682 55107.64127942 21.04  56.677211  66.086977 17.711 -100.00 -100.00 -100.00
  46    93.021 55107.64128001 23.08  56.683665  66.086787 28.279 -100.00 -100.00 -100.00
  47    95.862 55117.55692441 21.00  56.677499  66.086476 21.265 -100.00 -100.00 -100.00
  47    95.728 55117.55692500 24.84  56.683953  66.086287 30.645 -100.00 -100.00 -100.00
  48    99.735 55127.47256693  2.39  56.675865  66.084711  3.145 -100.00 -100.00 -100.00
  48    98.095 55127.47256752  2.86  56.682319  66.084522  4.809 -100.00 -100.00 -100.00
  48   104.938 55127.47256811  1.21  56.688773  66.084333  2.333 -100.00 -100.00 -100.00
  50    30.073 55147.30384538 38.09  56.669490  66.083931 27.884  243.35  238.34  229.62
  50    30.508 55147.30384597 40.00  56.675944  66.083742 20.028  243.35  238.34  229.62
  50    30.617 55147.30384656 43.01  56.682398  66.083553 22.039  243.35  238.34  229.62
  50    30.163 55147.30384715 38.99  56.688852  66.083364 30.541  243.35  238.34  229.62
  51    31.616 55157.21948432 41.24  56.680753  66.085670 18.286  254.31  250.89  244.44
  51    31.106 55157.21948491 47.35  56.687207  66.085480   -100  254.31  250.89  244.44
  52    30.627 55167.13512200 28.21  56.678731  66.087493 15.918  255.17  253.29  245.78
  52    30.838 55167.13512259 27.68  56.685185  66.087303 12.992  255.17  253.29  245.78
  57    99.705 55216.71335249  0.48  56.677423  66.089467  3.703 -100.00 -100.00 -100.00
  57    98.037 55216.71335308  0.17  56.683878  66.089278  4.042 -100.00 -100.00 -100.00
  60   104.237 55246.46028935  0.62  56.672928  66.085565  4.411  246.00  233.79  207.61
  60   103.282 55246.46028994  0.51  56.679382  66.085376  4.975  246.00  233.79  207.61
  63   103.407 55276.20720669  0.70  56.676734  66.086050  3.561 -100.00 -100.00 -100.00
  63   102.663 55276.20720728  0.66  56.683188  66.085860  3.967 -100.00 -100.00 -100.00
  63   100.815 55276.20720787  0.73  56.689642  66.085671  4.002 -100.00 -100.00 -100.00
  64   103.028 55286.12284431  1.98  56.681750  66.087272  3.314 -100.00 -100.00 -100.00
  64   101.900 55286.12284490  3.15  56.688204  66.087083  5.664 -100.00 -100.00 -100.00
  66    29.426 55305.95411840 23.47  56.671199  66.084740 27.312  267.68  266.04  265.09
  66    29.447 55305.95411899 25.54  56.677652  66.084551 31.330  267.68  266.04  265.09
  66    29.149 55305.95411958 26.97  56.684105  66.084362   -100  267.68  266.04  265.09
  67    98.466 55315.86976555  8.00  56.673037  66.083212  9.829 -100.00 -100.00 -100.00
  67    93.942 55315.86976614  2.39  56.679489  66.083023  6.039 -100.00 -100.00 -100.00
  67    94.249 55315.86976673  7.39  56.685942  66.082834 11.334 -100.00 -100.00 -100.00
  68    95.384 55325.78541080 21.95  56.670500  66.084035 23.436 -100.00 -100.00 -100.00
  68    95.432 55325.78541139 23.73  56.676952  66.083847 26.680 -100.00 -100.00 -100.00
  68    95.375 55325.78541198 26.16  56.683405  66.083658 29.213 -100.00 -100.00 -100.00
  69   100.233 55335.70105598  8.88  56.680194  66.085984  5.240 -100.00 -100.00 -100.00
  69   100.684 55335.70105657  8.17  56.686647  66.085795  4.628 -100.00 -100.00 -100.00
  70    91.409 55345.61669975 22.03  56.678968  66.087874   -100 -100.00 -100.00 -100.00
  70    91.646 55345.61670034 19.52  56.685422  66.087685   -100 -100.00 -100.00 -100.00
  71    99.413 55355.53234242 12.95  56.677272  66.088201  4.185 -100.00 -100.00 -100.00
  71    98.994 55355.53234301 12.09  56.683726  66.088012  3.484 -100.00 -100.00 -100.00
  72    99.082 55365.44798367  6.16  56.681865  66.087540  4.089 -100.00 -100.00 -100.00
  72    98.127 55365.44798426  5.49  56.688319  66.087351  3.741 -100.00 -100.00 -100.00
  73    99.582 55375.36362290  2.43  56.681230  66.087187  3.326 -100.00 -100.00 -100.00
  73    98.996 55375.36362349  2.12  56.687684  66.086998  3.017 -100.00 -100.00 -100.00
  74    94.329 55385.27926102 12.25  56.680017  66.087890 12.959 -100.00 -100.00 -100.00
  74    93.885 55385.27926161  7.25  56.686471  66.087701  6.563 -100.00 -100.00 -100.00
  79   103.142 55434.85748290  0.84  56.672392  66.083710  2.992 -100.00 -100.00 -100.00
  79   102.387 55434.85748349  0.39  56.678845  66.083521  3.127 -100.00 -100.00 -100.00
  79   101.393 55434.85748408  0.09  56.685298  66.083332  3.265 -100.00 -100.00 -100.00
  80   114.190 55444.77312679 16.82  56.668351  66.083977 16.782 -100.00 -100.00 -100.00
  80   108.663 55444.77312738 19.75  56.674804  66.083788 19.692 -100.00 -100.00 -100.00
  80    97.270 55444.77312797 22.81  56.681256  66.083599   -100 -100.00 -100.00 -100.00
  80   112.777 55444.77312856  7.89  56.687709  66.083410  8.613 -100.00 -100.00 -100.00
  81   100.992 55454.68877074  6.17  56.676758  66.085401  3.113 -100.00 -100.00 -100.00
  81    99.727 55454.68877133  5.74  56.683212  66.085212  3.503 -100.00 -100.00 -100.00
  81    99.646 55454.68877192  4.88  56.689665  66.085022  3.081 -100.00 -100.00 -100.00
  82    99.980 55464.60441366  4.40  56.682172  66.086926  3.277 -100.00 -100.00 -100.00
  82    98.744 55464.60441425  3.83  56.688626  66.086737  3.443 -100.00 -100.00 -100.00
  83    97.846 55474.52005344 16.93  56.682127  66.086674 18.042 -100.00 -100.00 -100.00
  83   100.747 55474.52005403  4.09  56.688582  66.086485  3.420 -100.00 -100.00 -100.00
  84   101.546 55484.43568921  9.22  56.670449  66.085154  4.020 -100.00 -100.00 -100.00
  84   100.545 55484.43568980  8.76  56.676903  66.084965  3.521 -100.00 -100.00 -100.00
  84    99.178 55484.43569039  8.28  56.683357  66.084776  3.937 -100.00 -100.00 -100.00
  84    98.314 55484.43569098  7.52  56.689811  66.084587  3.653 -100.00 -100.00 -100.00
  85   101.570 55494.35132415  6.76  56.672595  66.083374  4.096 -100.00 -100.00 -100.00
  85    97.738 55494.35132474  5.91  56.679049  66.083186  4.355 -100.00 -100.00 -100.00
  85   102.598 55494.35132533  5.07  56.685503  66.082996  3.544 -100.00 -100.00 -100.00
  86   101.619 55504.26695744  5.52  56.668657  66.084096  3.303 -100.00 -100.00 -100.00
  86   100.796 55504.26695803  5.74  56.675111  66.083908  3.833 -100.00 -100.00 -100.00
  86    99.239 55504.26695862  4.69  56.681565  66.083719  3.031 -100.00 -100.00 -100.00
  86    97.379 55504.26695921 15.73  56.688019  66.083530 10.791 -100.00 -100.00 -100.00
  87   108.563 55514.18260751 17.72  56.679538  66.085999 17.746 -100.00 -100.00 -100.00
  87    82.930 55514.18260810 20.81  56.685993  66.085810 28.959 -100.00 -100.00 -100.00
  88    31.928 55524.09825720 41.47  56.680777  66.088099 32.520 -100.00 -100.00 -100.00
  88    32.060 55524.09825779 40.85  56.687232  66.087910   -100 -100.00 -100.00 -100.00
  89    31.208 55534.01390482 31.82  56.678410  66.088756 27.592  257.42  255.64  252.90
  89    31.805 55534.01390541 33.63  56.684864  66.088567 23.481 -100.00 -100.00 -100.00
 102    29.813 55662.91725580 24.14  56.676181  66.084791 26.511  266.43  265.41  265.51
 102    29.679 55662.91725639 24.23  56.682634  66.084602 29.435  266.43  265.41  265.51
 102    29.686 55662.91725698 22.44  56.689087  66.084413 21.041  266.43  265.41  265.51
 103    95.994 55672.83289548 10.75  56.668493  66.084294 17.068 -100.00 -100.00 -100.00
 103    95.809 55672.83289607  8.26  56.674946  66.084106 14.466 -100.00 -100.00 -100.00
 103    95.603 55672.83289666  1.98  56.681399  66.083917  6.932 -100.00 -100.00 -100.00
 103    95.890 55672.83289725  1.32  56.687851  66.083728  5.555 -100.00 -100.00 -100.00
 104    98.995 55682.74853486  6.42  56.674070  66.084727  9.820 -100.00 -100.00 -100.00
 104    98.450 55682.74853545  2.64  56.680523  66.084538  6.882 -100.00 -100.00 -100.00
 104    98.403 55682.74853604  7.83  56.686976  66.084349 11.201 -100.00 -100.00 -100.00
 105    99.965 55692.66417244  9.97  56.676400  66.086477  3.795 -100.00 -100.00 -100.00
 105    98.547 55692.66417303  9.36  56.682854  66.086288  3.996 -100.00 -100.00 -100.00
 105    98.862 55692.66417362  8.68  56.689308  66.086098  3.477 -100.00 -100.00 -100.00
 107    99.190 55712.49545185  3.52  56.680136  66.088692  3.701 -100.00 -100.00 -100.00
 107    99.114 55712.49545244  2.90  56.686590  66.088503  3.076 -100.00 -100.00 -100.00
 108    98.109 55722.41110152  1.30  56.682440  66.088275  4.047 -100.00 -100.00 -100.00
 108   107.544 55722.41110211  0.87  56.688895  66.088086  2.480 -100.00 -100.00 -100.00
 109   100.226 55732.32674870  1.83  56.679516  66.088056  3.720 -100.00 -100.00 -100.00
 109    99.371 55732.32674929  1.52  56.685970  66.087867  2.963 -100.00 -100.00 -100.00
 111    29.435 55752.15803986 27.50  56.680194  66.088011 24.274 -100.00 -100.00 -100.00
 111    29.393 55752.15804045 27.12  56.686648  66.087822 25.112 -100.00 -100.00 -100.00
 113    29.733 55771.98932189 26.35  56.676334  66.086340 18.575 -100.00 -100.00 -100.00
 113    33.535 55771.98932249 26.09  56.682787  66.086151 18.271 -100.00 -100.00 -100.00
 113    33.975 55771.98932308 27.73  56.689241  66.085962 18.821 -100.00 -100.00 -100.00
 114    28.939 55781.90495805 51.63  56.674958  66.084938  7.457 -100.00 -100.00 -100.00
 114    29.002 55781.90495864 47.47  56.681411  66.084749  1.047 -100.00 -100.00 -100.00
 114    28.939 55781.90495923 51.85  56.687864  66.084560  0.102 -100.00 -100.00 -100.00
 115    29.663 55791.82059160 26.35  56.673902  66.084610 24.841 -100.00 -100.00 -100.00
 115    28.904 55791.82059219 29.35  56.680355  66.084421   -100 -100.00 -100.00 -100.00
 115    28.958 55791.82059278 29.33  56.686808  66.084232   -100 -100.00 -100.00 -100.00
 116    29.327 55801.73622440 46.71  56.672275  66.085306   -100 -100.00 -100.00 -100.00
 116    29.629 55801.73622499 45.52  56.678728  66.085117 30.757 -100.00 -100.00 -100.00
 116    29.077 55801.73622558 49.72  56.685182  66.084928  4.718 -100.00 -100.00 -100.00
 117    29.720 55811.65187504 45.85  56.678235  66.086028 22.760 -100.00 -100.00 -100.00
 117    29.373 55811.65187564 48.66  56.684689  66.085839   -100 -100.00 -100.00 -100.00
 118    29.381 55821.56752378 27.94  56.680214  66.086279 14.836 -100.00 -100.00 -100.00
 118    33.536 55821.56752437 29.88  56.686668  66.086090 20.790 -100.00 -100.00 -100.00
 120   101.837 55841.39880636  1.75  56.675311  66.084945  2.970 -100.00 -100.00 -100.00
 120   101.253 55841.39880695  1.08  56.681765  66.084756  2.717 -100.00 -100.00 -100.00
 120   103.477 55841.39880754  0.40  56.688219  66.084567  2.291 -100.00 -100.00 -100.00
 121    96.693 55851.31444221 21.45  56.671778  66.084810   -100 -100.00 -100.00 -100.00
 121   100.468 55851.31444280  5.58  56.678232  66.084622  3.809 -100.00 -100.00 -100.00
 121    98.879 55851.31444339  5.77  56.684686  66.084433  5.048 -100.00 -100.00 -100.00
 123    30.876 55871.14573035 40.39  56.682715  66.087129 24.379 -100.00 -100.00 -100.00
 123    30.501 55871.14573094 45.22  56.689170  66.086939   -100 -100.00 -100.00 -100.00
 135   103.745 55990.13344130  0.38  56.676281  66.086635  3.231 -100.00 -100.00 -100.00
 135   102.174 55990.13344189  0.74  56.682735  66.086447  3.437 -100.00 -100.00 -100.00
 135   101.435 55990.13344248  0.87  56.689190  66.086257  4.040 -100.00 -100.00 -100.00
 136   103.269 56000.04908553  0.51  56.679049  66.085968  3.302 -100.00 -100.00 -100.00
 136   102.388 56000.04908612  0.51  56.685503  66.085779  3.557 -100.00 -100.00 -100.00
 137   104.466 56009.96473548  1.02  56.670912  66.085098  3.955 -100.00 -100.00 -100.00
 137   103.652 56009.96473607  0.14  56.677365  66.084909  3.035 -100.00 -100.00 -100.00
 137   101.982 56009.96473666  0.92  56.683819  66.084720  3.796 -100.00 -100.00 -100.00
 138   104.538 56019.88038212  1.67  56.671079  66.084768  3.175 -100.00 -100.00 -100.00
 138   103.558 56019.88038271  1.52  56.677532  66.084580  3.419 -100.00 -100.00 -100.00
 138   102.270 56019.88038330  1.50  56.683985  66.084391  3.785 -100.00 -100.00 -100.00
 139   104.325 56029.79602612  2.89  56.675133  66.085410  3.413 -100.00 -100.00 -100.00
 139   103.213 56029.79602671  3.17  56.681586  66.085221  3.702 -100.00 -100.00 -100.00
 139   102.044 56029.79602730  3.00  56.688039  66.085032  3.519 -100.00 -100.00 -100.00
 142   113.050 56059.54294503 22.99  56.680641  66.088436 16.849 -100.00 -100.00 -100.00
 142    86.425 56059.54294562 27.41  56.687095  66.088247   -100 -100.00 -100.00 -100.00
 143    99.666 56069.45857980 11.75  56.677434  66.088242  6.332 -100.00 -100.00 -100.00
 143    99.475 56069.45858039  9.61  56.683889  66.088054  3.839 -100.00 -100.00 -100.00
 144   101.254 56079.37423083  6.63  56.676987  66.088026  3.267 -100.00 -100.00 -100.00
 144    99.690 56079.37423142  6.20  56.683442  66.087837  3.472 -100.00 -100.00 -100.00
 145   100.144 56089.28987938  5.62  56.679205  66.088223  3.794 -100.00 -100.00 -100.00
 145    99.339 56089.28987997  4.84  56.685660  66.088034  2.844 -100.00 -100.00 -100.00
 146    95.887 56099.20552537 18.11  56.680783  66.088742 16.410 -100.00 -100.00 -100.00
 146    95.904 56099.20552596 20.99  56.687238  66.088553   -100 -100.00 -100.00 -100.00
 148   110.659 56119.03679749 19.36  56.676677  66.086630 22.290 -100.00 -100.00 -100.00
 148   110.837 56119.03679808 20.23  56.683131  66.086441 19.079 -100.00 -100.00 -100.00
 148    80.027 56119.03679867 24.38  56.689584  66.086252   -100 -100.00 -100.00 -100.00
 149    77.916 56128.95243378 15.17  56.669814  66.084894 23.444 -100.00 -100.00 -100.00
 149   102.219 56128.95243437 17.18  56.676267  66.084705 19.377 -100.00 -100.00 -100.00
 149   107.832 56128.95243496 18.55  56.682720  66.084516 18.768 -100.00 -100.00 -100.00
 149   108.030 56128.95243555 21.61  56.689173  66.084327 24.942 -100.00 -100.00 -100.00
 152   104.956 56158.69936550  4.34  56.678793  66.086699 12.349 -100.00 -100.00 -100.00
 152   112.590 56158.69936609  3.60  56.685246  66.086510 11.042 -100.00 -100.00 -100.00
 154    80.062 56178.53065829  7.01  56.679237  66.086110  7.669 -100.00 -100.00 -100.00
 154    78.737 56178.53065888  8.41  56.685691  66.085921  9.478 -100.00 -100.00 -100.00
 155   103.305 56188.44629827  1.11  56.674061  66.084742  3.161 -100.00 -100.00 -100.00
 155   102.214 56188.44629886  0.30  56.680515  66.084553  3.523 -100.00 -100.00 -100.00
 156   102.611 56198.36193497  7.22  56.669918  66.084493  3.384 -100.00 -100.00 -100.00
 156   101.147 56198.36193556  6.97  56.676372  66.084304  3.714 -100.00 -100.00 -100.00
 156    99.731 56198.36193615  6.26  56.682826  66.084115  3.701 -100.00 -100.00 -100.00
 156    98.534 56198.36193674  6.25  56.689280  66.083926  4.227 -100.00 -100.00 -100.00
 157    99.534 56208.27757028  5.20  56.681808  66.085726  3.137 -100.00 -100.00 -100.00
 157   100.776 56208.27757087  4.00  56.688262  66.085537  2.639 -100.00 -100.00 -100.00
 158   100.793 56218.19320260  2.94  56.679276  66.088121  2.732 -100.00 -100.00 -100.00
 158    99.403 56218.19320319  2.77  56.685731  66.087932  3.125 -100.00 -100.00 -100.00
 159    94.097 56228.10884759 17.56  56.678124  66.089468 19.238 -100.00 -100.00 -100.00
 159    94.113 56228.10884818 18.45  56.684579  66.089279 20.768 -100.00 -100.00 -100.00
 160    29.295 56238.02450194 36.81  56.679445  66.088937   -100 -100.00 -100.00 -100.00
 160    29.047 56238.02450253 37.64  56.685900  66.088748   -100 -100.00 -100.00 -100.00
 163    30.291 56267.77143992 26.45  56.680650  66.088043 19.913 -100.00 -100.00 -100.00
 163    30.409 56267.77144051 30.92  56.687105  66.087854 27.931 -100.00 -100.00 -100.00
 164    30.020 56277.68708010 24.56  56.678115  66.088823 13.434 -100.00 -100.00 -100.00
 164    29.932 56277.68708069 28.50  56.684570  66.088634 25.512 -100.00 -100.00 -100.00
 166    29.996 56297.51837763 21.45  56.676564  66.086457 11.175  249.16  244.01  228.48
 166    30.056 56297.51837822 21.92  56.683019  66.086268 10.561  249.16  244.01  228.48
 166    30.122 56297.51837881 22.92  56.689473  66.086079 14.617  249.16  244.01  228.48
 170    89.595 56337.18094686  7.14  56.680214  66.087013  7.210 -100.00 -100.00 -100.00
 170    88.327 56337.18094745  7.07  56.686668  66.086824  6.921 -100.00 -100.00 -100.00
 171   102.566 56347.09658508  1.94  56.678224  66.087834  5.441 -100.00 -100.00 -100.00
 171   101.949 56347.09658567  1.83  56.684679  66.087645  3.891 -100.00 -100.00 -100.00
 172   101.837 56357.01222123  1.83  56.681426  66.086505  5.113 -100.00 -100.00 -100.00
 172    98.480 56357.01222182  1.69  56.687880  66.086316  3.747 -100.00 -100.00 -100.00
 173   104.072 56366.92786885  0.95  56.673766  66.084848  3.784 -100.00 -100.00 -100.00
 173   102.420 56366.92786944  1.23  56.680219  66.084659  3.594 -100.00 -100.00 -100.00
 173   101.765 56366.92787003  0.71  56.686672  66.084470  3.666 -100.00 -100.00 -100.00
 176   103.519 56396.67480677  3.22  56.677528  66.088599  3.267 -100.00 -100.00 -100.00
 176   102.290 56396.67480736  3.41  56.683982  66.088410  4.224 -100.00 -100.00 -100.00
 180   113.950 56436.33736926 23.87  56.677863  66.087193 17.232 -100.00 -100.00 -100.00
 180    90.519 56436.33736985 27.97  56.684318  66.087004   -100 -100.00 -100.00 -100.00
 181   100.673 56446.25302101  5.77  56.678132  66.087470  3.613 -100.00 -100.00 -100.00
 181    99.357 56446.25302160  5.03  56.684586  66.087280  3.706 -100.00 -100.00 -100.00
 183    94.057 56466.08431679 19.51  56.679061  66.088280 17.256 -100.00 -100.00 -100.00
 183    93.931 56466.08431738 23.48  56.685515  66.088090 24.217 -100.00 -100.00 -100.00
 184    30.569 56475.99995904 52.05  56.677012  66.086636  2.665 -100.00 -100.00 -100.00
 184    30.636 56475.99995963 51.96  56.683466  66.086447   -100 -100.00 -100.00 -100.00
 184    30.663 56475.99996022 51.13  56.689919  66.086257   -100 -100.00 -100.00 -100.00
 185    29.615 56485.91559741 48.86  56.671331  66.084570   -100 -100.00 -100.00 -100.00
 185    29.846 56485.91559800 44.14  56.677784  66.084381 32.071 -100.00 -100.00 -100.00
 185    29.631 56485.91559859 50.17  56.684237  66.084192   -100 -100.00 -100.00 -100.00
 187    29.309 56505.74686816 30.81  56.674834  66.085165 29.257  269.60  269.08  268.44
 187    28.712 56505.74686875 32.73  56.681288  66.084976   -100  269.60  269.08  268.44
 187    28.596 56505.74686934 39.09  56.687741  66.084787   -100  269.60  269.08  268.44
 192    29.183 56555.32509735 36.83  56.673754  66.085040   -100 -100.00 -100.00 -100.00
 192    29.315 56555.32509794 38.55  56.680209  66.084851   -100 -100.00 -100.00 -100.00
 192    29.394 56555.32509853 38.47  56.686663  66.084662   -100 -100.00 -100.00 -100.00
 194   113.154 56575.15638223 17.75  56.681664  66.088882 13.685 -100.00 -100.00 -100.00
 194    89.339 56575.15638282 19.82  56.688119  66.088693 23.429 -100.00 -100.00 -100.00
 196   104.460 56594.98765686 15.60  56.680114  66.089822 15.938  256.76  259.49  261.25
 196   110.080 56594.98765745 17.80  56.686569  66.089633 16.901  256.76  259.49  261.25
 197    97.492 56604.90330971 19.56  56.679943  66.088235 15.591 -100.00 -100.00 -100.00
 197    97.291 56604.90331030 20.62  56.686397  66.088046 22.680 -100.00 -100.00 -100.00
 198    95.952 56614.81895787 14.51  56.681224  66.087074 16.672  251.04  248.24  242.85
 198    95.702 56614.81895846 17.77  56.687678  66.086884 28.398  251.04  248.24  242.85
 199    91.890 56624.73460198 13.13  56.679905  66.087283 19.356  243.82  238.22  226.38
 199    91.857 56624.73460257 16.72  56.686359  66.087094 23.568  243.82  238.22  226.38
 200    30.400 56634.65024361 38.12  56.681993  66.087744   -100 -100.00 -100.00 -100.00
 200    30.581 56634.65024420 36.08  56.688448  66.087555   -100 -100.00 -100.00 -100.00
 202   103.288 56654.48153338  0.76  56.678246  66.086621  3.538 -100.00 -100.00 -100.00
 202   102.353 56654.48153397  0.61  56.684701  66.086432  3.242 -100.00 -100.00 -100.00
 209    95.354 56723.89103688  3.19  56.681592  66.085945  3.029 -100.00 -100.00 -100.00
 209    95.552 56723.89103747  3.31  56.688046  66.085756  3.075 -100.00 -100.00 -100.00
 210   103.079 56733.80668717  2.62  56.679989  66.085727  3.128 -100.00 -100.00 -100.00
 210   102.317 56733.80668776  2.58  56.686443  66.085538  3.937 -100.00 -100.00 -100.00
 211   102.670 56743.72233437  3.20  56.682164  66.087188  3.038 -100.00 -100.00 -100.00
 211   101.696 56743.72233496  3.45  56.688617  66.086998  3.406 -100.00 -100.00 -100.00
 212   102.841 56753.63797702  3.24  56.681922  66.089140  3.636 -100.00 -100.00 -100.00
 212   101.545 56753.63797761  3.64  56.688376  66.088951  4.566 -100.00 -100.00 -100.00
 213    29.047 56763.55361404 34.55  56.679068  66.090170   -100 -100.00 -100.00 -100.00
 213    29.047 56763.55361463 38.17  56.685523  66.089981   -100 -100.00 -100.00 -100.00
 215   111.936 56783.38490520 10.19  56.677822  66.088256 15.434 -100.00 -100.00 -100.00
 215    88.385 56783.38490579  4.85  56.684276  66.088067  8.989 -100.00 -100.00 -100.00
 216    98.784 56793.30055901  6.96  56.678119  66.087372  4.857 -100.00 -100.00 -100.00
 216    99.187 56793.30055960  5.59  56.684574  66.087183  4.152 -100.00 -100.00 -100.00
 217   101.305 56803.21620999  7.96  56.679175  66.087256  3.322 -100.00 -100.00 -100.00
 217   105.995 56803.21621058  7.23  56.685629  66.087066  2.733 -100.00 -100.00 -100.00
 218    98.847 56813.13185295  9.26  56.678344  66.087433  3.633 -100.00 -100.00 -100.00
 218    97.477 56813.13185354  8.62  56.684798  66.087243  4.372 -100.00 -100.00 -100.00
 219   100.102 56823.04749244  3.68  56.677882  66.087033  3.612 -100.00 -100.00 -100.00
 219    98.552 56823.04749303  2.93  56.684336  66.086844  3.363 -100.00 -100.00 -100.00
 220    88.463 56832.96312812 25.14  56.681148  66.086002   -100 -100.00 -100.00 -100.00
 220    88.462 56832.96312871 21.81  56.687601  66.085813   -100 -100.00 -100.00 -100.00
 221    96.004 56842.87875941 20.78  56.674059  66.085415 20.621 -100.00 -100.00 -100.00
 221    95.889 56842.87876000 20.52  56.680512  66.085226 25.486 -100.00 -100.00 -100.00
 221    95.843 56842.87876059 24.77  56.686965  66.085037   -100 -100.00 -100.00 -100.00
 228   101.509 56912.28829081  2.40  56.677470  66.087115  3.869 -100.00 -100.00 -100.00
 228   101.177 56912.28829140  1.78  56.683925  66.086925  2.731 -100.00 -100.00 -100.00
 229   102.012 56922.20393101  3.25  56.677257  66.088254  3.994 -100.00 -100.00 -100.00
 229   100.308 56922.20393160  2.55  56.683711  66.088065  3.326 -100.00 -100.00 -100.00
 230   100.060 56932.11956935  4.25  56.681551  66.089332  3.737 -100.00 -100.00 -100.00
 230    99.674 56932.11956994  3.30  56.688006  66.089142  3.453 -100.00 -100.00 -100.00
 231   114.111 56942.03520194 15.86  56.679893  66.089640 13.604 -100.00 -100.00 -100.00
 231   108.422 56942.03520253 18.51  56.686348  66.089451 18.915 -100.00 -100.00 -100.00
 232    29.809 56951.95084455 40.34  56.677931  66.089034 31.354  252.32  248.97  245.49
 232    30.292 56951.95084514 41.13  56.684386  66.088845 25.596  252.32  248.97  245.49
 233    30.369 56961.86649551 40.05  56.676835  66.088064   -100 -100.00 -100.00 -100.00
 233    30.451 56961.86649610 40.36  56.683289  66.087875   -100 -100.00 -100.00 -100.00
 235    30.593 56981.69778366 25.94  56.677273  66.087691 18.656 -100.00 -100.00 -100.00
 235    30.507 56981.69778425 27.88  56.683727  66.087501 26.212 -100.00 -100.00 -100.00
 236   102.599 56991.61342163  0.71  56.682153  66.087388  3.150  232.53  224.96  213.84
 236   101.563 56991.61342222  0.78  56.688607  66.087199  3.091  232.53  224.96  213.84
 238   103.721 57011.44471090  0.62  56.677407  66.085680  3.143 -100.00 -100.00 -100.00
 238   102.346 57011.44471149  0.99  56.683861  66.085491  3.960 -100.00 -100.00 -100.00
 238   101.271 57011.44471208  0.84  56.690316  66.085302  3.446 -100.00 -100.00 -100.00
 239   103.856 57021.36036239  0.88  56.675418  66.085160  3.255 -100.00 -100.00 -100.00
 239   102.501 57021.36036298  1.41  56.681873  66.084971  3.891 -100.00 -100.00 -100.00
 239   102.046 57021.36036357  0.74  56.688327  66.084781  3.452 -100.00 -100.00 -100.00
 244   103.321 57070.93857901  0.68  56.679256  66.086671  3.190  246.48  239.92  227.48
 244   102.520 57070.93857960  0.88  56.685709  66.086482  4.036  246.48  239.92  227.48
 245   103.050 57080.85421005  5.75  56.681923  66.086962  4.292 -100.00 -100.00 -100.00
 245   101.962 57080.85421064  5.49  56.688376  66.086773  3.536 -100.00 -100.00 -100.00
 247   102.169 57100.68550908  2.84  56.679420  66.089647  3.734 -100.00 -100.00 -100.00
 247   101.680 57100.68550967  2.48  56.685875  66.089458  3.350 -100.00 -100.00 -100.00
 250   102.681 57130.43245580  0.95  56.682216  66.087685  3.075  262.74  261.49  260.38
 250   101.786 57130.43245639  1.21  56.688670  66.087496  3.714  262.74  261.49  260.38
