# NaN NaN NaN ;Mean Elev.(m), Avg Gradient(m/km), RMS Gradient(m/km) - SRTM1     
#   23.616  -1.086   5.736 ;Mean Elev.(m), Avg Gradient(m/km), RMS Gradient(m/km) - ASTER GDEM
#   37.110  -0.501   4.658 ;Mean Elev.(m), Avg Gradient(m/km), RMS Gradient(m/km) - GMTED2010 
   1    31.769 54663.38819776 39.87  56.866953  65.983658   -100 -100.00 -100.00 -100.00
   1    31.904 54663.38819835 34.59  56.873353  65.983966   -100 -100.00 -100.00 -100.00
   2    76.088 54673.30384233  7.54  56.862927  65.984416 12.897 -100.00 -100.00 -100.00
   2    76.749 54673.30384292 10.00  56.869327  65.984724 16.904 -100.00 -100.00 -100.00
   2    77.100 54673.30384351  8.67  56.875728  65.985032 11.932 -100.00 -100.00 -100.00
   2    77.259 54673.30384410 11.71  56.882129  65.985340 15.370 -100.00 -100.00 -100.00
   2    77.387 54673.30384469 13.75  56.888530  65.985648 18.590 -100.00 -100.00 -100.00
   3     5.877 54683.21948532  8.77  56.857089  65.985450  2.823 -100.00 -100.00 -100.00
   3     6.424 54683.21948591  9.21  56.863489  65.985759  2.916 -100.00 -100.00 -100.00
   3     6.937 54683.21948650  9.40  56.869890  65.986067  2.854 -100.00 -100.00 -100.00
   3     7.426 54683.21948709 10.44  56.876292  65.986375  4.074 -100.00 -100.00 -100.00
   3     8.032 54683.21948768 10.04  56.882693  65.986683  3.312 -100.00 -100.00 -100.00
   3     8.568 54683.21948827 10.33  56.889094  65.986990  3.620 -100.00 -100.00 -100.00
   4    80.610 54693.13512609  7.63  56.841599  65.985290 11.025 -100.00 -100.00 -100.00
   4    76.390 54693.13512668 14.72  56.848000  65.985600 23.874 -100.00 -100.00 -100.00
   4    76.317 54693.13512727 14.23  56.854400  65.985909 19.501 -100.00 -100.00 -100.00
   4    78.100 54693.13512786 11.64  56.860801  65.986218 13.213 -100.00 -100.00 -100.00
   4    76.037 54693.13512845 14.46  56.867202  65.986526 24.146 -100.00 -100.00 -100.00
   4    76.908 54693.13512904 13.67  56.873603  65.986834 15.622 -100.00 -100.00 -100.00
   4    76.882 54693.13512963 17.62  56.880004  65.987142 29.508 -100.00 -100.00 -100.00
   4    77.366 54693.13513022 16.54  56.886405  65.987450 21.673 -100.00 -100.00 -100.00
   5     6.515 54703.05076731 16.30  56.858177  65.985248  8.594 -100.00 -100.00 -100.00
   5     7.356 54703.05076790 12.14  56.864578  65.985557  2.934 -100.00 -100.00 -100.00
   5     7.841 54703.05076849 12.28  56.870978  65.985865  2.954 -100.00 -100.00 -100.00
   5     8.154 54703.05076908 11.98  56.877379  65.986173  2.731 -100.00 -100.00 -100.00
   5     8.421 54703.05076967 12.20  56.883780  65.986481  2.916 -100.00 -100.00 -100.00
   5     8.642 54703.05077026 11.95  56.890181  65.986789  3.166 -100.00 -100.00 -100.00
   6    81.866 54712.96641762 23.86  56.870517  65.983894 12.750 -100.00 -100.00 -100.00
   6    82.111 54712.96641821 22.02  56.876917  65.984203 10.373 -100.00 -100.00 -100.00
   6    80.651 54712.96641880 26.28  56.883317  65.984511   -100 -100.00 -100.00 -100.00
   6    78.664 54712.96641939 25.29  56.889717  65.984818   -100 -100.00 -100.00 -100.00
   7    12.420 54722.88206873 16.43  56.874011  65.982421  3.386 -100.00 -100.00 -100.00
   7    12.408 54722.88206932 16.06  56.880411  65.982729  3.150 -100.00 -100.00 -100.00
   7    12.387 54722.88206991 15.90  56.886810  65.983036  2.842 -100.00 -100.00 -100.00
   7    12.333 54722.88207050 15.42  56.893210  65.983344  4.256 -100.00 -100.00 -100.00
   8    77.051 54732.79771755 10.42  56.878702  65.982181 11.674 -100.00 -100.00 -100.00
   8    76.359 54732.79771815 18.49  56.885102  65.982489   -100 -100.00 -100.00 -100.00
   8    76.731 54732.79771874 18.42  56.891501  65.982796 24.335 -100.00 -100.00 -100.00
   9    76.909 54742.71336393 15.86  56.872992  65.982991 11.542 -100.00 -100.00 -100.00
   9    77.228 54742.71336452 17.32  56.879392  65.983298 14.725 -100.00 -100.00 -100.00
   9    77.121 54742.71336511 21.38  56.885792  65.983606 23.617 -100.00 -100.00 -100.00
   9    77.385 54742.71336570 21.97  56.892193  65.983913 19.752 -100.00 -100.00 -100.00
  10    81.939 54752.62901052 20.87  56.872059  65.983859 22.069  252.80  251.73  252.70
  10    81.792 54752.62901111 17.06  56.878459  65.984167 12.862  252.80  251.73  252.70
  10    79.730 54752.62901170 26.01  56.884860  65.984474 30.846  252.80  251.73  252.70
  10    82.392 54752.62901229 25.83  56.891261  65.984781 16.935  252.80  251.73  252.70
  11    76.495 54762.54465651 18.65  56.868844  65.983467 13.307 -100.00 -100.00 -100.00
  11    76.902 54762.54465710 18.73  56.875244  65.983775 13.811 -100.00 -100.00 -100.00
  11    77.347 54762.54465769 21.24  56.881645  65.984083 14.132 -100.00 -100.00 -100.00
  11    77.436 54762.54465828 22.28  56.888046  65.984390 15.432 -100.00 -100.00 -100.00
  12    76.416 54772.46030075  6.88  56.873946  65.982149  8.625  251.29  250.12  251.30
  12    76.581 54772.46030134 10.32  56.880346  65.982456 13.198  251.29  250.12  251.30
  12    76.715 54772.46030193 13.96  56.886747  65.982764 22.256  251.29  250.12  251.30
  12    77.031 54772.46030253 15.07  56.893148  65.983071 20.429  251.29  250.12  251.30
  13    94.657 54782.37594223  9.99  56.880629  65.981219 16.595  251.20  252.04  254.79
  13    91.007 54782.37594282 19.93  56.887029  65.981527   -100  251.20  252.04  254.79
  13    95.118 54782.37594341 18.43  56.893430  65.981834 19.020  251.20  252.04  254.79
  14    79.439 54792.29158069 22.54  56.880896  65.981204 15.180 -100.00 -100.00 -100.00
  14    79.419 54792.29158128 25.83  56.887296  65.981512 17.610 -100.00 -100.00 -100.00
  14    78.886 54792.29158187 17.08  56.893697  65.981819   -100 -100.00 -100.00 -100.00
  17    31.992 54822.03849609 26.56  56.868368  65.983751 19.391 -100.00 -100.00 -100.00
  17    32.081 54822.03849668 27.25  56.874768  65.984059 20.369 -100.00 -100.00 -100.00
  17    32.119 54822.03849727 27.85  56.881169  65.984367 24.836 -100.00 -100.00 -100.00
  17    31.958 54822.03849786 28.40  56.887570  65.984675 28.004 -100.00 -100.00 -100.00
  18    32.015 54831.95414816 22.81  56.868961  65.983389 12.753 -100.00 -100.00 -100.00
  18    31.821 54831.95414876 22.32  56.875362  65.983697 11.276 -100.00 -100.00 -100.00
  18    31.840 54831.95414935 20.70  56.881763  65.984005  8.313 -100.00 -100.00 -100.00
  18    31.828 54831.95414994 20.33  56.888163  65.984313  8.040 -100.00 -100.00 -100.00
  19    31.636 54841.86978668 21.14  56.867832  65.983525 13.209  243.49  236.58  222.48
  19    31.655 54841.86978727 23.20  56.874233  65.983833 17.589  243.49  236.58  222.48
  19    31.753 54841.86978786 20.92  56.880633  65.984141 12.729  243.49  236.58  222.48
  19    31.975 54841.86978845 18.35  56.887034  65.984448  7.510  243.49  236.58  222.48
  20    32.289 54851.78543532 17.27  56.864173  65.984660  6.593 -100.00 -100.00 -100.00
  20    32.005 54851.78543591 18.69  56.870573  65.984968  7.490 -100.00 -100.00 -100.00
  20    31.826 54851.78543650 17.07  56.876974  65.985276  6.077 -100.00 -100.00 -100.00
  20    32.006 54851.78543709 16.86  56.883375  65.985584  6.516 -100.00 -100.00 -100.00
  20    32.108 54851.78543768 15.64  56.889776  65.985891  5.788 -100.00 -100.00 -100.00
  21    35.492 54861.70108193 16.15  56.842120  65.985370  4.524 -100.00 -100.00 -100.00
  21    33.086 54861.70108252 16.83  56.848521  65.985679  6.058 -100.00 -100.00 -100.00
  21    32.362 54861.70108311 16.73  56.854922  65.985987  6.143 -100.00 -100.00 -100.00
  21    31.937 54861.70108370 16.68  56.861323  65.986296  6.245 -100.00 -100.00 -100.00
  21    31.797 54861.70108429 17.24  56.867724  65.986604  7.030 -100.00 -100.00 -100.00
  21    31.406 54861.70108488 17.96  56.874125  65.986912  8.258 -100.00 -100.00 -100.00
  21    31.418 54861.70108547 18.79  56.880526  65.987219  9.702 -100.00 -100.00 -100.00
  21    31.502 54861.70108606 16.03  56.886928  65.987527  5.661 -100.00 -100.00 -100.00
  22    35.561 54871.61673022 14.03  56.838288  65.985987  3.144 -100.00 -100.00 -100.00
  22    35.425 54871.61673081 13.77  56.844689  65.986296  3.439 -100.00 -100.00 -100.00
  22    33.312 54871.61673140 14.49  56.851090  65.986605  4.893 -100.00 -100.00 -100.00
  22    32.419 54871.61673199 15.74  56.857491  65.986913  6.363 -100.00 -100.00 -100.00
  22    31.372 54871.61673258 18.30  56.863893  65.987222  9.818 -100.00 -100.00 -100.00
  22    31.521 54871.61673317 17.37  56.870294  65.987530  8.643 -100.00 -100.00 -100.00
  22    31.276 54871.61673376 23.12  56.876696  65.987837 19.387 -100.00 -100.00 -100.00
  22    31.470 54871.61673435 17.99  56.883098  65.988145  9.395 -100.00 -100.00 -100.00
  22    31.469 54871.61673494 19.69  56.889500  65.988452 12.656 -100.00 -100.00 -100.00
  23    34.244 54881.53237738 14.32  56.841117  65.984840  3.308 -100.00 -100.00 -100.00
  23    32.799 54881.53237915 14.60  56.860320  65.985766  3.404 -100.00 -100.00 -100.00
  23    32.493 54881.53237974 14.78  56.866721  65.986074  3.932 -100.00 -100.00 -100.00
  23    31.931 54881.53238033 15.69  56.873123  65.986382  4.846 -100.00 -100.00 -100.00
  23    31.634 54881.53238092 18.67  56.879524  65.986690  7.672 -100.00 -100.00 -100.00
  23    31.554 54881.53238151 15.11  56.885926  65.986997  4.801 -100.00 -100.00 -100.00
  24    32.359 54891.44802383 14.61  56.872212  65.983646  5.232 -100.00 -100.00 -100.00
  24    31.703 54891.44802442 15.36  56.878613  65.983954  5.606 -100.00 -100.00 -100.00
  24    31.707 54891.44802501 14.97  56.885014  65.984261  5.671 -100.00 -100.00 -100.00
  24    31.714 54891.44802560 14.18  56.891416  65.984568  4.357 -100.00 -100.00 -100.00
  25    31.851 54901.36366505 16.41  56.877987  65.981775  5.564  251.91  243.98  224.50
  25    31.571 54901.36366564 16.16  56.884388  65.982083  5.605  251.91  243.98  224.50
  25    31.572 54901.36366623 15.86  56.890789  65.982390  5.048  251.91  243.98  224.50
  26    31.023 54911.27930410 20.03  56.878551  65.981997 10.355 -100.00 -100.00 -100.00
  26    31.218 54911.27930469 18.62  56.884951  65.982304  8.409 -100.00 -100.00 -100.00
  26    31.055 54911.27930528 18.06  56.891352  65.982612  7.697 -100.00 -100.00 -100.00
  27    32.000 54921.19494149 16.63  56.873021  65.983381  6.546 -100.00 -100.00 -100.00
  27    32.565 54921.19494208 15.90  56.879422  65.983689  5.136 -100.00 -100.00 -100.00
  27    32.581 54921.19494268 15.40  56.885823  65.983996  4.291 -100.00 -100.00 -100.00
  27    32.707 54921.19494327 15.06  56.892224  65.984303  4.190 -100.00 -100.00 -100.00
  28    35.988 54931.11057848 13.89  56.869787  65.984272  2.381  242.32  233.71  218.19
  28    35.483 54931.11057907 14.07  56.876188  65.984580  2.501  242.32  233.71  218.19
  28    35.974 54931.11057966 14.13  56.882589  65.984887  3.119  242.32  233.71  218.19
  28    34.593 54931.11058025 14.26  56.888990  65.985195  3.416  242.32  233.71  218.19
  29    33.851 54941.02621421 12.06  56.868624  65.983215  3.115 -100.00 -100.00 -100.00
  29    33.835 54941.02621480 11.94  56.875025  65.983523  3.186 -100.00 -100.00 -100.00
  29    35.173 54941.02621539 12.09  56.881425  65.983831  3.812 -100.00 -100.00 -100.00
  29    34.685 54941.02621598 11.71  56.887825  65.984138  3.415 -100.00 -100.00 -100.00
  30    35.045 54950.94184945 13.43  56.880442  65.981649  3.521  230.00  219.32  205.81
  30    35.747 54950.94185004 13.26  56.886842  65.981957  3.153  230.00  219.32  205.81
  30    34.285 54950.94185063 13.15  56.893242  65.982264  3.119  230.00  219.32  205.81
  31    31.281 54960.85748986 26.86  56.879245  65.980134 32.764  266.55  264.44  260.72
  31    31.328 54960.85749045 28.78  56.885644  65.980442   -100  266.55  264.44  260.72
  31    31.250 54960.85749104 27.61  56.892043  65.980749   -100  266.55  264.44  260.72
  31    31.133 54960.85749163 22.77  56.898443  65.981056 21.093  266.55  264.44  260.72
  32    35.656 54970.77313858 37.84  56.879783  65.980968   -100 -100.00 -100.00 -100.00
  32    35.548 54970.77313917 36.40  56.886182  65.981276   -100 -100.00 -100.00 -100.00
  32    35.516 54970.77313976 36.03  56.892582  65.981583   -100 -100.00 -100.00 -100.00
  33    76.318 54980.68878577 30.55  56.876048  65.982694 29.070 -100.00 -100.00 -100.00
  33    76.922 54980.68878636 28.60  56.882447  65.983002 18.534 -100.00 -100.00 -100.00
  33    77.170 54980.68878695 28.90  56.888847  65.983309 17.824 -100.00 -100.00 -100.00
  34    75.984 54990.60443217 23.71  56.866860  65.983888 17.521 -100.00 -100.00 -100.00
  34    76.552 54990.60443276 24.54  56.873260  65.984196 17.598 -100.00 -100.00 -100.00
  34    76.992 54990.60443335 25.95  56.879660  65.984504 17.390 -100.00 -100.00 -100.00
  34    77.334 54990.60443394 27.42  56.886061  65.984811 22.931 -100.00 -100.00 -100.00
  34    77.479 54990.60443453 27.40  56.892461  65.985119 17.824 -100.00 -100.00 -100.00
  35    83.913 55000.52007925 14.21  56.867832  65.984136 14.482 -100.00 -100.00 -100.00
  35    76.730 55000.52007984 15.49  56.874232  65.984444 14.552 -100.00 -100.00 -100.00
  35    87.192 55000.52008043 14.26  56.880633  65.984751 10.023 -100.00 -100.00 -100.00
  35    78.151 55000.52008102 14.49  56.887033  65.985059  8.724 -100.00 -100.00 -100.00
  36    76.179 55010.43572455 12.34  56.868947  65.983936 16.477 -100.00 -100.00 -100.00
  36    77.067 55010.43572514 10.70  56.875348  65.984244  9.656 -100.00 -100.00 -100.00
  36    77.029 55010.43572573 12.87  56.881749  65.984552 13.392 -100.00 -100.00 -100.00
  36    77.380 55010.43572633 14.26  56.888149  65.984859 13.913 -100.00 -100.00 -100.00
  37    76.509 55020.35136807  9.42  56.867742  65.983627 10.837  267.05  267.22  267.22
  37    76.711 55020.35136866 11.39  56.874142  65.983935 15.348  267.05  267.22  267.22
  37    76.835 55020.35136925 10.40  56.880543  65.984242 12.309  267.05  267.22  267.22
  37    76.546 55020.35136984 13.83  56.886944  65.984550 17.793  267.05  267.22  267.22
  38    76.496 55030.26701046 14.02  56.866890  65.984572 11.628  267.11  268.20  267.58
  38    76.706 55030.26701105 17.17  56.873291  65.984880 19.758  267.11  268.20  267.58
  38    77.090 55030.26701164 18.22  56.879692  65.985188 20.838  267.11  268.20  267.58
  38    77.322 55030.26701223 19.43  56.886093  65.985495 21.378  267.11  268.20  267.58
  39    31.441 55040.18265153 37.08  56.858676  65.985522   -100 -100.00 -100.00 -100.00
  39    31.125 55040.18265212 32.04  56.865077  65.985830   -100 -100.00 -100.00 -100.00
  39    31.303 55040.18265271 29.38  56.871478  65.986138   -100 -100.00 -100.00 -100.00
  39    31.222 55040.18265330 29.08  56.877879  65.986446 31.147 -100.00 -100.00 -100.00
  39    31.368 55040.18265389 27.68  56.884280  65.986754 25.538 -100.00 -100.00 -100.00
  39    31.316 55040.18265448 26.87  56.890682  65.987061 24.039 -100.00 -100.00 -100.00
  40    30.579 55050.09829047 38.39  56.842685  65.985366   -100 -100.00 -100.00 -100.00
  40    30.544 55050.09829106 40.03  56.849086  65.985675  6.993 -100.00 -100.00 -100.00
  40    30.905 55050.09829165 36.84  56.855486  65.985984  0.686 -100.00 -100.00 -100.00
  40    30.518 55050.09829224 34.19  56.861887  65.986293   -100 -100.00 -100.00 -100.00
  40    30.795 55050.09829283 28.54  56.868288  65.986601 27.386 -100.00 -100.00 -100.00
  40    30.683 55050.09829342 28.80  56.874689  65.986909   -100 -100.00 -100.00 -100.00
  40    30.630 55050.09829401 28.24  56.881090  65.987217 30.007 -100.00 -100.00 -100.00
  40    30.627 55050.09829460 26.68  56.887491  65.987525 24.431 -100.00 -100.00 -100.00
  41    30.460 55060.01393023 41.91  56.859316  65.984780 31.409 -100.00 -100.00 -100.00
  41    30.336 55060.01393082 38.54  56.865716  65.985089  5.727 -100.00 -100.00 -100.00
  41    30.259 55060.01393141 34.93  56.872116  65.985397   -100 -100.00 -100.00 -100.00
  41    30.533 55060.01393200 30.47  56.878517  65.985706 30.733 -100.00 -100.00 -100.00
  41    30.628 55060.01393259 28.28  56.884918  65.986013 23.510 -100.00 -100.00 -100.00
  41    30.704 55060.01393318 27.33  56.891318  65.986321 19.099 -100.00 -100.00 -100.00
  42    30.870 55069.92957208 44.28  56.873273  65.982798   -100 -100.00 -100.00 -100.00
  42    30.792 55069.92957267 37.54  56.879673  65.983106   -100 -100.00 -100.00 -100.00
  42    30.924 55069.92957326 47.18  56.886073  65.983414  2.286 -100.00 -100.00 -100.00
  42    30.648 55069.92957385 40.06  56.892473  65.983721  8.039 -100.00 -100.00 -100.00
  43    30.860 55079.84522190 41.06  56.878542  65.980954 26.433 -100.00 -100.00 -100.00
  43    30.922 55079.84522249 35.05  56.884941  65.981262   -100 -100.00 -100.00 -100.00
  43    30.714 55079.84522308 32.04  56.891340  65.981569   -100 -100.00 -100.00 -100.00
  44    31.026 55089.76086928 30.38  56.877567  65.980970   -100 -100.00 -100.00 -100.00
  44    31.069 55089.76086987 28.59  56.883966  65.981278 27.859 -100.00 -100.00 -100.00
  44    31.078 55089.76087046 26.85  56.890366  65.981585 24.554 -100.00 -100.00 -100.00
  44    31.027 55089.76087105 24.45  56.896765  65.981892 16.954 -100.00 -100.00 -100.00
  45    31.686 55099.67651519 28.89  56.872208  65.982548 24.492  256.90  256.53  256.97
  45    31.522 55099.67651578 26.65  56.878608  65.982856 18.113  256.90  256.53  256.97
  45    31.739 55099.67651637 24.31  56.885008  65.983163 13.097 -100.00 -100.00 -100.00
  45    32.114 55099.67651696 22.44  56.891409  65.983471  8.341 -100.00 -100.00 -100.00
  46    31.906 55109.59216089 31.07  56.870096  65.984192   -100 -100.00 -100.00 -100.00
  46    32.194 55109.59216148 28.02  56.876496  65.984500 21.663 -100.00 -100.00 -100.00
  46    32.093 55109.59216207 25.48  56.882897  65.984807 14.367 -100.00 -100.00 -100.00
  46    32.164 55109.59216266 24.02  56.889298  65.985115 10.667 -100.00 -100.00 -100.00
  47    32.036 55119.50780546 35.10  56.871907  65.983909   -100 -100.00 -100.00 -100.00
  47    32.199 55119.50780605 30.84  56.878308  65.984217 28.599 -100.00 -100.00 -100.00
  47    32.343 55119.50780664 26.81  56.884709  65.984525 17.965 -100.00 -100.00 -100.00
  47    32.259 55119.50780723 27.73  56.891110  65.984832 19.532 -100.00 -100.00 -100.00
  48    31.477 55129.42344775 50.41  56.876877  65.981949   -100 -100.00 -100.00 -100.00
  48    31.429 55129.42344834 49.68  56.883277  65.982256   -100 -100.00 -100.00 -100.00
  48    31.544 55129.42344893 49.35  56.889678  65.982564 12.245 -100.00 -100.00 -100.00
  49    31.411 55139.33908802 44.26  56.881939  65.980247   -100 -100.00 -100.00 -100.00
  49    31.773 55139.33908861 43.93  56.888340  65.980554 30.036 -100.00 -100.00 -100.00
  49    31.127 55139.33908920 47.37  56.894740  65.980861 12.096 -100.00 -100.00 -100.00
  50    31.400 55149.25472654 41.12  56.880762  65.980534   -100 -100.00 -100.00 -100.00
  50    31.429 55149.25472713 41.66  56.887162  65.980842   -100 -100.00 -100.00 -100.00
  50    31.260 55149.25472772 45.48  56.893563  65.981149   -100 -100.00 -100.00 -100.00
  51    32.136 55159.17036431 42.04  56.874804  65.982481 28.658 -100.00 -100.00 -100.00
  51    31.823 55159.17036490 45.15  56.881204  65.982788   -100 -100.00 -100.00 -100.00
  51    31.544 55159.17036549 49.61  56.887605  65.983096   -100 -100.00 -100.00 -100.00
  51    31.621 55159.17036608 41.86  56.894006  65.983403  6.222 -100.00 -100.00 -100.00
  52    31.085 55169.08600169 35.15  56.868167  65.984178   -100 -100.00 -100.00 -100.00
  52    31.199 55169.08600228 33.76  56.874568  65.984486 31.187 -100.00 -100.00 -100.00
  52    31.275 55169.08600287 33.02  56.880969  65.984794 27.081 -100.00 -100.00 -100.00
  52    31.059 55169.08600346 32.62  56.887370  65.985101 28.237 -100.00 -100.00 -100.00
  53    31.954 55179.00163810 24.89  56.862352  65.984355 10.570  246.96  241.21  231.53
  53    31.824 55179.00163869 24.92  56.868753  65.984664 11.542  246.96  241.21  231.53
  53    31.366 55179.00163928 24.71  56.875154  65.984972 11.654  246.96  241.21  231.53
  53    30.941 55179.00163987 26.65  56.881555  65.985280 15.739  246.96  241.21  231.53
  53    30.964 55179.00164046 25.53  56.887956  65.985588 14.089 -100.00 -100.00 -100.00
  54    34.041 55188.91728490 19.00  56.871686  65.983972  5.015 -100.00 -100.00 -100.00
  54    31.375 55188.91728549 20.43  56.878086  65.984280  8.040 -100.00 -100.00 -100.00
  54    31.222 55188.91728608 19.52  56.884487  65.984588  6.914 -100.00 -100.00 -100.00
  54    31.058 55188.91728667 18.46  56.890888  65.984895  5.171 -100.00 -100.00 -100.00
  55    32.222 55198.83293535 18.02  56.870090  65.983726  4.692 -100.00 -100.00 -100.00
  55    31.652 55198.83293594 19.09  56.876490  65.984034  7.223 -100.00 -100.00 -100.00
  55    31.266 55198.83293653 18.65  56.882891  65.984342  5.597 -100.00 -100.00 -100.00
  55    31.060 55198.83293712 18.31  56.889291  65.984649  5.526 -100.00 -100.00 -100.00
  56    32.815 55208.74858437 17.93  56.861957  65.984281  5.180  253.35  246.86  231.70
  56    32.444 55208.74858496 18.23  56.868358  65.984589  6.483  253.35  246.86  231.70
  56    31.793 55208.74858555 17.71  56.874758  65.984897  4.826  253.35  246.86  231.70
  56    31.225 55208.74858614 18.41  56.881159  65.985205  6.170  253.35  246.86  231.70
  56    32.731 55208.74858673 16.91  56.887560  65.985512  4.623  253.35  246.86  231.70
  57    32.914 55218.66423200 19.47  56.844072  65.984834  6.459 -100.00 -100.00 -100.00
  57    32.511 55218.66423318 19.81  56.856873  65.985452  7.165 -100.00 -100.00 -100.00
  57    32.376 55218.66423377 19.18  56.863274  65.985760  7.147 -100.00 -100.00 -100.00
  57    31.966 55218.66423436 18.43  56.869675  65.986068  5.646 -100.00 -100.00 -100.00
  57    31.313 55218.66423495 18.50  56.876076  65.986376  6.237 -100.00 -100.00 -100.00
  57    31.148 55218.66423554 18.16  56.882477  65.986684  5.799 -100.00 -100.00 -100.00
  57    31.054 55218.66423613 17.83  56.888879  65.986991  5.285 -100.00 -100.00 -100.00
  58    33.852 55228.57988014 20.54  56.840622  65.984851  9.288 -100.00 -100.00 -100.00
  58    32.343 55228.57988191 19.73  56.859825  65.985778  8.068 -100.00 -100.00 -100.00
  58    32.211 55228.57988250 18.80  56.866226  65.986086  7.535 -100.00 -100.00 -100.00
  58    31.519 55228.57988309 19.53  56.872627  65.986394  8.527 -100.00 -100.00 -100.00
  58    31.195 55228.57988368 19.06  56.879029  65.986702  8.187 -100.00 -100.00 -100.00
  58    31.164 55228.57988427 18.16  56.885430  65.987009  6.142 -100.00 -100.00 -100.00
  59    32.278 55238.49552777 19.75  56.865351  65.984672  9.331 -100.00 -100.00 -100.00
  59    31.667 55238.49552836 18.46  56.871752  65.984980  7.732 -100.00 -100.00 -100.00
  59    31.438 55238.49552895 17.81  56.878153  65.985288  6.886 -100.00 -100.00 -100.00
  59    31.186 55238.49552954 18.21  56.884555  65.985596  6.846 -100.00 -100.00 -100.00
  59    31.411 55238.49553013 17.42  56.890957  65.985903  5.727 -100.00 -100.00 -100.00
  60    33.732 55248.41117046 17.29  56.875404  65.982712  4.538 -100.00 -100.00 -100.00
  60    33.187 55248.41117105 17.43  56.881805  65.983019  4.787 -100.00 -100.00 -100.00
  60    33.009 55248.41117164 16.95  56.888206  65.983327  4.392 -100.00 -100.00 -100.00
  61    32.092 55258.32681020 16.04  56.879330  65.981236  4.218  253.97  244.99  222.37
  61    32.842 55258.32681079 15.92  56.885731  65.981544  4.263  253.97  244.99  222.37
  61    32.459 55258.32681138 16.15  56.892131  65.981851  4.865  253.97  244.99  222.37
  62    32.033 55268.24244873 16.63  56.878052  65.981334  5.884  250.98  239.38  215.68
  62    31.581 55268.24244932 16.64  56.884453  65.981642  5.404  250.98  239.38  215.68
  62    32.970 55268.24244991 16.03  56.890853  65.981949  4.996  250.98  239.38  215.68
  63    31.958 55278.15808688 14.58  56.876294  65.982811  3.772  251.58  240.28  217.18
  63    32.862 55278.15808747 14.77  56.882694  65.983119  3.680  251.58  240.28  217.18
  63    32.777 55278.15808806 14.72  56.889095  65.983426  4.014  251.58  240.28  217.18
  64    37.568 55288.07372312 11.20  56.867504  65.983383  2.378 -100.00 -100.00 -100.00
  64    36.260 55288.07372371 11.01  56.873904  65.983692  1.995 -100.00 -100.00 -100.00
  64    36.533 55288.07372430 11.08  56.880305  65.983999  2.279 -100.00 -100.00 -100.00
  64    37.226 55288.07372489 10.96  56.886705  65.984307  1.960 -100.00 -100.00 -100.00
  65    31.957 55297.98935816 13.48  56.871896  65.983124  6.054  246.88  238.60  223.54
  65    31.606 55297.98935875 13.96  56.878296  65.983432  6.685  246.88  238.60  223.54
  65    31.701 55297.98935934 12.67  56.884697  65.983740  5.197  246.88  238.60  223.54
  65    31.226 55297.98935993 12.57  56.891097  65.984047  5.453  246.88  238.60  223.54
  66    31.092 55307.90500101 25.82  56.877722  65.981612 30.548  263.24  258.66  249.14
  66    31.006 55307.90500160 24.13  56.884121  65.981920 25.158  263.24  258.66  249.14
  66    31.021 55307.90500219 20.83  56.890521  65.982228 15.065  263.24  258.66  249.14
  67    85.259 55317.82064740 15.38  56.878776  65.980405 11.194 -100.00 -100.00 -100.00
  67    88.792 55317.82064799 23.84  56.885175  65.980713  9.124 -100.00 -100.00 -100.00
  67    86.149 55317.82064858 22.90  56.891575  65.981020  9.295 -100.00 -100.00 -100.00
  67    84.966 55317.82064917 30.10  56.897974  65.981327 22.362 -100.00 -100.00 -100.00
  68    83.605 55327.73629257 23.75  56.877799  65.980801 12.638 -100.00 -100.00 -100.00
  68    85.464 55327.73629316 26.21  56.884198  65.981108 14.027 -100.00 -100.00 -100.00
  68    85.086 55327.73629375 27.12  56.890597  65.981416 15.490 -100.00 -100.00 -100.00
  68    83.232 55327.73629434 27.59  56.896997  65.981723 11.175 -100.00 -100.00 -100.00
  69    77.039 55337.65193682 16.41  56.874479  65.982601 11.595  244.40  243.51  243.98
  69    76.891 55337.65193741 18.80  56.880879  65.982909 15.404  244.40  243.51  243.98
  69    77.017 55337.65193800 20.87  56.887279  65.983216 17.473 -100.00 -100.00 -100.00
  69    77.228 55337.65193859 24.51  56.893679  65.983523 25.296 -100.00 -100.00 -100.00
  70    76.438 55347.56758046 12.99  56.869544  65.984253 12.195 -100.00 -100.00 -100.00
  70    76.429 55347.56758105 17.35  56.875944  65.984561 21.666 -100.00 -100.00 -100.00
  70    77.185 55347.56758164 17.27  56.882345  65.984869 18.150 -100.00 -100.00 -100.00
  70    77.589 55347.56758223 16.56  56.888745  65.985176 15.055 -100.00 -100.00 -100.00
  71    76.161 55357.48322205 18.48  56.860470  65.984502 13.695 -100.00 -100.00 -100.00
  71    76.486 55357.48322264 19.74  56.866870  65.984810 16.229 -100.00 -100.00 -100.00
  71    77.040 55357.48322323 19.80  56.873270  65.985118 12.926 -100.00 -100.00 -100.00
  71    77.082 55357.48322382 22.31  56.879671  65.985426 15.332 -100.00 -100.00 -100.00
  71    77.390 55357.48322441 23.65  56.886072  65.985734 19.618 -100.00 -100.00 -100.00
  72    76.541 55367.39886293 17.23  56.866202  65.984506 14.308 -100.00 -100.00 -100.00
  72    77.069 55367.39886352 16.80  56.872603  65.984814 11.171 -100.00 -100.00 -100.00
  72    77.209 55367.39886411 19.35  56.879004  65.985122 17.123 -100.00 -100.00 -100.00
  72    77.661 55367.39886471 21.21  56.885404  65.985430 17.184 -100.00 -100.00 -100.00
  72    77.634 55367.39886530 23.33  56.891806  65.985737 22.973 -100.00 -100.00 -100.00
  73    76.237 55377.31450176 12.85  56.865526  65.984043 12.559  259.73  259.45  260.23
  73    76.715 55377.31450235 14.50  56.871926  65.984352 14.803  259.73  259.45  260.23
  73    77.061 55377.31450294 16.61  56.878327  65.984660 17.654  259.73  259.45  260.23
  73    77.991 55377.31450353 15.88  56.884728  65.984967 13.218  259.73  259.45  260.23
  73    77.387 55377.31450412 18.78  56.891129  65.985275 16.953  259.73  259.45  260.23
  74    75.850 55387.23013958 11.61  56.863085  65.984136 26.926  264.06  264.29  264.06
  74    76.589 55387.23014017 10.21  56.869486  65.984444 15.114  264.06  264.29  264.06
  74    96.953 55387.23014076 12.84  56.875886  65.984752  9.245  264.06  264.29  264.06
  74   105.350 55387.23014135 18.75  56.882287  65.985060  6.959  264.06  264.29  264.06
  74   101.510 55387.23014194 19.91  56.888688  65.985368  6.957  264.06  264.29  264.06
  75    31.507 55397.14577646 35.35  56.860292  65.984472   -100 -100.00 -100.00 -100.00
  75    31.389 55397.14577705 32.98  56.866692  65.984780 27.057 -100.00 -100.00 -100.00
  75    31.328 55397.14577764 32.14  56.873093  65.985089 25.488 -100.00 -100.00 -100.00
  75    31.510 55397.14577823 31.67  56.879494  65.985397 20.490 -100.00 -100.00 -100.00
  75    31.618 55397.14577882 35.36  56.885894  65.985704   -100 -100.00 -100.00 -100.00
  76    31.409 55407.06141955 32.06  56.862279  65.984478 24.910 -100.00 -100.00 -100.00
  76    31.374 55407.06142014 30.49  56.868679  65.984787 19.317 -100.00 -100.00 -100.00
  76    31.139 55407.06142073 31.34  56.875079  65.985095 23.984 -100.00 -100.00 -100.00
  76    30.944 55407.06142132 31.41  56.881480  65.985403 24.314 -100.00 -100.00 -100.00
  76    31.519 55407.06142191 29.90  56.887880  65.985711 17.558 -100.00 -100.00 -100.00
  77    30.726 55416.97707141 36.50  56.870522  65.983774   -100 -100.00 -100.00 -100.00
  77    30.608 55416.97707200 34.59  56.876921  65.984082   -100 -100.00 -100.00 -100.00
  77    30.578 55416.97707259 34.45  56.883321  65.984390   -100 -100.00 -100.00 -100.00
  77    31.031 55416.97707318 37.15  56.889722  65.984698   -100 -100.00 -100.00 -100.00
  78    77.471 55426.89271930 11.67  56.873149  65.982013 11.572  257.92  257.33  257.21
  78    76.795 55426.89271989 16.65  56.879548  65.982321 26.273  257.92  257.33  257.21
  78    76.394 55426.89272048 21.49  56.885948  65.982628   -100  257.92  257.33  257.21
  78    77.275 55426.89272107 20.58  56.892348  65.982935 25.046 -100.00 -100.00 -100.00
  79    79.018 55436.80836462 22.04  56.876762  65.981041 20.995 -100.00 -100.00 -100.00
  79    77.090 55436.80836521 19.63  56.883162  65.981348 23.989 -100.00 -100.00 -100.00
  79    76.953 55436.80836580 22.78  56.889561  65.981656 29.297 -100.00 -100.00 -100.00
  79    80.026 55436.80836639 20.78  56.895960  65.981963 19.411 -100.00 -100.00 -100.00
  80    76.657 55446.72400855 18.12  56.879061  65.981458 21.083  258.87  259.19  259.95
  80    77.410 55446.72400914 18.14  56.885461  65.981765 15.495  258.87  259.19  259.95
  80    77.074 55446.72400973 22.50  56.891860  65.982072 30.023  258.87  259.19  259.95
  81    76.892 55456.63965132 14.58  56.873473  65.982394  9.072  256.02  256.08  256.65
  81    76.982 55456.63965191 17.44  56.879873  65.982701 13.043  256.02  256.08  256.65
  81    77.086 55456.63965250 19.83  56.886273  65.983009 19.127 -100.00 -100.00 -100.00
  81    77.164 55456.63965309 23.26  56.892673  65.983316 26.348 -100.00 -100.00 -100.00
  82    76.487 55466.55529343 17.52  56.868279  65.983104 13.021  251.48  251.01  253.00
  82    76.809 55466.55529402 21.17  56.874679  65.983412 22.543  251.48  251.01  253.00
  82    77.023 55466.55529461 20.25  56.881080  65.983719 14.191  251.48  251.01  253.00
  82    77.614 55466.55529520 20.89  56.887480  65.984027 13.177  251.48  251.01  253.00
  83    76.560 55476.47093321 16.84  56.872402  65.982837 12.960  257.47  257.63  258.91
  83    77.032 55476.47093380 18.61  56.878803  65.983145 17.320  257.47  257.63  258.91
  83    77.351 55476.47093439 18.49  56.885203  65.983453 13.160  257.47  257.63  258.91
  83    77.446 55476.47093498 22.26  56.891604  65.983760 19.236 -100.00 -100.00 -100.00
  84    76.827 55486.38656967 18.80  56.875300  65.981536 15.900 -100.00 -100.00 -100.00
  84    77.158 55486.38657026 20.46  56.881701  65.981844 17.997 -100.00 -100.00 -100.00
  84    77.040 55486.38657085 22.34  56.888101  65.982151 23.174 -100.00 -100.00 -100.00
  84    76.777 55486.38657144 26.92  56.894502  65.982459   -100 -100.00 -100.00 -100.00
  85    76.921 55496.30220424 22.56  56.881293  65.980647 17.950  249.21  249.02  251.07
  85    77.436 55496.30220483 23.67  56.887694  65.980955 19.865  249.21  249.02  251.07
  85    77.529 55496.30220542 25.02  56.894094  65.981262 21.002  249.21  249.02  251.07
  86    79.533 55506.21783977 25.62  56.882829  65.981337   -100  251.31  251.42  253.49
  86    79.556 55506.21784036 20.92  56.889229  65.981644 17.743  251.31  251.42  253.49
  86    79.251 55506.21784095 20.49  56.895630  65.981952 18.183  251.31  251.42  253.49
  87    32.720 55516.13348930 43.25  56.871724  65.982592   -100 -100.00 -100.00 -100.00
  87    32.705 55516.13348989 43.44  56.878124  65.982900   -100 -100.00 -100.00 -100.00
  87    32.794 55516.13349048 46.72  56.884525  65.983208   -100 -100.00 -100.00 -100.00
  87    32.461 55516.13349107 46.11  56.890926  65.983516  6.524 -100.00 -100.00 -100.00
  88    32.654 55526.04913861 43.43  56.868218  65.984111   -100 -100.00 -100.00 -100.00
  88    32.764 55526.04913920 47.37  56.874618  65.984419   -100 -100.00 -100.00 -100.00
  88    32.891 55526.04913979 46.34  56.881019  65.984727   -100 -100.00 -100.00 -100.00
  88    32.599 55526.04914038 48.11  56.887420  65.985035   -100 -100.00 -100.00 -100.00
  89    32.310 55535.96478570 33.67  56.862732  65.984505   -100 -100.00 -100.00 -100.00
  89    32.529 55535.96478629 33.55  56.869133  65.984813 29.857 -100.00 -100.00 -100.00
  89    32.345 55535.96478688 34.33  56.875534  65.985122   -100 -100.00 -100.00 -100.00
  89    32.408 55535.96478747 33.66  56.881935  65.985429   -100 -100.00 -100.00 -100.00
  89    32.207 55535.96478806 34.18  56.888336  65.985737   -100 -100.00 -100.00 -100.00
  90    32.396 55545.88043134 25.44  56.864925  65.984507 12.160 -100.00 -100.00 -100.00
  90    32.418 55545.88043193 26.92  56.871326  65.984816 16.560 -100.00 -100.00 -100.00
  90    32.536 55545.88043253 25.21  56.877726  65.985123 12.255 -100.00 -100.00 -100.00
  90    32.408 55545.88043312 24.83  56.884127  65.985431 11.636 -100.00 -100.00 -100.00
  90    32.459 55545.88043371 22.53  56.890528  65.985739  6.655 -100.00 -100.00 -100.00
  91    32.514 55555.79607490 21.53  56.864188  65.984516  6.745 -100.00 -100.00 -100.00
  91    32.219 55555.79607549 22.93  56.870588  65.984825  9.116 -100.00 -100.00 -100.00
  91    32.247 55555.79607608 21.94  56.876989  65.985132  8.837 -100.00 -100.00 -100.00
  91    32.249 55555.79607667 21.90  56.883390  65.985440  7.585 -100.00 -100.00 -100.00
  91    32.322 55555.79607726 20.91  56.889791  65.985747  6.377 -100.00 -100.00 -100.00
  92    34.720 55565.71171747 20.24  56.862333  65.984855  7.096 -100.00 -100.00 -100.00
  92    31.867 55565.71171806 21.54  56.868734  65.985163  9.727 -100.00 -100.00 -100.00
  92    31.740 55565.71171865 25.11  56.875135  65.985471 16.731 -100.00 -100.00 -100.00
  92    31.885 55565.71171924 20.41  56.881536  65.985778  7.921 -100.00 -100.00 -100.00
  92    32.946 55565.71171983 17.81  56.887937  65.986086  4.691 -100.00 -100.00 -100.00
  93    32.690 55575.62735956 19.90  56.862046  65.984814  6.833  255.92  252.51  242.92
  93    32.171 55575.62736015 19.49  56.868447  65.985122  6.561  255.92  252.51  242.92
  93    31.940 55575.62736074 19.99  56.874848  65.985430  6.853  255.92  252.51  242.92
  93    31.610 55575.62736133 20.00  56.881249  65.985738  7.367  255.92  252.51  242.92
  93    32.772 55575.62736192 18.72  56.887651  65.986045  5.243  255.92  252.51  242.92
  94    32.157 55585.54300068 19.72  56.870056  65.984084  7.717 -100.00 -100.00 -100.00
  94    31.801 55585.54300127 19.88  56.876457  65.984392  7.937 -100.00 -100.00 -100.00
  94    31.680 55585.54300186 19.90  56.882858  65.984700  7.049 -100.00 -100.00 -100.00
  94    31.915 55585.54300245 19.66  56.889259  65.985008  7.803 -100.00 -100.00 -100.00
  95    34.395 55595.45863826 18.35  56.875585  65.982646  6.071 -100.00 -100.00 -100.00
  95    33.605 55595.45863885 19.70  56.881986  65.982954  7.711 -100.00 -100.00 -100.00
  95    32.541 55595.45863944 19.02  56.888387  65.983262  6.936 -100.00 -100.00 -100.00
  96    32.424 55605.37427225 18.33  56.876732  65.981422  5.480 -100.00 -100.00 -100.00
  96    32.198 55605.37427284 18.60  56.883133  65.981730  5.860 -100.00 -100.00 -100.00
  96    32.112 55605.37427343 18.10  56.889534  65.982037  4.851 -100.00 -100.00 -100.00
  96    32.487 55605.37427402 17.91  56.895935  65.982345  4.874 -100.00 -100.00 -100.00
  97    33.860 55615.28990409 18.03  56.877184  65.981155  5.764  252.17  244.96  226.27
  97    32.065 55615.28990468 17.91  56.883585  65.981463  5.134  252.17  244.96  226.27
  97    32.534 55615.28990527 17.40  56.889985  65.981770  5.240  252.17  244.96  226.27
  97    32.965 55615.28990586 17.12  56.896386  65.982078  4.397  252.17  244.96  226.27
  98    32.226 55625.20554452 16.99  56.876874  65.981873  5.684  254.97  247.43  229.81
  98    33.777 55625.20554511 16.70  56.883275  65.982181  5.108  254.97  247.43  229.81
  98    32.782 55625.20554570 16.58  56.889675  65.982488  5.326  254.97  247.43  229.81
  99    32.154 55635.12119634 19.28  56.871820  65.982331  8.597 -100.00 -100.00 -100.00
  99    31.720 55635.12119693 19.18  56.878220  65.982639  8.656 -100.00 -100.00 -100.00
  99    31.553 55635.12119752 18.15  56.884621  65.982947  6.864 -100.00 -100.00 -100.00
  99    31.711 55635.12119811 18.61  56.891021  65.983254  7.896 -100.00 -100.00 -100.00
 100    34.331 55645.03684679 19.41  56.875610  65.982561  8.241  252.87  243.41  221.84
 100    31.652 55645.03684738 18.50  56.882010  65.982869  7.797  252.87  243.41  221.84
 100    32.107 55645.03684797 17.71  56.888411  65.983176  6.305  252.87  243.41  221.84
 101    35.689 55654.95249435 14.50  56.878369  65.982112  2.539 -100.00 -100.00 -100.00
 101    34.898 55654.95249494 14.97  56.884769  65.982420  3.086 -100.00 -100.00 -100.00
 101    34.898 55654.95249553 14.96  56.891169  65.982727  3.677 -100.00 -100.00 -100.00
 102    31.171 55664.86813733 38.59  56.880707  65.981575   -100  263.70  260.74  252.42
 102    31.085 55664.86813792 40.37  56.887107  65.981883  3.758  263.70  260.74  252.42
 102    31.255 55664.86813851 39.65  56.893507  65.982190   -100  263.70  260.74  252.42
 103    33.732 55674.78377702 37.18  56.879195  65.981540   -100 -100.00 -100.00 -100.00
 103    33.702 55674.78377761 38.38  56.885594  65.981848   -100 -100.00 -100.00 -100.00
 103    33.784 55674.78377820 35.23  56.891993  65.982155   -100 -100.00 -100.00 -100.00
 104    34.703 55684.69941467 37.20  56.872887  65.982137   -100 -100.00 -100.00 -100.00
 104    34.772 55684.69941526 36.15  56.879287  65.982445 28.336 -100.00 -100.00 -100.00
 104    34.742 55684.69941585 38.75  56.885687  65.982753   -100 -100.00 -100.00 -100.00
 104    34.740 55684.69941644 41.88  56.892086  65.983060   -100 -100.00 -100.00 -100.00
 105    76.509 55694.61505142 15.84  56.869538  65.983164 16.085  244.93  243.49  246.44
 105    76.990 55694.61505201 16.57  56.875938  65.983472 12.996  244.93  243.49  246.44
 105    77.316 55694.61505260 18.19  56.882338  65.983780 14.868  244.93  243.49  246.44
 105    77.728 55694.61505319 18.77  56.888739  65.984088 12.790  244.93  243.49  246.44
 106    83.018 55704.53068674 22.73  56.865390  65.983774 25.397  252.93  251.66  254.45
 106    83.189 55704.53068733 29.20  56.871790  65.984082 30.273  252.93  251.66  254.45
 106    83.292 55704.53068792 28.99  56.878191  65.984391 24.887  252.93  251.66  254.45
 106    82.942 55704.53068851 31.43  56.884591  65.984699   -100  252.93  251.66  254.45
 106    82.616 55704.53068910 22.53  56.890992  65.985006 15.961  252.93  251.66  254.45
 107    76.305 55714.44633362 13.48  56.867608  65.984140 16.931  262.81  262.57  261.84
 107    85.835 55714.44633421 14.66  56.874008  65.984449 11.492  262.81  262.57  261.84
 107    87.710 55714.44633480 16.44  56.880409  65.984757  7.855  262.81  262.57  261.84
 107    87.578 55714.44633539 16.53  56.886810  65.985065  7.371  262.81  262.57  261.84
 108    34.924 55724.36198233 30.69  56.863746  65.984135 22.799 -100.00 -100.00 -100.00
 108    35.792 55724.36198292 27.11  56.870147  65.984443 14.247 -100.00 -100.00 -100.00
 108    34.497 55724.36198351 28.39  56.876547  65.984751 18.207 -100.00 -100.00 -100.00
 108    34.462 55724.36198410 26.68  56.882948  65.985059 13.218 -100.00 -100.00 -100.00
 108    34.158 55724.36198469 26.70  56.889349  65.985367 14.924 -100.00 -100.00 -100.00
 109    32.595 55734.27762924 42.86  56.861594  65.984503   -100 -100.00 -100.00 -100.00
 109    32.671 55734.27762983 46.13  56.867995  65.984811   -100 -100.00 -100.00 -100.00
 109    32.466 55734.27763042 44.15  56.874396  65.985119   -100 -100.00 -100.00 -100.00
 109    32.729 55734.27763102 44.49  56.880797  65.985427   -100 -100.00 -100.00 -100.00
 109    32.582 55734.27763161 47.45  56.887198  65.985735   -100 -100.00 -100.00 -100.00
 110    31.547 55744.19327532 33.08  56.864169  65.985120   -100 -100.00 -100.00 -100.00
 110    31.410 55744.19327591 31.78  56.870570  65.985429   -100 -100.00 -100.00 -100.00
 110    31.417 55744.19327650 30.21  56.876971  65.985737 32.164 -100.00 -100.00 -100.00
 110    31.425 55744.19327709 29.99  56.883372  65.986044   -100 -100.00 -100.00 -100.00
 110    31.586 55744.19327769 25.18  56.889773  65.986352 15.825 -100.00 -100.00 -100.00
 111    30.853 55754.10891927 41.45  56.860273  65.984633   -100 -100.00 -100.00 -100.00
 111    30.994 55754.10891986 35.37  56.866673  65.984941   -100 -100.00 -100.00 -100.00
 111    30.913 55754.10892045 39.29  56.873074  65.985250   -100 -100.00 -100.00 -100.00
 111    31.010 55754.10892104 36.93  56.879474  65.985557   -100 -100.00 -100.00 -100.00
 111    31.160 55754.10892163 34.64  56.885875  65.985865 30.840 -100.00 -100.00 -100.00
 112    30.797 55764.02456192 48.49  56.867646  65.983421   -100 -100.00 -100.00 -100.00
 112    30.456 55764.02456251 47.27  56.874046  65.983730  7.135 -100.00 -100.00 -100.00
 112    30.518 55764.02456310 41.62  56.880447  65.984037   -100 -100.00 -100.00 -100.00
 112    30.678 55764.02456369 48.84  56.886847  65.984345  1.827 -100.00 -100.00 -100.00
 113    30.812 55773.94020166 32.96  56.873948  65.981785   -100 -100.00 -100.00 -100.00
 113    30.809 55773.94020225 28.05  56.880348  65.982093 32.652 -100.00 -100.00 -100.00
 113    30.788 55773.94020284 26.10  56.886747  65.982401 24.272 -100.00 -100.00 -100.00
 113    30.851 55773.94020343 24.38  56.893147  65.982708 19.319 -100.00 -100.00 -100.00
 114    30.550 55783.85583791 31.70  56.878505  65.980801   -100 -100.00 -100.00 -100.00
 114    31.322 55783.85583850 25.33  56.884904  65.981109 16.849 -100.00 -100.00 -100.00
 114    30.975 55783.85583909 26.89  56.891304  65.981416 21.524 -100.00 -100.00 -100.00
 115    30.353 55793.77147170 32.50  56.881756  65.981558   -100 -100.00 -100.00 -100.00
 115    30.831 55793.77147229 26.11  56.888156  65.981865 20.422 -100.00 -100.00 -100.00
 115    30.560 55793.77147288 27.26  56.894555  65.982173 23.904 -100.00 -100.00 -100.00
 116    31.005 55803.68710727 25.54  56.874216  65.982470 19.439 -100.00 -100.00 -100.00
 116    30.897 55803.68710786 24.09  56.880616  65.982778 16.975 -100.00 -100.00 -100.00
 116    30.558 55803.68710845 24.91  56.887015  65.983086 18.088 -100.00 -100.00 -100.00
 116    31.340 55803.68710904 22.27  56.893416  65.983393 12.122 -100.00 -100.00 -100.00
 117    30.328 55813.60275695 42.21  56.873705  65.983138   -100 -100.00 -100.00 -100.00
 117    30.589 55813.60275754 46.97  56.880105  65.983446   -100 -100.00 -100.00 -100.00
 117    30.770 55813.60275813 47.45  56.886505  65.983754   -100 -100.00 -100.00 -100.00
 117    30.656 55813.60275872 48.57  56.892906  65.984061   -100 -100.00 -100.00 -100.00
 118    30.278 55823.51840488 38.05  56.875877  65.982488  9.131  262.84  262.84  263.77
 118    30.297 55823.51840547 30.73  56.882277  65.982796 28.945  262.84  262.84  263.77
 118    30.332 55823.51840607 28.78  56.888677  65.983104 22.141  262.84  262.84  263.77
 119    76.559 55833.43404808 14.52  56.878082  65.981293 21.213 -100.00 -100.00 -100.00
 119    77.366 55833.43404867 15.51  56.884482  65.981601 22.538 -100.00 -100.00 -100.00
 119    77.522 55833.43404926 14.66  56.890883  65.981909 18.950 -100.00 -100.00 -100.00
 120    31.190 55843.34968744 28.53  56.883637  65.980957 22.875 -100.00 -100.00 -100.00
 120    31.234 55843.34968803 26.58  56.890037  65.981265 19.307 -100.00 -100.00 -100.00
 120    31.148 55843.34968862 23.65  56.896438  65.981572 11.500 -100.00 -100.00 -100.00
 121    76.978 55853.26532305 18.89  56.881231  65.981656 26.586 -100.00 -100.00 -100.00
 121    77.156 55853.26532364 20.80  56.887632  65.981964 28.886 -100.00 -100.00 -100.00
 121    77.395 55853.26532423 22.73  56.894033  65.982271 27.904 -100.00 -100.00 -100.00
 122    32.179 55863.18095849 35.70  56.872614  65.982999   -100 -100.00 -100.00 -100.00
 122    32.310 55863.18095908 40.44  56.879015  65.983307   -100 -100.00 -100.00 -100.00
 122    32.430 55863.18095967 41.29  56.885416  65.983615   -100 -100.00 -100.00 -100.00
 122    32.263 55863.18096026 41.78  56.891817  65.983922 11.203 -100.00 -100.00 -100.00
 123    31.612 55873.09661206 43.16  56.867557  65.984185   -100  252.44  251.08  249.78
 123    31.277 55873.09661265 45.76  56.873958  65.984493  2.753  252.44  251.08  249.78
 123    31.101 55873.09661325 49.33  56.880358  65.984801   -100  252.44  251.08  249.78
 123    31.099 55873.09661384 43.85  56.886760  65.985109 12.377 -100.00 -100.00 -100.00
 133    30.931 55972.25305047 21.58  56.880783  65.981745 11.808  248.46  241.49  223.39
 133    30.668 55972.25305106 22.02  56.887184  65.982052 12.294  248.46  241.49  223.39
 133    31.062 55972.25305165 20.25  56.893584  65.982359  9.064 -100.00 -100.00 -100.00
 134    32.067 55982.16868573 16.93  56.871515  65.983170  5.021  253.96  248.29  230.64
 134    31.764 55982.16868632 16.65  56.877916  65.983478  5.178  253.96  248.29  230.64
 134    31.092 55982.16868691 17.73  56.884317  65.983786  6.653  253.96  248.29  230.64
 134    31.787 55982.16868750 16.19  56.890718  65.984093  4.896  253.96  248.29  230.64
 135    31.820 55992.08432031 17.58  56.872389  65.983578  6.585 -100.00 -100.00 -100.00
 135    31.207 55992.08432090 18.63  56.878789  65.983886  8.103 -100.00 -100.00 -100.00
 135    31.555 55992.08432149 16.66  56.885190  65.984194  5.646 -100.00 -100.00 -100.00
 135    31.175 55992.08432208 17.53  56.891591  65.984502  6.100 -100.00 -100.00 -100.00
 136    31.846 56001.99996790 18.83  56.875165  65.982623  6.849 -100.00 -100.00 -100.00
 136    31.660 56001.99996849 17.76  56.881565  65.982931  5.443 -100.00 -100.00 -100.00
 136    31.842 56001.99996909 17.99  56.887965  65.983239  5.906 -100.00 -100.00 -100.00
 136    31.932 56001.99996968 17.90  56.894365  65.983546  5.353 -100.00 -100.00 -100.00
 137    32.089 56011.91561795 16.83  56.877644  65.981001  4.500  249.38  237.94  211.64
 137    31.900 56011.91561854 16.73  56.884043  65.981309  4.515  249.38  237.94  211.64
 137    32.166 56011.91561913 17.53  56.890443  65.981617  5.630  249.38  237.94  211.64
 137    31.717 56011.91561972 18.79  56.896843  65.981924  7.913  249.38  237.94  211.64
 138    32.326 56021.83126466 14.53  56.882909  65.980900  5.266 -100.00 -100.00 -100.00
 138    32.560 56021.83126525 14.72  56.889309  65.981208  5.172 -100.00 -100.00 -100.00
 138    32.745 56021.83126584 14.03  56.895708  65.981515  4.579 -100.00 -100.00 -100.00
 139    30.394 56031.74690767 29.81  56.878269  65.982165   -100 -100.00 -100.00 -100.00
 139    30.725 56031.74690826 29.84  56.884669  65.982472   -100 -100.00 -100.00 -100.00
 139    30.470 56031.74690885 33.47  56.891069  65.982780  3.579 -100.00 -100.00 -100.00
 141    36.032 56051.57818646 40.32  56.860643  65.984936   -100 -100.00 -100.00 -100.00
 141    35.865 56051.57818706 43.16  56.867043  65.985244   -100 -100.00 -100.00 -100.00
 141    36.016 56051.57818765 46.65  56.873443  65.985552   -100 -100.00 -100.00 -100.00
 141    35.921 56051.57818824 46.94  56.879844  65.985860  6.862 -100.00 -100.00 -100.00
 141    35.890 56051.57818883 47.61  56.886245  65.986168 20.971 -100.00 -100.00 -100.00
 142    75.640 56061.49382298 19.70  56.864140  65.984908 18.908 -100.00 -100.00 -100.00
 142    76.580 56061.49382357 17.28  56.870541  65.985216 12.212 -100.00 -100.00 -100.00
 142    77.029 56061.49382416 20.67  56.876941  65.985524 18.259 -100.00 -100.00 -100.00
 142    77.189 56061.49382475 21.04  56.883342  65.985832 16.638 -100.00 -100.00 -100.00
 142    77.510 56061.49382534 20.61  56.889743  65.986140 12.976 -100.00 -100.00 -100.00
 143    76.735 56071.40946213 16.76  56.870311  65.983984 10.082  243.20  241.65  245.09
 143    76.938 56071.40946272 18.04  56.876711  65.984292 11.853  243.20  241.65  245.09
 143    77.372 56071.40946331 20.20  56.883112  65.984600 13.149  243.20  241.65  245.09
 143    77.652 56071.40946390 21.01  56.889513  65.984908 14.335  243.20  241.65  245.09
 144    76.604 56081.32511275 16.76  56.870776  65.983702 12.755  255.55  253.87  256.56
 144    76.853 56081.32511334 19.84  56.877177  65.984010 19.392  255.55  253.87  256.56
 144    77.306 56081.32511393 19.66  56.883578  65.984318 17.202  255.55  253.87  256.56
 144    77.385 56081.32511452 20.98  56.889978  65.984625 15.684  255.55  253.87  256.56
 145    76.566 56091.24076025 14.84  56.865727  65.984209 14.034  265.46  265.04  266.20
 145    76.860 56091.24076084 14.45  56.872128  65.984518 11.734  265.46  265.04  266.20
 145    77.306 56091.24076143 17.15  56.878528  65.984826 16.996  265.46  265.04  266.20
 145    77.628 56091.24076202 16.93  56.884929  65.985133 13.084  265.46  265.04  266.20
 145    77.575 56091.24076261 20.25  56.891330  65.985441 16.596  265.46  265.04  266.20
 146    76.271 56101.15640541 13.53  56.861041  65.985092 11.242 -100.00 -100.00 -100.00
 146    76.663 56101.15640601 15.73  56.867441  65.985400 18.651 -100.00 -100.00 -100.00
 146    77.370 56101.15640660 15.55  56.873842  65.985708 12.163 -100.00 -100.00 -100.00
 146    77.291 56101.15640719 19.10  56.880243  65.986016 15.901 -100.00 -100.00 -100.00
 146    77.234 56101.15640778 19.44  56.886644  65.986324 19.758 -100.00 -100.00 -100.00
 147    31.473 56111.07203712 43.41  56.865124  65.984978   -100 -100.00 -100.00 -100.00
 147    31.314 56111.07203771 38.26  56.871524  65.985286   -100 -100.00 -100.00 -100.00
 147    31.050 56111.07203830 36.36  56.877925  65.985594   -100 -100.00 -100.00 -100.00
 147    31.494 56111.07203889 35.74  56.884325  65.985902 27.977 -100.00 -100.00 -100.00
 147    31.251 56111.07203948 39.91  56.890726  65.986209   -100 -100.00 -100.00 -100.00
 148    76.699 56120.98767744 13.26  56.873809  65.983373 16.895 -100.00 -100.00 -100.00
 148    77.205 56120.98767803 14.73  56.880209  65.983681 17.301 -100.00 -100.00 -100.00
 148    77.451 56120.98767862 15.40  56.886609  65.983988 16.663 -100.00 -100.00 -100.00
 148    77.311 56120.98767921 17.77  56.893009  65.984296 19.170 -100.00 -100.00 -100.00
 149    31.985 56130.90331406 25.57  56.882831  65.981215 16.151 -100.00 -100.00 -100.00
 149    32.025 56130.90331465 23.70  56.889230  65.981523 12.689 -100.00 -100.00 -100.00
 149    32.100 56130.90331524 22.82  56.895629  65.981830 11.420 -100.00 -100.00 -100.00
 150    31.218 56140.81894831 33.34  56.882850  65.980127   -100  257.85  257.84  257.93
 150    31.353 56140.81894890 32.01  56.889249  65.980435 26.630  257.85  257.84  257.93
 150    32.122 56140.81894949 39.66  56.895648  65.980742 20.973  257.85  257.84  257.93
 151    31.492 56150.73459867 41.18  56.875677  65.981324   -100 -100.00 -100.00 -100.00
 151    31.225 56150.73459926 36.40  56.882076  65.981632   -100 -100.00 -100.00 -100.00
 151    31.389 56150.73459985 46.12  56.888476  65.981940 11.572 -100.00 -100.00 -100.00
 151    31.566 56150.73460044 42.87  56.894875  65.982247   -100 -100.00 -100.00 -100.00
 152    31.273 56160.65024748 32.86  56.871574  65.983404   -100 -100.00 -100.00 -100.00
 152    31.415 56160.65024807 27.54  56.877974  65.983712 22.236 -100.00 -100.00 -100.00
 152    31.218 56160.65024866 26.94  56.884374  65.984020 21.601 -100.00 -100.00 -100.00
 152    31.194 56160.65024925 24.38  56.890775  65.984327 12.636 -100.00 -100.00 -100.00
 153    31.085 56170.56589445 28.19  56.865593  65.984013 25.895 -100.00 -100.00 -100.00
 153    30.789 56170.56589504 30.29  56.871994  65.984321   -100 -100.00 -100.00 -100.00
 153    30.760 56170.56589563 31.33  56.878394  65.984629   -100 -100.00 -100.00 -100.00
 153    30.736 56170.56589622 29.21  56.884795  65.984937 30.516 -100.00 -100.00 -100.00
 153    30.748 56170.56589681 27.31  56.891195  65.985244 23.739 -100.00 -100.00 -100.00
 154    77.378 56180.48153870 11.60  56.873855  65.983122 12.252 -100.00 -100.00 -100.00
 154    77.397 56180.48153929 12.96  56.880256  65.983430 12.901 -100.00 -100.00 -100.00
 154    79.455 56180.48153988 22.77  56.886656  65.983737 12.311 -100.00 -100.00 -100.00
 154    80.727 56180.48154047 21.54  56.893057  65.984045 11.426 -100.00 -100.00 -100.00
 155    31.558 56190.39717857 35.04  56.878013  65.981406   -100 -100.00 -100.00 -100.00
 155    31.640 56190.39717916 29.42  56.884413  65.981713 25.850 -100.00 -100.00 -100.00
 155    31.588 56190.39717975 26.76  56.890814  65.982021 16.811 -100.00 -100.00 -100.00
 156    77.123 56200.31281554 20.55  56.881835  65.980895 18.524  254.90  254.69  257.26
 156    77.385 56200.31281613 21.35  56.888236  65.981203 18.469  254.90  254.69  257.26
 156    77.345 56200.31281672 23.46  56.894636  65.981510 22.672  254.90  254.69  257.26
 157    77.021 56210.22844947 16.92  56.878327  65.982268 14.359  258.28  260.17  260.93
 157    77.140 56210.22845006 17.99  56.884728  65.982576 15.497  258.28  260.17  260.93
 157    77.268 56210.22845065 20.70  56.891128  65.982883 19.809  258.28  260.17  260.93
 158    78.133 56220.14408080 15.41  56.866641  65.984036 10.937 -100.00 -100.00 -100.00
 158    76.868 56220.14408139 16.61  56.873042  65.984345 14.713 -100.00 -100.00 -100.00
 158    77.235 56220.14408198 17.66  56.879443  65.984653 16.993 -100.00 -100.00 -100.00
 158    77.479 56220.14408257 18.57  56.885844  65.984961 15.644 -100.00 -100.00 -100.00
 158    80.326 56220.14408316 24.61  56.892245  65.985269 19.261 -100.00 -100.00 -100.00
 159    31.387 56230.05972830 42.56  56.841842  65.984538   -100 -100.00 -100.00 -100.00
 159    31.770 56230.05973007 50.07  56.861043  65.985466   -100 -100.00 -100.00 -100.00
 159    31.551 56230.05973066 52.98  56.867444  65.985775 11.239 -100.00 -100.00 -100.00
 159    31.474 56230.05973125 54.57  56.873845  65.986083   -100 -100.00 -100.00 -100.00
 159    31.430 56230.05973184 54.55  56.880246  65.986391   -100 -100.00 -100.00 -100.00
 159    31.416 56230.05973243 56.14  56.886647  65.986699   -100 -100.00 -100.00 -100.00
 160    30.714 56239.97538314 43.63  56.859208  65.985106   -100 -100.00 -100.00 -100.00
 160    30.415 56239.97538373 41.77  56.865609  65.985414  2.177 -100.00 -100.00 -100.00
 160    30.538 56239.97538432 38.65  56.872010  65.985723   -100 -100.00 -100.00 -100.00
 160    30.648 56239.97538491 39.35  56.878411  65.986031   -100 -100.00 -100.00 -100.00
 160    30.729 56239.97538550 35.84  56.884812  65.986339 30.126 -100.00 -100.00 -100.00
 161    31.895 56249.89103294 43.76  56.864708  65.984349   -100 -100.00 -100.00 -100.00
 161    32.189 56249.89103353 45.89  56.871109  65.984658 24.118 -100.00 -100.00 -100.00
 161    31.622 56249.89103412 50.91  56.877509  65.984966  1.494 -100.00 -100.00 -100.00
 161    31.425 56249.89103471 55.22  56.883910  65.985274   -100 -100.00 -100.00 -100.00
 161    31.479 56249.89103530 37.88  56.890311  65.985581   -100 -100.00 -100.00 -100.00
 162    31.654 56259.80667761 42.70  56.866725  65.983577  1.186  234.33  228.52  218.68
 162    31.922 56259.80667820 43.97  56.873125  65.983885   -100  234.33  228.52  218.68
 162    31.593 56259.80667879 46.23  56.879526  65.984193 30.330  234.33  228.52  218.68
 162    31.734 56259.80667938 43.05  56.885926  65.984501  9.909  234.33  228.52  218.68
 162    31.495 56259.80667997 36.71  56.892327  65.984808   -100  234.33  228.52  218.68
 163    31.216 56269.72231964 39.55  56.868174  65.984068   -100  242.77  238.43  230.17
 163    31.068 56269.72232023 40.67  56.874574  65.984376   -100  242.77  238.43  230.17
 163    31.149 56269.72232082 36.48  56.880975  65.984684   -100  242.77  238.43  230.17
 163    31.226 56269.72232141 34.80  56.887376  65.984991   -100  242.77  238.43  230.17
 164    31.158 56279.63795919 32.44  56.861322  65.984335 29.408 -100.00 -100.00 -100.00
 164    31.226 56279.63795978 36.80  56.867722  65.984643   -100 -100.00 -100.00 -100.00
 164    31.118 56279.63796037 36.47  56.874123  65.984952   -100 -100.00 -100.00 -100.00
 164    30.937 56279.63796096 33.79  56.880524  65.985260   -100 -100.00 -100.00 -100.00
 164    31.031 56279.63796155 30.97  56.886925  65.985567 27.429 -100.00 -100.00 -100.00
 165    30.961 56289.55361019 33.88  56.861743  65.984537   -100 -100.00 -100.00 -100.00
 165    30.999 56289.55361078 35.84  56.868144  65.984845   -100 -100.00 -100.00 -100.00
 165    30.925 56289.55361137 35.07  56.874545  65.985153   -100 -100.00 -100.00 -100.00
 165    30.767 56289.55361196 34.69  56.880946  65.985461   -100 -100.00 -100.00 -100.00
 165    30.788 56289.55361255 31.44  56.887347  65.985769 31.611 -100.00 -100.00 -100.00
 166    30.553 56299.46925912 29.36  56.868521  65.983271 28.547  244.28  237.72  220.56
 166    30.728 56299.46925971 30.63  56.874922  65.983579 28.381  244.28  237.72  220.56
 166    30.644 56299.46926030 31.42  56.881323  65.983887   -100  244.28  237.72  220.56
 166    30.615 56299.46926089 31.62  56.887724  65.984194   -100  244.28  237.72  220.56
 167    30.523 56309.38490403 30.26  56.875135  65.981438   -100  243.85  236.08  216.37
 167    30.536 56309.38490462 30.99  56.881536  65.981745   -100  243.85  236.08  216.37
 167    30.364 56309.38490521 28.86  56.887937  65.982053 27.633  243.85  236.08  216.37
 167    30.501 56309.38490580 25.79  56.894338  65.982360 16.260  243.85  236.08  216.37
 168    30.227 56319.30054653 27.17  56.881415  65.980707 22.171  243.03  234.10  211.46
 168    30.360 56319.30054712 25.96  56.887815  65.981015 16.939  243.03  234.10  211.46
 168    30.438 56319.30054771 25.37  56.894216  65.981322 15.616  243.03  234.10  211.46
 169    30.060 56329.21618695 24.18  56.874971  65.981619 15.702 -100.00 -100.00 -100.00
 169    30.415 56329.21618754 24.05  56.881371  65.981927 15.430 -100.00 -100.00 -100.00
 169    30.215 56329.21618813 23.49  56.887772  65.982234 14.222 -100.00 -100.00 -100.00
 169    30.268 56329.21618872 24.14  56.894173  65.982542 16.015 -100.00 -100.00 -100.00
 170    30.365 56339.13182692 26.16  56.872645  65.983447 13.517 -100.00 -100.00 -100.00
 170    30.519 56339.13182751 25.18  56.879046  65.983754 12.027 -100.00 -100.00 -100.00
 170    30.414 56339.13182810 25.71  56.885446  65.984062 12.722 -100.00 -100.00 -100.00
 170    30.512 56339.13182869 23.97  56.891847  65.984369  9.870 -100.00 -100.00 -100.00
 171    30.367 56349.04746467 24.74  56.869117  65.984172 13.765 -100.00 -100.00 -100.00
 171    30.855 56349.04746526 24.15  56.875518  65.984481 12.256 -100.00 -100.00 -100.00
 171    30.787 56349.04746585 22.52  56.881919  65.984789  9.780 -100.00 -100.00 -100.00
 171    30.533 56349.04746645 22.46  56.888319  65.985096  9.522 -100.00 -100.00 -100.00
 172    32.657 56358.96310064 16.59  56.874655  65.983261  4.549  242.06  230.18  207.38
 172    32.388 56358.96310123 16.93  56.881055  65.983569  4.918  242.06  230.18  207.38
 172    31.683 56358.96310182 17.54  56.887456  65.983877  5.853 -100.00 -100.00 -100.00
 173    32.675 56368.87875119 16.64  56.874976  65.981664  4.457 -100.00 -100.00 -100.00
 173    32.210 56368.87875178 16.43  56.881376  65.981972  3.853 -100.00 -100.00 -100.00
 173    31.924 56368.87875237 17.39  56.887775  65.982280  5.578 -100.00 -100.00 -100.00
 173    32.539 56368.87875296 17.52  56.894175  65.982587  5.620 -100.00 -100.00 -100.00
 175    32.312 56388.71004490 15.44  56.880898  65.983352  3.877 -100.00 -100.00 -100.00
 175    31.499 56388.71004549 16.41  56.887298  65.983660  5.985 -100.00 -100.00 -100.00
 176    30.594 56398.62568652 23.61  56.861059  65.984764 27.377 -100.00 -100.00 -100.00
 176    30.209 56398.62568711 27.15  56.867459  65.985073   -100 -100.00 -100.00 -100.00
 176    30.340 56398.62568770 28.53  56.873860  65.985381   -100 -100.00 -100.00 -100.00
 176    30.231 56398.62568829 29.04  56.880260  65.985688   -100 -100.00 -100.00 -100.00
 176    30.463 56398.62568888 29.09  56.886661  65.985996   -100 -100.00 -100.00 -100.00
 177    30.390 56408.54132561 37.70  56.840727  65.985080   -100 -100.00 -100.00 -100.00
 177    30.588 56408.54132620 37.04  56.847127  65.985389   -100 -100.00 -100.00 -100.00
 177    30.553 56408.54132679 37.05  56.853528  65.985698   -100 -100.00 -100.00 -100.00
 177    30.604 56408.54132738 34.51  56.859928  65.986007   -100 -100.00 -100.00 -100.00
 177    30.536 56408.54132797 35.69  56.866329  65.986316   -100 -100.00 -100.00 -100.00
 177    30.496 56408.54132856 35.67  56.872730  65.986624   -100 -100.00 -100.00 -100.00
 177    30.742 56408.54132915 36.73  56.879131  65.986932   -100 -100.00 -100.00 -100.00
 177    30.606 56408.54132974 38.98  56.885533  65.987240  4.763 -100.00 -100.00 -100.00
 178    33.117 56418.45696390 47.45  56.858689  65.985428 16.231 -100.00 -100.00 -100.00
 178    33.143 56418.45696449 39.21  56.865090  65.985737   -100 -100.00 -100.00 -100.00
 178    33.132 56418.45696508 34.59  56.871491  65.986045 28.359 -100.00 -100.00 -100.00
 178    33.228 56418.45696567 33.17  56.877892  65.986354 21.533 -100.00 -100.00 -100.00
 178    33.375 56418.45696626 33.87  56.884293  65.986661 24.251 -100.00 -100.00 -100.00
 178    33.402 56418.45696685 38.23  56.890694  65.986969   -100 -100.00 -100.00 -100.00
 179    75.931 56428.37259711 20.16  56.863433  65.984173 22.707 -100.00 -100.00 -100.00
 179    76.227 56428.37259770 20.15  56.869834  65.984482 20.525 -100.00 -100.00 -100.00
 179    76.855 56428.37259829 19.92  56.876234  65.984790 16.137 -100.00 -100.00 -100.00
 179    77.195 56428.37259888 22.33  56.882635  65.985098 19.038 -100.00 -100.00 -100.00
 179    77.327 56428.37259947 23.21  56.889036  65.985406 19.727 -100.00 -100.00 -100.00
 180    76.709 56438.28825152 20.02  56.869785  65.983889 12.784 -100.00 -100.00 -100.00
 180    76.881 56438.28825212 20.61  56.876186  65.984197 11.608 -100.00 -100.00 -100.00
 180    77.610 56438.28825271 21.44  56.882587  65.984505 12.551 -100.00 -100.00 -100.00
 180    77.440 56438.28825330 21.94  56.888988  65.984813 11.882 -100.00 -100.00 -100.00
 181    76.431 56448.20390261 16.08  56.867855  65.984056 14.337  254.59  254.09  256.03
 181    76.651 56448.20390320 17.73  56.874256  65.984364 17.956  254.59  254.09  256.03
 181    77.149 56448.20390379 18.35  56.880656  65.984671 19.868  254.59  254.09  256.03
 181    77.632 56448.20390438 18.79  56.887057  65.984979 16.455  254.59  254.09  256.03
 182    34.687 56458.11955142 32.15  56.865154  65.984512 29.512 -100.00 -100.00 -100.00
 182    34.437 56458.11955201 28.31  56.871554  65.984821 17.285 -100.00 -100.00 -100.00
 182    34.281 56458.11955260 25.08  56.877955  65.985128 10.404 -100.00 -100.00 -100.00
 182    34.282 56458.11955319 25.15  56.884356  65.985436 10.225 -100.00 -100.00 -100.00
 182    34.268 56458.11955378 24.03  56.890757  65.985743  7.456 -100.00 -100.00 -100.00
 183    33.174 56468.03519726 51.95  56.866061  65.984146   -100 -100.00 -100.00 -100.00
 183    33.007 56468.03519785 54.35  56.872461  65.984454   -100 -100.00 -100.00 -100.00
 183    32.952 56468.03519844 56.33  56.878861  65.984762   -100 -100.00 -100.00 -100.00
 183    32.934 56468.03519903 49.58  56.885262  65.985070 20.647 -100.00 -100.00 -100.00
 183    33.291 56468.03519962 53.94  56.891662  65.985377   -100 -100.00 -100.00 -100.00
 184    31.595 56477.95083921 36.48  56.868905  65.983034   -100 -100.00 -100.00 -100.00
 184    31.596 56477.95083980 33.85  56.875305  65.983342 28.127 -100.00 -100.00 -100.00
 184    31.184 56477.95084039 33.26  56.881705  65.983650 28.666 -100.00 -100.00 -100.00
 184    31.774 56477.95084098 29.28  56.888105  65.983957 15.244 -100.00 -100.00 -100.00
 185    31.125 56487.86647779 47.83  56.876710  65.981755   -100 -100.00 -100.00 -100.00
 185    30.808 56487.86647838 50.07  56.883109  65.982062  0.118 -100.00 -100.00 -100.00
 185    30.998 56487.86647897 52.28  56.889509  65.982370  6.806 -100.00 -100.00 -100.00
 185    30.808 56487.86647956 54.27  56.895908  65.982677 22.911 -100.00 -100.00 -100.00
 187    30.047 56507.69774735 37.66  56.877302  65.981866   -100 -100.00 -100.00 -100.00
 187    29.869 56507.69774794 32.66  56.883701  65.982174   -100 -100.00 -100.00 -100.00
 187    30.309 56507.69774853 34.36  56.890101  65.982482   -100 -100.00 -100.00 -100.00
 188    30.424 56517.61338422 29.88  56.870238  65.982846 31.714  273.07  273.13  272.24
 188    30.231 56517.61338481 28.12  56.876638  65.983154 27.242  273.07  273.13  272.24
 188    30.016 56517.61338540 30.04  56.883038  65.983462   -100  273.07  273.13  272.24
 188    30.077 56517.61338599 28.37  56.889438  65.983770 30.703 -100.00 -100.00 -100.00
 189    30.221 56527.52903855 35.52  56.870407  65.983590   -100 -100.00 -100.00 -100.00
 189    30.057 56527.52903914 31.49  56.876807  65.983898 30.620 -100.00 -100.00 -100.00
 189    29.957 56527.52903973 34.12  56.883208  65.984206   -100 -100.00 -100.00 -100.00
 189    30.032 56527.52904032 29.33  56.889608  65.984514 20.971 -100.00 -100.00 -100.00
 190    77.893 56537.44468836 19.62  56.868032  65.983131 30.021  266.53  265.55  266.51
 190    79.832 56537.44468895 27.66  56.874433  65.983439 29.569  266.53  265.55  266.51
 190    79.930 56537.44468954 26.17  56.880834  65.983747 17.965  266.53  265.55  266.51
 190    79.335 56537.44469013 16.61  56.887234  65.984055 17.261  266.53  265.55  266.51
 192    30.686 56557.27597854 35.37  56.874562  65.982554   -100 -100.00 -100.00 -100.00
 192    30.734 56557.27597913 31.49  56.880963  65.982861 23.971 -100.00 -100.00 -100.00
 192    30.511 56557.27597973 33.52  56.887363  65.983169 31.528 -100.00 -100.00 -100.00
 192    30.847 56557.27598032 36.63  56.893765  65.983476   -100 -100.00 -100.00 -100.00
 193    30.280 56567.19162056 28.54  56.868608  65.983450   -100 -100.00 -100.00 -100.00
 193    30.350 56567.19162115 27.82  56.875009  65.983758   -100 -100.00 -100.00 -100.00
 193    30.458 56567.19162174 24.69  56.881410  65.984066 21.053 -100.00 -100.00 -100.00
 193    30.625 56567.19162233 20.30  56.887811  65.984374 11.353 -100.00 -100.00 -100.00
 194    31.456 56577.10726104 40.72  56.860338  65.984841   -100 -100.00 -100.00 -100.00
 194    31.462 56577.10726163 44.21  56.866739  65.985149 14.584 -100.00 -100.00 -100.00
 194    31.429 56577.10726222 44.14  56.873140  65.985457  5.544 -100.00 -100.00 -100.00
 194    31.742 56577.10726281 44.81  56.879541  65.985765   -100 -100.00 -100.00 -100.00
 194    31.683 56577.10726340 46.95  56.885942  65.986073   -100 -100.00 -100.00 -100.00
 195    31.040 56587.02289856 46.25  56.858069  65.985590   -100 -100.00 -100.00 -100.00
 195    31.102 56587.02289915 47.20  56.864470  65.985899   -100 -100.00 -100.00 -100.00
 195    30.852 56587.02289974 52.17  56.870871  65.986207  6.634 -100.00 -100.00 -100.00
 195    30.867 56587.02290033 48.92  56.877272  65.986515   -100 -100.00 -100.00 -100.00
 195    30.854 56587.02290092 43.87  56.883673  65.986823   -100 -100.00 -100.00 -100.00
 195    30.892 56587.02290151 41.24  56.890075  65.987131   -100 -100.00 -100.00 -100.00
 196    31.285 56596.93853908 45.94  56.862081  65.985376   -100 -100.00 -100.00 -100.00
 196    31.142 56596.93853967 49.05  56.868481  65.985685  0.253 -100.00 -100.00 -100.00
 196    30.857 56596.93854027 52.15  56.874882  65.985993 25.920 -100.00 -100.00 -100.00
 196    30.808 56596.93854086 45.43  56.881283  65.986302 27.822 -100.00 -100.00 -100.00
 196    30.794 56596.93854145 40.14  56.887684  65.986609  7.394 -100.00 -100.00 -100.00
 197    33.645 56606.85419110 40.55  56.864257  65.984579   -100 -100.00 -100.00 -100.00
 197    33.678 56606.85419169 39.64  56.870658  65.984888 31.874 -100.00 -100.00 -100.00
 197    33.685 56606.85419228 45.95  56.877058  65.985196 11.635 -100.00 -100.00 -100.00
 197    33.699 56606.85419287 46.26  56.883459  65.985504  9.557 -100.00 -100.00 -100.00
 197    33.779 56606.85419346 42.77  56.889860  65.985811   -100 -100.00 -100.00 -100.00
 198    33.464 56616.76983802 48.29  56.864148  65.983992   -100 -100.00 -100.00 -100.00
 198    33.357 56616.76983861 51.51  56.870548  65.984300   -100 -100.00 -100.00 -100.00
 198    33.044 56616.76983920 53.59  56.876949  65.984608 29.969 -100.00 -100.00 -100.00
 198    33.136 56616.76983979 53.51  56.883350  65.984916   -100 -100.00 -100.00 -100.00
 198    33.202 56616.76984038 48.87  56.889750  65.985223 30.204 -100.00 -100.00 -100.00
 199    32.388 56626.68548193 44.90  56.868654  65.984104 30.775 -100.00 -100.00 -100.00
 199    31.736 56626.68548252 47.44  56.875055  65.984412 24.859 -100.00 -100.00 -100.00
 199    31.964 56626.68548311 51.10  56.881456  65.984719   -100 -100.00 -100.00 -100.00
 199    31.837 56626.68548370 48.19  56.887857  65.985027  9.289 -100.00 -100.00 -100.00
 200    32.173 56636.60112259 43.12  56.867657  65.983984   -100  241.61  235.96  225.74
 200    32.268 56636.60112318 42.96  56.874057  65.984293   -100  241.61  235.96  225.74
 200    31.965 56636.60112377 47.80  56.880458  65.984600   -100  241.61  235.96  225.74
 200    31.713 56636.60112437 43.37  56.886859  65.984908 14.667  241.61  235.96  225.74
 201    31.614 56646.51676379 25.60  56.873092  65.983616 15.213  241.00  235.29  225.15
 201    31.758 56646.51676438 25.09  56.879493  65.983924 15.574  241.00  235.29  225.15
 201    31.808 56646.51676497 24.20  56.885894  65.984232 13.482 -100.00 -100.00 -100.00
 201    31.577 56646.51676556 27.40  56.892295  65.984540 22.248 -100.00 -100.00 -100.00
 202    31.462 56656.43241588 14.14  56.871681  65.982657 13.305 -100.00 -100.00 -100.00
 202    31.544 56656.43241647 15.12  56.878082  65.982965 14.034 -100.00 -100.00 -100.00
 202    31.584 56656.43241706 13.50  56.884483  65.983272 11.893 -100.00 -100.00 -100.00
 202    31.792 56656.43241765 10.33  56.890884  65.983580  6.919 -100.00 -100.00 -100.00
 203    31.287 56666.34806418 20.44  56.876259  65.981921 14.439 -100.00 -100.00 -100.00
 203    31.410 56666.34806477 17.94  56.882660  65.982229  8.606 -100.00 -100.00 -100.00
 203    31.627 56666.34806536 16.90  56.889061  65.982537  8.249 -100.00 -100.00 -100.00
 203    31.422 56666.34806595 15.95  56.895462  65.982844  6.679 -100.00 -100.00 -100.00
 205    31.157 56686.17935312 19.16  56.871038  65.982651 10.593  230.24  219.67  202.63
 205    31.202 56686.17935371 17.41  56.877438  65.982959  7.801  230.24  219.67  202.63
 205    31.233 56686.17935430 17.74  56.883839  65.983266  7.953  230.24  219.67  202.63
 205    31.122 56686.17935489 18.73  56.890240  65.983573  9.044  230.24  219.67  202.63
 206    31.261 56696.09499534 18.25  56.871574  65.983532  8.628  234.68  224.93  206.27
 206    30.798 56696.09499593 20.40  56.877975  65.983840 11.971  234.68  224.93  206.27
 206    30.741 56696.09499652 22.85  56.884376  65.984147 17.511  234.68  224.93  206.27
 206    30.920 56696.09499711 18.65  56.890777  65.984455  8.357  234.68  224.93  206.27
 207    31.430 56706.01063274 17.42  56.869445  65.983437  8.519  241.13  232.99  214.84
 207    30.764 56706.01063333 20.62  56.875846  65.983745 13.231  241.13  232.99  214.84
 207    30.875 56706.01063392 17.77  56.882246  65.984053  8.185  241.13  232.99  214.84
 207    30.819 56706.01063451 17.22  56.888647  65.984361  7.104  241.13  232.99  214.84
 208    36.245 56715.92626599 11.31  56.875163  65.982987  3.550  240.37  232.55  218.77
 208    35.821 56715.92626658 11.49  56.881563  65.983295  2.972  240.37  232.55  218.77
 208    36.894 56715.92626717 11.03  56.887964  65.983603  3.183 -100.00 -100.00 -100.00
 209    77.635 56725.84191943  5.81  56.875153  65.982897  6.311 -100.00 -100.00 -100.00
 209    77.793 56725.84192002  6.54  56.881553  65.983205  6.804 -100.00 -100.00 -100.00
 209    78.093 56725.84192061  5.77  56.887953  65.983513  5.564 -100.00 -100.00 -100.00
 211    36.837 56745.67321376 11.54  56.861062  65.984683  3.300 -100.00 -100.00 -100.00
 211    36.604 56745.67321435 11.17  56.867462  65.984991  2.956 -100.00 -100.00 -100.00
 211    36.776 56745.67321494 10.94  56.873863  65.985299  2.551 -100.00 -100.00 -100.00
 211    36.413 56745.67321553 11.06  56.880263  65.985606  3.018 -100.00 -100.00 -100.00
 211    36.884 56745.67321612 10.84  56.886664  65.985914  2.320 -100.00 -100.00 -100.00
 212    36.874 56755.58885405 11.89  56.844015  65.984841  3.226 -100.00 -100.00 -100.00
 212    36.590 56755.58885523 11.86  56.856816  65.985459  3.651 -100.00 -100.00 -100.00
 212    35.981 56755.58885582 11.89  56.863216  65.985767  3.490 -100.00 -100.00 -100.00
 212    33.841 56755.58885641 13.68  56.869617  65.986075  5.721 -100.00 -100.00 -100.00
 212    35.838 56755.58885700 11.31  56.876018  65.986383  3.231 -100.00 -100.00 -100.00
 212    35.603 56755.58885759 11.51  56.882419  65.986691  3.310 -100.00 -100.00 -100.00
 212    34.992 56755.58885819 11.53  56.888821  65.986998  3.015 -100.00 -100.00 -100.00
 213    30.428 56765.50449160 35.25  56.858810  65.985374   -100 -100.00 -100.00 -100.00
 213    30.401 56765.50449219 36.65  56.865211  65.985683   -100 -100.00 -100.00 -100.00
 213    30.407 56765.50449278 38.18  56.871612  65.985991 11.946 -100.00 -100.00 -100.00
 213    30.397 56765.50449337 38.25  56.878013  65.986300 14.745 -100.00 -100.00 -100.00
 213    30.444 56765.50449396 39.30  56.884414  65.986607 27.813 -100.00 -100.00 -100.00
 213    30.609 56765.50449455 33.32  56.890816  65.986915   -100 -100.00 -100.00 -100.00
 214    31.616 56775.42013082 32.38  56.860511  65.984558   -100  249.58  241.86  232.48
 214    31.434 56775.42013142 33.31  56.866912  65.984866   -100  249.58  241.86  232.48
 214    31.406 56775.42013201 33.62  56.873313  65.985175   -100  249.58  241.86  232.48
 214    31.414 56775.42013260 32.81  56.879714  65.985483   -100  249.58  241.86  232.48
 214    31.444 56775.42013319 28.67  56.886115  65.985791   -100  249.58  241.86  232.48
 215    33.356 56785.33578780 33.84  56.863230  65.984451   -100 -100.00 -100.00 -100.00
 215    33.207 56785.33578839 34.06  56.869631  65.984759   -100 -100.00 -100.00 -100.00
 215    33.173 56785.33578898 33.50  56.876032  65.985067   -100 -100.00 -100.00 -100.00
 215    33.220 56785.33578957 34.32  56.882433  65.985375   -100 -100.00 -100.00 -100.00
 215    33.177 56785.33579016 30.84  56.888834  65.985682 26.520 -100.00 -100.00 -100.00
 216    76.254 56795.25144102 23.27  56.864676  65.984748 17.843 -100.00 -100.00 -100.00
 216    76.313 56795.25144161 25.18  56.871077  65.985056 18.334 -100.00 -100.00 -100.00
 216    76.079 56795.25144220 28.86  56.877478  65.985364 27.534 -100.00 -100.00 -100.00
 216    76.761 56795.25144279 29.43  56.883879  65.985671 30.563 -100.00 -100.00 -100.00
 216    77.668 56795.25144338 27.15  56.890280  65.985978 18.479 -100.00 -100.00 -100.00
 217    76.492 56805.16708985 19.15  56.861897  65.984789 12.364 -100.00 -100.00 -100.00
 217    76.290 56805.16709044 20.25  56.868298  65.985097 14.359 -100.00 -100.00 -100.00
 217    76.698 56805.16709103 23.30  56.874699  65.985404 18.091 -100.00 -100.00 -100.00
 217    77.164 56805.16709162 23.13  56.881100  65.985712 15.589 -100.00 -100.00 -100.00
 217    77.634 56805.16709221 23.59  56.887501  65.986019 15.886 -100.00 -100.00 -100.00
 219    76.895 56824.99837152 19.30  56.870647  65.983058 11.580 -100.00 -100.00 -100.00
 219    77.122 56824.99837211 21.05  56.877047  65.983366 13.228 -100.00 -100.00 -100.00
 219    77.308 56824.99837270 22.68  56.883447  65.983673 12.505 -100.00 -100.00 -100.00
 219    77.560 56824.99837329 24.07  56.889848  65.983981 14.879 -100.00 -100.00 -100.00
 220    77.075 56834.91400699 16.49  56.876723  65.982099 14.911 -100.00 -100.00 -100.00
 220    77.368 56834.91400758 17.01  56.883122  65.982407 12.749 -100.00 -100.00 -100.00
 220    77.579 56834.91400817 21.14  56.889522  65.982714 21.566 -100.00 -100.00 -100.00
 221    76.878 56844.82963832 11.09  56.873973  65.981752 11.034 -100.00 -100.00 -100.00
 221    77.005 56844.82963891 13.16  56.880372  65.982060 17.499 -100.00 -100.00 -100.00
 221    77.046 56844.82963950 17.16  56.886772  65.982368 24.035 -100.00 -100.00 -100.00
 221    77.584 56844.82964009 18.12  56.893171  65.982675 23.873 -100.00 -100.00 -100.00
 222    76.628 56854.74528343 10.26  56.871884  65.982534 14.878  259.67  259.02  259.58
 222    76.925 56854.74528402 12.32  56.878283  65.982842 19.109  259.67  259.02  259.58
 222    76.893 56854.74528461 15.87  56.884683  65.983150 28.143  259.67  259.02  259.58
 222    77.194 56854.74528520 15.27  56.891083  65.983457 20.862  259.67  259.02  259.58
 223    31.058 56864.66093708 35.01  56.871465  65.983536   -100 -100.00 -100.00 -100.00
 223    30.952 56864.66093767 32.29  56.877865  65.983844   -100 -100.00 -100.00 -100.00
 223    31.443 56864.66093827 27.20  56.884265  65.984152 21.391 -100.00 -100.00 -100.00
 223    32.092 56864.66093886 23.55  56.890665  65.984459 12.743 -100.00 -100.00 -100.00
 224    31.327 56874.57659002 32.68  56.871385  65.983761   -100 -100.00 -100.00 -100.00
 224    31.349 56874.57659061 31.43  56.877786  65.984069   -100 -100.00 -100.00 -100.00
 224    31.482 56874.57659120 27.54  56.884186  65.984377 21.477 -100.00 -100.00 -100.00
 224    31.229 56874.57659180 27.13  56.890586  65.984684 22.865 -100.00 -100.00 -100.00
 225    31.186 56884.49223953 33.33  56.868440  65.983310   -100 -100.00 -100.00 -100.00
 225    31.197 56884.49224012 31.26  56.874840  65.983618   -100 -100.00 -100.00 -100.00
 225    30.913 56884.49224071 32.28  56.881241  65.983926   -100 -100.00 -100.00 -100.00
 225    30.941 56884.49224130 27.30  56.887642  65.984233 21.867 -100.00 -100.00 -100.00
 226    30.897 56894.40788646 40.11  56.871482  65.983082  7.900 -100.00 -100.00 -100.00
 226    30.912 56894.40788705 34.63  56.877882  65.983389   -100 -100.00 -100.00 -100.00
 226    30.926 56894.40788764 34.15  56.884283  65.983697   -100 -100.00 -100.00 -100.00
 226    31.027 56894.40788823 30.19  56.890684  65.984004 20.790 -100.00 -100.00 -100.00
 227    30.953 56904.32353001 33.49  56.872191  65.983537   -100 -100.00 -100.00 -100.00
 227    30.870 56904.32353060 29.28  56.878592  65.983844 28.703 -100.00 -100.00 -100.00
 227    30.602 56904.32353119 29.82  56.884993  65.984152   -100 -100.00 -100.00 -100.00
 227    30.696 56904.32353178 24.78  56.891394  65.984459 17.034 -100.00 -100.00 -100.00
 228    31.615 56914.23917057 28.11  56.862787  65.984438 23.351 -100.00 -100.00 -100.00
 228    31.528 56914.23917116 28.37  56.869188  65.984746 26.446 -100.00 -100.00 -100.00
 228    31.359 56914.23917175 27.37  56.875589  65.985054 25.078 -100.00 -100.00 -100.00
 228    31.494 56914.23917234 25.26  56.881990  65.985361 18.667 -100.00 -100.00 -100.00
 228    31.520 56914.23917293 22.85  56.888391  65.985668 11.091 -100.00 -100.00 -100.00
 229    74.687 56924.15480826  9.66  56.841430  65.984724  8.439 -100.00 -100.00 -100.00
 229    76.277 56924.15481004 14.28  56.860632  65.985651 11.436 -100.00 -100.00 -100.00
 229    76.351 56924.15481063 15.56  56.867034  65.985959 13.434 -100.00 -100.00 -100.00
 229    77.045 56924.15481122 16.47  56.873435  65.986267 12.253 -100.00 -100.00 -100.00
 229    77.374 56924.15481181 17.59  56.879836  65.986574 12.884 -100.00 -100.00 -100.00
 229    77.430 56924.15481240 20.19  56.886238  65.986882 15.551 -100.00 -100.00 -100.00
 230    32.354 56934.07044529 28.03  56.841946  65.985164 23.324 -100.00 -100.00 -100.00
 230    31.762 56934.07044647 29.98  56.854748  65.985783   -100 -100.00 -100.00 -100.00
 230    31.595 56934.07044706 27.39  56.861148  65.986091 26.219 -100.00 -100.00 -100.00
 230    31.550 56934.07044766 25.84  56.867549  65.986400 22.040 -100.00 -100.00 -100.00
 230    31.560 56934.07044825 23.43  56.873950  65.986708 15.902 -100.00 -100.00 -100.00
 230    31.568 56934.07044884 22.40  56.880352  65.987015 12.380 -100.00 -100.00 -100.00
 230    31.627 56934.07044943 21.62  56.886753  65.987323 11.618 -100.00 -100.00 -100.00
 231    31.669 56943.98607867 44.32  56.860575  65.985189  3.506 -100.00 -100.00 -100.00
 231    31.704 56943.98607926 40.40  56.866975  65.985498   -100 -100.00 -100.00 -100.00
 231    31.895 56943.98607985 42.93  56.873376  65.985807   -100 -100.00 -100.00 -100.00
 231    32.366 56943.98608044 46.37  56.879777  65.986115 32.507 -100.00 -100.00 -100.00
 231    32.375 56943.98608104 46.32  56.886177  65.986422 31.646 -100.00 -100.00 -100.00
 232    31.702 56953.90172679 42.26  56.866191  65.984257 24.938  254.62  251.68  248.89
 232    31.680 56953.90172738 45.01  56.872591  65.984566 27.487  254.62  251.68  248.89
 232    31.116 56953.90172797 48.05  56.878991  65.984874  1.254  254.62  251.68  248.89
 232    31.131 56953.90172856 53.23  56.885392  65.985182   -100  254.62  251.68  248.89
 232    31.083 56953.90172915 43.46  56.891793  65.985489  5.085 -100.00 -100.00 -100.00
 233    31.493 56963.81737729 38.13  56.870566  65.983961   -100  248.33  243.30  234.64
 233    31.305 56963.81737788 38.86  56.876966  65.984269   -100  248.33  243.30  234.64
 233    31.433 56963.81737847 39.97  56.883366  65.984577  5.023  248.33  243.30  234.64
 233    31.596 56963.81737906 33.06  56.889767  65.984884 28.633  248.33  243.30  234.64
 234    31.470 56973.73302252 40.59  56.868755  65.984417  2.419 -100.00 -100.00 -100.00
 234    31.535 56973.73302311 38.38  56.875156  65.984725   -100 -100.00 -100.00 -100.00
 234    31.721 56973.73302370 35.05  56.881556  65.985032   -100 -100.00 -100.00 -100.00
 234    31.643 56973.73302429 34.66  56.887957  65.985340   -100 -100.00 -100.00 -100.00
 235    31.556 56983.64866318 36.54  56.864444  65.984816   -100 -100.00 -100.00 -100.00
 235    31.468 56983.64866377 42.55  56.870845  65.985124   -100 -100.00 -100.00 -100.00
 235    31.681 56983.64866436 47.75  56.877246  65.985432 28.890 -100.00 -100.00 -100.00
 235    31.728 56983.64866495 45.44  56.883647  65.985740  4.770 -100.00 -100.00 -100.00
 235    31.563 56983.64866554 35.51  56.890048  65.986047 13.078 -100.00 -100.00 -100.00
 236    31.399 56993.56429964 37.78  56.867310  65.984294   -100  228.59  221.08  210.23
 236    31.351 56993.56430023 42.44  56.873710  65.984602 17.797  228.59  221.08  210.23
 236    31.440 56993.56430082 43.07  56.880111  65.984910   -100  228.59  221.08  210.23
 236    31.594 56993.56430141 41.64  56.886512  65.985218 13.065 -100.00 -100.00 -100.00
 237    31.170 57003.47993725 29.26  56.871964  65.982547   -100 -100.00 -100.00 -100.00
 237    31.438 57003.47993784 24.53  56.878365  65.982855 20.020 -100.00 -100.00 -100.00
 237    31.255 57003.47993843 27.31  56.884766  65.983163   -100 -100.00 -100.00 -100.00
 237    31.453 57003.47993902 21.86  56.891166  65.983471 15.024 -100.00 -100.00 -100.00
 238    31.085 57013.39559430 30.99  56.878785  65.981430   -100  245.61  241.75  234.02
 238    31.086 57013.39559489 28.15  56.885185  65.981737 29.851  245.61  241.75  234.02
 238    30.921 57013.39559548 25.30  56.891586  65.982045 19.325  245.61  241.75  234.02
 239    30.910 57023.31124570 33.31  56.881344  65.981600   -100  235.45  228.54  218.60
 239    30.739 57023.31124629 30.16  56.887745  65.981908   -100 -100.00 -100.00 -100.00
 239    30.971 57023.31124688 23.87  56.894146  65.982215 18.336 -100.00 -100.00 -100.00
 240    30.984 57033.22689346 33.64  56.872078  65.982988   -100  234.70  226.80  213.64
 240    30.822 57033.22689405 36.78  56.878479  65.983296 18.321  234.70  226.80  213.64
 240    30.973 57033.22689464 31.25  56.884880  65.983604   -100  234.70  226.80  213.64
 240    31.088 57033.22689523 24.68  56.891281  65.983911 20.211  234.70  226.80  213.64
 241    30.984 57043.14253937 32.55  56.867764  65.984373 27.591  240.16  232.88  220.43
 241    30.950 57043.14253997 36.71  56.874165  65.984681  8.061  240.16  232.88  220.43
 241    30.766 57043.14254056 33.84  56.880566  65.984989 24.947  240.16  232.88  220.43
 241    30.796 57043.14254115 28.01  56.886967  65.985297   -100 -100.00 -100.00 -100.00
 242    31.435 57053.05818314 27.50  56.866280  65.984428 16.387 -100.00 -100.00 -100.00
 242    30.946 57053.05818373 27.10  56.872681  65.984736 30.567 -100.00 -100.00 -100.00
 242    30.807 57053.05818432 27.86  56.879082  65.985044 29.538 -100.00 -100.00 -100.00
 242    30.628 57053.05818491 21.62  56.885483  65.985351 14.726 -100.00 -100.00 -100.00
 242    31.196 57053.05818550 16.38  56.891884  65.985659  6.491 -100.00 -100.00 -100.00
 243    30.743 57062.97382314 31.69  56.872921  65.983378   -100 -100.00 -100.00 -100.00
 243    30.507 57062.97382373 27.72  56.879321  65.983686   -100 -100.00 -100.00 -100.00
 243    30.924 57062.97382432 19.00  56.885722  65.983993  9.734 -100.00 -100.00 -100.00
 243    31.086 57062.97382491 16.14  56.892122  65.984301  5.823 -100.00 -100.00 -100.00
 244    30.754 57072.88945756 20.56  56.874976  65.982470 14.566 -100.00 -100.00 -100.00
 244    32.022 57072.88945815 14.97  56.881376  65.982778  6.188 -100.00 -100.00 -100.00
 244    33.117 57072.88945874 13.38  56.887776  65.983086  3.720 -100.00 -100.00 -100.00
 244    32.781 57072.88945933 13.91  56.894176  65.983393  4.827 -100.00 -100.00 -100.00
 245    30.585 57082.80508804 28.75  56.875709  65.983063   -100  242.75  238.25  227.38
 245    30.434 57082.80508863 23.86  56.882109  65.983371 18.829  242.75  238.25  227.38
 245    33.028 57082.80508922 14.75  56.888509  65.983679  4.105 -100.00 -100.00 -100.00
 246    31.794 57092.72073441 26.17  56.862270  65.984617 15.047  242.92  237.28  227.31
 246    31.052 57092.72073500 28.48  56.868670  65.984926 19.797  242.92  237.28  227.31
 246    30.659 57092.72073559 27.56  56.875071  65.985234 29.056  242.92  237.28  227.31
 246    30.712 57092.72073618 22.57  56.881471  65.985542 15.059  242.92  237.28  227.31
 246    31.366 57092.72073677 17.09  56.887872  65.985850  6.997  242.92  237.28  227.31
 247    34.036 57102.63638971 16.49  56.842164  65.985718  5.012 -100.00 -100.00 -100.00
 247    31.980 57102.63639030 16.79  56.848565  65.986027  5.815 -100.00 -100.00 -100.00
 247    32.649 57102.63639089 16.67  56.854965  65.986336  5.915 -100.00 -100.00 -100.00
 247    32.117 57102.63639148 15.79  56.861366  65.986645  4.757 -100.00 -100.00 -100.00
 247    31.805 57102.63639207 16.77  56.867767  65.986953  5.547 -100.00 -100.00 -100.00
 247    31.731 57102.63639266 16.20  56.874168  65.987261  4.623 -100.00 -100.00 -100.00
 247    31.249 57102.63639325 16.95  56.880569  65.987569  6.637 -100.00 -100.00 -100.00
 247    31.178 57102.63639384 16.39  56.886971  65.987877  5.866 -100.00 -100.00 -100.00
 248    38.343 57112.55204330 12.23  56.843456  65.985976  2.661 -100.00 -100.00 -100.00
 248    38.255 57112.55204389 12.09  56.849857  65.986285  2.515 -100.00 -100.00 -100.00
 248    37.444 57112.55204448 12.58  56.856258  65.986594  3.187 -100.00 -100.00 -100.00
 248    35.810 57112.55204507 14.72  56.862659  65.986903  5.247 -100.00 -100.00 -100.00
 248    31.265 57112.55204566 17.73  56.869060  65.987211  8.888 -100.00 -100.00 -100.00
 248    35.692 57112.55204625 15.20  56.875462  65.987519  6.528 -100.00 -100.00 -100.00
 248    35.778 57112.55204684 13.73  56.881863  65.987827  4.894 -100.00 -100.00 -100.00
 248    35.711 57112.55204743 12.15  56.888265  65.988134  2.412 -100.00 -100.00 -100.00
 249    31.034 57122.46769204 29.08  56.857398  65.985028   -100 -100.00 -100.00 -100.00
 249    30.859 57122.46769263 29.03  56.863799  65.985336 31.860 -100.00 -100.00 -100.00
 249    30.930 57122.46769322 28.47  56.870200  65.985644 30.023 -100.00 -100.00 -100.00
 249    30.958 57122.46769381 29.75  56.876601  65.985952 30.826 -100.00 -100.00 -100.00
 249    31.041 57122.46769440 29.84  56.883002  65.986260   -100 -100.00 -100.00 -100.00
 249    30.828 57122.46769499 31.10  56.889403  65.986567   -100 -100.00 -100.00 -100.00
 250    36.156 57132.38333519 19.53  56.870521  65.983887 12.199 -100.00 -100.00 -100.00
 250    35.760 57132.38333578 19.60  56.876921  65.984195 13.569 -100.00 -100.00 -100.00
 250    31.428 57132.38333637 17.24  56.883322  65.984503  8.979 -100.00 -100.00 -100.00
 250    31.321 57132.38333696 19.49  56.889723  65.984810 14.120 -100.00 -100.00 -100.00
