# NaN NaN NaN ;Mean Elev.(m), Avg Gradient(m/km), RMS Gradient(m/km) - SRTM1     
#   23.616  -1.086   5.736 ;Mean Elev.(m), Avg Gradient(m/km), RMS Gradient(m/km) - ASTER GDEM
#   37.110  -0.501   4.658 ;Mean Elev.(m), Avg Gradient(m/km), RMS Gradient(m/km) - GMTED2010 
   1  56.870153  65.983812    31.836    31.836  2 54663.38819806 37.987
   2  56.875728  65.985032    76.917    77.004  5 54673.30384351 10.904
   3  56.873091  65.986221     7.211     7.222  6 54683.21948679  9.741
   4  56.864002  65.986371    77.326    76.714  8 54693.13512815 14.598
   5  56.874179  65.986019     7.821     7.888  6 54703.05076878 13.152
   6  56.880117  65.984356    80.823    81.258  4 54712.96641851 24.643
   7  56.883611  65.982883    12.387    12.398  4 54722.88206962 15.968
   8  56.885102  65.982489    76.714    76.731  3 54732.79771815 17.023
   9  56.882592  65.983452    77.161    77.174  4 54742.71336481 19.860
  10  56.881660  65.984320    81.463    81.865  4 54752.62901140 23.779
  11  56.878445  65.983929    77.045    77.125  4 54762.54465740 20.512
  12  56.883547  65.982610    76.686    76.648  4 54772.46030164 12.593
  13  56.887029  65.981527    93.594    94.657  3 54782.37594282 17.734
  14  56.887296  65.981512    79.248    79.419  3 54792.29158128 23.106
  17  56.877969  65.984213    32.037    32.036  4 54822.03849698 27.569
  18  56.878562  65.983851    31.876    31.834  4 54831.95414905 21.666
  19  56.877433  65.983987    31.755    31.704  4 54841.86978757 21.230
  20  56.876974  65.985276    32.047    32.006  5 54851.78543650 17.216
  21  56.864524  65.986449    32.375    32.008  8 54861.70108400 17.142
  22  56.863893  65.987221    32.647    32.294  9 54871.61673258 18.225
  23  56.869922  65.986228    32.442    32.278  6 54881.53238003 15.818
  24  56.881814  65.984107    31.871    31.711  4 54891.44802471 14.802
  25  56.884388  65.982083    31.665    31.572  3 54901.36366564 16.149
  26  56.884951  65.982304    31.099    31.055  3 54911.27930469 18.984
  27  56.882622  65.983842    32.463    32.573  4 54921.19494238 15.788
  28  56.879388  65.984733    35.510    35.729  4 54931.11057937 14.090
  29  56.878225  65.983677    34.386    34.268  4 54941.02621509 11.953
  30  56.886842  65.981957    35.026    35.045  3 54950.94185004 13.282
  31  56.888844  65.980595    31.248    31.265  4 54960.85749074 27.004
  32  56.886182  65.981276    35.573    35.548  3 54970.77313917 36.829
  33  56.882447  65.983002    76.803    76.922  3 54980.68878636 29.438
  34  56.879660  65.984504    76.868    76.943  5 54990.60443335 26.052
  35  56.877432  65.984597    81.496    81.032  4 55000.52008014 14.645
  36  56.878548  65.984398    76.914    77.048  4 55010.43572544 12.725
  37  56.877343  65.984088    76.650    76.629  4 55020.35136895 11.587
  38  56.876491  65.985034    76.903    76.898  4 55030.26701135 17.624
  39  56.874679  65.986292    31.296    31.305  6 55040.18265300 31.974
  40  56.865088  65.986446    30.660    30.609  8 55050.09829253 35.288
  41  56.875317  65.985551    30.486    30.490  6 55060.01393171 36.707
  42  56.882873  65.983260    30.808    30.831  4 55069.92957296 43.750
  43  56.884941  65.981262    30.832    30.860  3 55079.84522249 37.675
  44  56.887166  65.981431    31.050    31.048  4 55089.76087017 28.091
  45  56.881808  65.983009    31.765    31.712  4 55099.67651608 26.238
  46  56.879697  65.984653    32.089    32.128  4 55109.59216178 27.991
  47  56.881509  65.984371    32.209    32.229  4 55119.50780635 31.400
  48  56.883277  65.982256    31.483    31.477  3 55129.42344834 49.836
  49  56.888340  65.980554    31.437    31.411  3 55139.33908861 45.480
  50  56.887162  65.980842    31.363    31.400  3 55149.25472713 43.216
  51  56.884405  65.982942    31.781    31.722  4 55159.17036520 45.896
  52  56.877769  65.984640    31.155    31.142  4 55169.08600257 33.749
  53  56.875154  65.984972    31.410    31.459  5 55179.00163928 25.401
  54  56.881287  65.984434    31.924    31.298  4 55188.91728578 19.414
  55  56.879690  65.984188    31.550    31.459  4 55198.83293624 18.536
  56  56.874758  65.984897    32.201    32.072  5 55208.74858555 17.868
  57  56.869675  65.986068    31.898    31.928  7 55218.66423436 18.821
  58  56.869427  65.986240    32.047    31.860  6 55228.57988280 19.369
  59  56.878153  65.985288    31.596    31.456  5 55238.49552895 18.406
  60  56.881805  65.983019    33.309    33.187  3 55248.41117105 17.228
  61  56.885731  65.981544    32.464    32.459  3 55258.32681079 16.038
  62  56.884453  65.981642    32.194    32.033  3 55268.24244932 16.443
  63  56.882694  65.983119    32.532    32.777  3 55278.15808747 14.691
  64  56.877105  65.983845    36.897    36.880  4 55288.07372401 11.063
  65  56.881496  65.983586    31.623    31.654  4 55297.98935904 13.209
  66  56.884121  65.981920    31.040    31.021  3 55307.90500160 24.047
  67  56.888375  65.980866    86.292    85.704  4 55317.82064829 25.726
  68  56.887398  65.981262    84.347    84.345  4 55327.73629345 26.396
  69  56.884079  65.983062    77.044    77.028  4 55337.65193770 21.175
  70  56.879145  65.984715    76.910    76.812  4 55347.56758135 16.356
  71  56.873270  65.985118    76.832    76.788  5 55357.48322323 21.220
  72  56.879004  65.985122    77.223    77.265  5 55367.39886411 20.287
  73  56.878327  65.984659    77.078    77.337  5 55377.31450294 16.181
  74  56.875886  65.984752    91.250    92.201  5 55387.23014076 16.378
  75  56.873093  65.985088    31.470    31.449  5 55397.14577764 33.786
  76  56.875079  65.985095    31.277    31.159  5 55407.06142073 31.105
  77  56.880122  65.984236    30.736    30.667  4 55416.97707229 35.832
  78  56.882748  65.982474    76.984    77.035  4 55426.89272018 18.978
  79  56.886361  65.981502    78.272    78.054  4 55436.80836551 21.470
  80  56.885461  65.981765    77.047    77.074  3 55446.72400914 20.112
  81  56.883073  65.982855    77.031    77.034  4 55456.63965221 19.914
  82  56.877879  65.983565    76.983    76.916  4 55466.55529432 20.171
  83  56.882003  65.983299    77.097    77.191  4 55476.47093410 19.540
  84  56.884901  65.981997    76.951    76.933  4 55486.38657055 23.276
  85  56.887694  65.980955    77.295    77.436  3 55496.30220483 23.867
  86  56.889229  65.981644    79.447    79.533  3 55506.21784036 23.012
  87  56.881325  65.983054    32.670    32.712  4 55516.13349019 45.153
  88  56.877819  65.984573    32.727    32.709  4 55526.04913949 46.636
  89  56.875534  65.985121    32.360    32.349  5 55535.96478688 33.889
  90  56.877726  65.985123    32.443    32.432  5 55545.88043253 25.204
  91  56.876989  65.985132    32.310    32.247  5 55555.79607608 21.893
  92  56.875135  65.985471    32.631    31.877  5 55565.71171865 21.719
  93  56.874848  65.985430    32.236    31.940  5 55575.62736074 19.646
  94  56.879657  65.984546    31.888    31.858  4 55585.54300156 19.791
  95  56.881986  65.982954    33.514    33.605  3 55595.45863885 19.058
  96  56.886333  65.981883    32.305    32.311  4 55605.37427313 18.243
  97  56.886785  65.981617    32.856    32.750  4 55615.28990498 17.631
  98  56.883275  65.982181    32.928    32.782  3 55625.20554511 16.760
  99  56.881420  65.982793    31.785    31.716  4 55635.12119723 18.829
 100  56.882010  65.982869    32.697    32.107  3 55645.03684738 18.596
 101  56.884769  65.982420    35.162    34.898  3 55654.95249494 14.815
 102  56.887107  65.981883    31.170    31.171  3 55664.86813792 39.597
 103  56.885594  65.981848    33.740    33.732  3 55674.78377761 37.117
 104  56.882487  65.982599    34.739    34.741  4 55684.69941556 39.069
 105  56.879138  65.983626    77.136    77.153  4 55694.61505230 17.502
 106  56.878191  65.984390    83.011    83.065  5 55704.53068792 28.300
 107  56.877209  65.984603    84.357    86.707  4 55714.44633451 15.458
 108  56.876547  65.984751    34.767    34.542  5 55724.36198351 28.208
 109  56.874396  65.985119    32.609    32.588  5 55734.27763042 45.316
 110  56.876971  65.985736    31.477    31.417  5 55744.19327650 30.730
 111  56.873074  65.985249    30.986    30.958  5 55754.10892045 38.292
 112  56.877246  65.983883    30.612    30.598  4 55764.02456280 47.305
 113  56.883547  65.982247    30.815    30.811  4 55773.94020254 29.160
 114  56.884904  65.981109    30.949    30.975  3 55783.85583850 28.863
 115  56.888156  65.981865    30.581    30.560  3 55793.77147229 29.572
 116  56.883816  65.982932    30.950    30.951  4 55803.68710816 24.365
 117  56.883305  65.983600    30.586    30.622  4 55813.60275783 46.856
 118  56.882277  65.982796    30.302    30.297  3 55823.51840547 34.430
 119  56.884482  65.981601    77.149    77.366  3 55833.43404867 14.919
 120  56.890037  65.981265    31.191    31.190  3 55843.34968803 26.689
 121  56.887632  65.981964    77.176    77.156  3 55853.26532364 21.085
 122  56.882216  65.983461    32.296    32.287  4 55863.18095937 40.345
 123  56.877158  65.984647    31.272    31.189  4 55873.09661295 46.241
 133  56.887184  65.982052    30.887    30.931  3 55972.25305106 21.346
 134  56.881116  65.983632    31.678    31.776  4 55982.16868661 16.912
 135  56.881990  65.984040    31.439    31.381  4 55992.08432120 17.657
 136  56.884765  65.983085    31.820    31.844  4 56001.99996879 18.141
 137  56.887243  65.981463    31.968    31.994  4 56011.91561883 17.551
 138  56.889309  65.981208    32.544    32.560  3 56021.83126525 14.436
 139  56.884669  65.982472    30.530    30.470  3 56031.74690826 31.403
 141  56.873443  65.985552    35.945    35.961  5 56051.57818765 45.678
 142  56.876941  65.985524    76.789    76.890  5 56061.49382416 20.048
 143  56.879912  65.984446    77.174    77.155  4 56071.40946302 19.320
 144  56.880377  65.984164    77.037    77.080  4 56081.32511364 19.562
 145  56.878528  65.984825    77.187    77.154  5 56091.24076143 17.250
 146  56.873842  65.985708    76.966    76.977  5 56101.15640660 17.243
 147  56.877925  65.985594    31.317    31.371  5 56111.07203830 39.685
 148  56.883409  65.983835    77.166    77.258  4 56120.98767832 15.605
 149  56.889230  65.981523    32.037    32.025  3 56130.90331465 24.185
 150  56.889249  65.980435    31.564    31.353  3 56140.81894890 36.366
 151  56.885276  65.981786    31.418    31.440  4 56150.73459956 42.888
 152  56.881174  65.983866    31.275    31.246  4 56160.65024836 29.122
 153  56.878394  65.984629    30.824    30.763  5 56170.56589563 29.502
 154  56.883456  65.983583    78.739    78.426  4 56180.48153959 19.614
 155  56.884413  65.981713    31.595    31.588  3 56190.39717916 31.800
 156  56.888236  65.981203    77.285    77.345  3 56200.31281613 21.966
 157  56.884728  65.982576    77.143    77.140  3 56210.22845006 18.839
 158  56.879443  65.984653    78.008    77.235  5 56220.14408198 19.999
 159  56.870645  65.985928    31.505    31.488  6 56230.05973095 53.361
 160  56.872010  65.985723    30.608    30.538  5 56239.97538432 40.635
 161  56.877509  65.984966    31.722    31.622  5 56249.89103412 50.209
 162  56.879526  65.984193    31.679    31.611  5 56259.80667879 43.441
 163  56.877775  65.984530    31.165    31.183  4 56269.72232053 38.474
 164  56.874123  65.984951    31.094    31.118  5 56279.63796037 34.660
 165  56.874545  65.985153    30.888    30.925  5 56289.55361137 34.419
 166  56.878122  65.983733    30.635    30.630  4 56299.46926001 30.844
 167  56.884737  65.981899    30.481    30.512  4 56309.38490491 29.378
 168  56.887815  65.981015    30.342    30.360  3 56319.30054712 26.232
 169  56.884572  65.982080    30.239    30.241  4 56329.21618784 23.974
 170  56.882246  65.983908    30.452    30.463  4 56339.13182781 25.329
 171  56.878718  65.984634    30.635    30.660  4 56349.04746556 23.583
 172  56.881055  65.983569    32.243    32.388  3 56358.96310123 17.038
 173  56.884575  65.982126    32.337    32.374  4 56368.87875208 17.020
 175  56.884098  65.983506    31.905    31.905  2 56388.71004519 15.952
 176  56.873860  65.985380    30.368    30.319  5 56398.62568770 27.887
 177  56.863129  65.986161    30.564    30.569  8 56408.54132768 36.864
 178  56.874691  65.986199    33.233    33.240  6 56418.45696537 41.138
 179  56.876234  65.984790    76.707    76.629  5 56428.37259829 21.373
 180  56.879386  65.984351    77.160    77.160  4 56438.28825241 21.065
 181  56.877456  65.984517    76.966    76.900  4 56448.20390349 17.852
 182  56.877955  65.985128    34.391    34.359  5 56458.11955260 28.090
 183  56.878862  65.984762    33.072    32.970  5 56468.03519844 53.791
 184  56.878505  65.983496    31.537    31.596  4 56477.95084009 33.909
 185  56.886309  65.982216    30.935    30.903  4 56487.86647868 51.751
 187  56.883701  65.982174    30.075    30.047  3 56507.69774794 35.403
 188  56.879838  65.983308    30.187    30.154  4 56517.61338511 29.188
 189  56.880008  65.984052    30.067    30.045  4 56527.52903944 33.229
 190  56.877633  65.983593    79.247    79.583  4 56537.44468925 24.529
 192  56.884163  65.983015    30.695    30.710  4 56557.27597943 34.663
 193  56.878209  65.983912    30.428    30.404  4 56567.19162144 26.338
 194  56.873140  65.985457    31.555    31.593  5 56577.10726222 44.592
 195  56.874072  65.986361    30.934    30.924  6 56587.02290003 47.960
 196  56.874882  65.985993    30.977    30.967  5 56596.93854027 48.181
 197  56.877058  65.985196    33.697    33.685  5 56606.85419228 43.842
 198  56.876949  65.984608    33.240    33.245  5 56616.76983920 51.697
 199  56.878255  65.984566    31.981    31.900  4 56626.68548281 48.468
 200  56.877258  65.984446    32.030    32.069  4 56636.60112348 44.852
 201  56.882693  65.984078    31.689    31.686  4 56646.51676467 25.736
 202  56.881282  65.983119    31.595    31.564  4 56656.43241677 13.600
 203  56.885860  65.982383    31.436    31.416  4 56666.34806506 18.150
 205  56.880639  65.983112    31.178    31.180  4 56686.17935401 18.318
 206  56.881175  65.983993    30.930    30.859  4 56696.09499623 20.439
 207  56.879046  65.983899    30.972    30.847  4 56706.01063363 18.499
 208  56.881563  65.983295    36.320    36.245  3 56715.92626658 11.281
 209  56.881553  65.983205    77.840    77.793  3 56725.84192002  6.055
 211  56.873863  65.985299    36.703    36.776  5 56745.67321494 11.117
 212  56.869617  65.986075    35.674    35.801  7 56755.58885641 12.021
 213  56.874813  65.986145    30.448    30.422  6 56765.50449307 37.255
 214  56.873313  65.985175    31.463    31.424  5 56775.42013201 32.465
 215  56.876032  65.985067    33.227    33.211  5 56785.33578898 33.473
 216  56.877478  65.985364    76.615    76.538  5 56795.25144220 27.335
 217  56.874699  65.985404    76.856    76.727  5 56805.16709103 22.233
 219  56.880247  65.983519    77.222    77.215  4 56824.99837240 22.129
 220  56.883122  65.982407    77.341    77.368  3 56834.91400758 18.747
 221  56.883572  65.982214    77.128    77.026  4 56844.82963921 15.752
 222  56.881483  65.982996    76.910    76.909  4 56854.74528432 13.978
 223  56.881065  65.983998    31.386    31.250  4 56864.66093797 31.473
 224  56.880986  65.984223    31.347    31.338  4 56874.57659091 30.342
 225  56.878041  65.983772    31.059    31.064  4 56884.49224041 31.551
 226  56.881083  65.983543    30.941    30.919  4 56894.40788735 36.234
 227  56.881792  65.983998    30.780    30.783  4 56904.32353089 30.355
 228  56.875589  65.985054    31.503    31.511  5 56914.23917175 26.828
 229  56.870234  65.986113    76.527    76.702  6 56924.15481092 16.663
 230  56.867549  65.986399    31.717    31.665  7 56934.07044766 26.465
 231  56.873376  65.985807    32.002    31.928  5 56943.98607985 44.589
 232  56.878991  65.984874    31.343    31.322  5 56953.90172797 48.387
 233  56.880166  65.984423    31.456    31.463  4 56963.81737817 38.154
 234  56.878356  65.984878    31.592    31.589  4 56973.73302341 37.865
 235  56.877246  65.985432    31.599    31.670  5 56983.64866436 43.824
 236  56.876911  65.984756    31.446    31.419  4 56993.56430053 41.644
 237  56.881565  65.983009    31.329    31.347  4 57003.47993813 26.577
 238  56.885185  65.981737    31.031    31.085  3 57013.39559489 28.747
 239  56.887745  65.981908    30.873    30.910  3 57023.31124629 30.574
 240  56.881679  65.983450    30.967    30.978  4 57033.22689435 33.376
 241  56.877365  65.984835    30.874    30.873  4 57043.14254026 33.775
 242  56.879082  65.985044    31.002    30.831  5 57053.05818432 25.740
 243  56.882521  65.983840    30.815    30.833  4 57062.97382403 27.380
 244  56.884576  65.982932    32.168    32.401  4 57072.88945845 16.802
 245  56.882109  65.983371    31.349    30.585  3 57082.80508863 25.327
 246  56.875071  65.985234    31.117    30.882  5 57092.72073559 25.845
 247  56.864567  65.986798    32.093    32.124  8 57102.63639178 16.520
 248  56.865860  65.987056    36.037    36.770  8 57112.55204536 14.254
 249  56.873401  65.985798    30.941    30.931  6 57122.46769351 29.629
 250  56.880122  65.984349    33.666    33.594  4 57132.38333608 19.069
