# NaN NaN NaN ;Mean Elev.(m), Avg Gradient(m/km), RMS Gradient(m/km) - SRTM1     
#    7.742   0.498   9.221 ;Mean Elev.(m), Avg Gradient(m/km), RMS Gradient(m/km) - ASTER GDEM
#   39.000   1.016   8.309 ;Mean Elev.(m), Avg Gradient(m/km), RMS Gradient(m/km) - GMTED2010 
   2  54.834364  65.735755    23.371    23.642  3 54672.36856591 27.405
   3  54.836021  65.736624     7.439     7.528  3 54682.28420968 16.027
   4  54.840729  65.737031    23.365    22.629  3 54692.19985252 27.211
   5  54.836288  65.737216     8.026     8.041  3 54702.11549214 14.341
   6  54.836961  65.735511    97.258    97.258  2 54712.03114033  2.093
   7  54.836342  65.733766    12.234    12.234  2 54721.94679139 24.846
   8  54.835160  65.732647    23.124    23.124  2 54731.86243980 26.750
   9  54.833678  65.732973    21.554    21.723  3 54741.77808649 45.596
  10  54.835009  65.733372    23.622    22.920  3 54751.69373331 28.532
  11  54.834293  65.733453    24.588    24.588  2 54761.60937973 26.611
  12  54.832774  65.732667    23.408    23.408  2 54771.52502370 28.223
  13  54.832364  65.731904    21.856    21.856  2 54781.44066468 42.671
  14  54.834666  65.731577    20.458    20.458  2 54791.35630335 40.997
  17  54.836643  65.734768    24.756    24.771  3 54821.10321880 15.094
  18  54.837221  65.734491    24.841    24.896  3 54831.01887108 12.179
  19  54.834113  65.734699    24.513    24.510  3 54840.93450952 12.766
  20  54.836923  65.735187    24.900    24.900  2 54850.85015872 13.156
  21  54.838582  65.736290    24.612    24.573  3 54860.76580737 12.422
  22  54.840319  65.736806    24.897    24.918  3 54870.68145613 13.583
  23  54.838154  65.735909    25.105    25.157  3 54880.59710320 15.353
  24  54.833488  65.733972    24.465    24.553  3 54890.51274686 16.130
  25  54.834836  65.731792    24.500    24.500  2 54900.42838808 17.653
  26  54.832374  65.731967    22.600    22.600  2 54910.34402685 18.706
  27  54.834202  65.733283    24.545    24.413  3 54920.25966478 17.430
  28  54.834391  65.734429    24.968    24.940  3 54930.17530213 12.752
  29  54.835063  65.733874    24.949    24.949  2 54940.09093847 10.949
  30  54.833462  65.732566    24.750    24.750  2 54950.00657299 14.471
  31  54.833271  65.731512    20.339    20.339  2 54959.92221208 23.731
  32  54.834752  65.731915    21.244    21.222  3 54969.83786080 32.936
  33  54.833772  65.733523    26.520    26.583  3 54979.75350805 36.381
  34  54.836054  65.734576    74.938    74.912  3 54989.66915542 26.119
  35  54.837620  65.734462    28.552    28.525  3 54999.58480276 48.466
  36  54.836439  65.734308    25.125    25.212  3 55009.50044806 30.752
  37  54.836385  65.734285    23.892    23.892  2 55019.41609177 30.546
  38  54.834863  65.735447    21.984    22.001  3 55029.33173402 47.874
  39  54.840706  65.736315    24.908    24.747  3 55039.24737638 23.642
  40  54.840485  65.737080    22.311    22.548  3 55049.16301691 28.993
  41  54.837007  65.736240    21.982    22.044  3 55059.07865514 27.957
  42  54.833689  65.734042    18.807    18.649  3 55068.99429438 35.280
  43  54.832176  65.731823    20.242    20.323  3 55078.90994410 43.839
  44  54.832206  65.731533    20.527    19.709  3 55088.82559173 37.858
  45  54.834029  65.732847    20.736    20.736  2 55098.74123805 39.206
  46  54.836596  65.734164    22.905    22.905  2 55108.65688393 24.437
  47  54.836893  65.733802    22.251    22.235  3 55118.57252857 36.252
  48  54.832316  65.732150    24.770    24.770  2 55128.48817043 26.822
  49  54.831789  65.730459    19.651    19.625  3 55138.40381058 39.865
  50  54.833333  65.730794    22.178    22.178  2 55148.31944933 30.626
  51  54.834318  65.733143    22.666    22.666  2 55158.23508745 28.416
  52  54.835706  65.735242    24.291    24.346  3 55168.15072541 22.122
  53  54.839730  65.735632    24.726    24.699  3 55178.06636297 19.701
  54  54.835952  65.734942    24.459    24.461  3 55187.98200738 18.404
  55  54.836236  65.734281    24.634    24.634  2 55197.89765823 17.862
  56  54.834328  65.735140    24.376    24.360  3 55207.81330778 17.270
  57  54.835010  65.736540    24.050    24.155  3 55217.72895699 18.505
  58  54.837367  65.736653    24.236    24.336  3 55227.64460569 18.290
  59  54.836296  65.735202    24.261    24.165  3 55237.56025129 17.732
  60  54.833384  65.732722    24.518    24.572  3 55247.47589328 17.670
  61  54.832026  65.730868    24.453    24.651  3 55257.39153290 17.021
  62  54.832846  65.731101    24.268    24.296  3 55267.30717177 19.063
  63  54.835107  65.732947    24.700    24.674  3 55277.22281020 16.106
  64  54.833808  65.734559    25.059    25.093  3 55287.13844717 12.365
  65  54.833613  65.734397    23.848    24.668  3 55297.05408202 13.569
  66  54.834833  65.732308    24.754    24.754  2 55306.96972341 19.520
  67  54.833482  65.730755    23.243    23.386  3 55316.88537001 30.744
  68  54.833381  65.731158    26.037    26.037  2 55326.80101540 51.085
  69  54.833750  65.733254    28.360    28.360  2 55336.71665976 54.120
  70  54.837636  65.734979    22.648    22.670  3 55346.63230398 43.998
  71  54.836439  65.735650    24.226    24.270  3 55356.54794639 33.957
  72  54.836187  65.735240    22.904    22.904  2 55366.46358693 33.170
  73  54.834896  65.734876    24.062    24.389  3 55376.37922590 31.276
  74  54.838344  65.735117    22.592    22.675  3 55386.29486437 31.154
  75  54.835458  65.736302    22.481    22.539  3 55396.21050134 26.264
  76  54.839467  65.736418    20.071    19.917  3 55406.12614307 45.463
  77  54.839008  65.735092    20.268    19.275  3 55416.04179440 33.494
  78  54.835254  65.732875    20.928    20.774  3 55425.95744216 30.342
  79  54.833211  65.731155    20.234    20.234  2 55435.87308736 39.507
  80  54.831831  65.731252    22.956    22.877  3 55445.78873119 26.696
  81  54.835406  65.732445    21.404    21.347  3 55455.70437468 42.141
  82  54.836360  65.733918    24.673    24.673  2 55465.62001721 24.249
  83  54.835008  65.733973    23.472    23.561  3 55475.53565661 28.736
  84  54.833007  65.732617    24.719    24.824  3 55485.45129290 24.350
  85  54.833152  65.731160    21.271    21.271  2 55495.36692729 47.799
  86  54.833569  65.731782    21.080    21.054  3 55505.28256123 48.574
  87  54.834842  65.733518    21.256    21.256  2 55515.19821183 42.583
  88  54.838437  65.735180    21.982    22.018  3 55525.11386175 41.262
  89  54.838185  65.735794    23.376    23.710  3 55535.02950942 24.316
  90  54.835159  65.735430    24.423    24.345  3 55544.94515486 20.625
  91  54.836615  65.734822    24.645    24.675  3 55554.86079882 19.323
  92  54.837782  65.735042    24.750    24.731  3 55564.77644175 17.927
  93  54.837337  65.735574    24.709    24.709  2 55574.69208390 17.880
  94  54.834708  65.735342    24.503    24.474  3 55584.60772433 17.408
  95  54.834346  65.734069    24.648    24.493  3 55594.52336163 17.139
  96  54.835660  65.732561    24.848    24.701  3 55604.43899580 17.156
  97  54.832937  65.732276    24.681    24.681  2 55614.35462749 15.910
  98  54.833460  65.732782    24.460    24.460  2 55624.27026615 16.611
  99  54.836716  65.733215    24.887    24.765  3 55634.18591905 16.798
 100  54.835079  65.733605    24.752    24.752  2 55644.10156927 16.406
 101  54.835765  65.733125    24.742    24.845  3 55654.01721691 16.378
 102  54.834850  65.732183    21.431    21.431  2 55663.93285993 21.255
 103  54.833260  65.731858    21.721    21.716  3 55673.84849988 30.375
 104  54.834380  65.732423    24.830    24.830  2 55683.76413847 32.335
 105  54.835915  65.733940    25.943    25.952  3 55693.67977575 30.399
 106  54.835166  65.735630    24.236    24.247  3 55703.59541136 46.225
 107  54.839279  65.735861    26.712    26.654  3 55713.51105674 53.050
 108  54.838757  65.735607    26.116    26.150  3 55723.42670591 30.203
 109  54.838480  65.735421    22.413    22.686  3 55733.34235314 35.468
 110  54.836816  65.735589    20.783    20.783  2 55743.25799898 46.237
 111  54.834650  65.735558    21.449    22.429  3 55753.17364342 31.382
 112  54.835597  65.734536    20.102    18.972  3 55763.08928590 36.891
 113  54.834558  65.733253    20.468    20.468  2 55773.00492540 32.542
 114  54.834006  65.732069    18.657    18.657  2 55782.92056146 33.245
 115  54.833615  65.732354    18.610    18.610  2 55792.83619491 34.216
 116  54.836310  65.733262    19.547    19.594  3 55802.75182970 38.575
 117  54.837175  65.733811    18.684    18.674  3 55812.66747963 34.554
 118  54.835455  65.733653    18.858    18.879  3 55822.58312764 39.148
 119  54.834699  65.732837    18.997    18.997  2 55832.49877097 40.031
 120  54.833486  65.732272    90.980    90.980  2 55842.41440986  4.717
 121  54.834823  65.732553    81.567    81.469  3 55852.33004590  8.272
 122  54.835323  65.734106    21.935    21.872  3 55862.24568020 40.848
 123  54.835106  65.735159    20.082    20.077  3 55872.16133462 35.749
 133  54.832556  65.732332    23.590    23.590  2 55971.31777305 19.230
 134  54.835480  65.733906    24.028    23.941  3 55981.23340942 17.759
 135  54.835159  65.734617    24.138    23.967  3 55991.14904429 16.751
 136  54.836326  65.733638    23.916    23.916  2 56001.06469022 18.432
 137  54.833165  65.732212    23.887    23.887  2 56010.98034034 18.770
 138  54.833142  65.731724    24.205    24.470  3 56020.89598682 16.681
 139  54.834455  65.732619    25.564    25.567  3 56030.81163040  8.603
 141  54.834385  65.735892    23.162    23.179  3 56050.64291101 42.474
 142  54.837328  65.736104    24.457    24.457  2 56060.55854786 28.300
 143  54.839086  65.735411    26.937    26.910  3 56070.47418496 30.583
 144  54.837687  65.734976    24.772    24.791  3 56080.38983566 48.182
 145  54.835338  65.735464    23.758    23.878  3 56090.30548357 30.447
 146  54.837617  65.736098    24.334    24.334  2 56100.22112947 25.487
 147  54.838548  65.735663    23.478    23.323  3 56110.13676119 28.068
 148  54.837085  65.733970    19.995    19.990  3 56120.05240120 42.182
 149  54.832192  65.732214    19.523    19.523  2 56129.96803723 35.818
 150  54.834363  65.731291    20.325    20.308  3 56139.88367074 48.508
 151  54.833747  65.732437    20.291    20.057  3 56149.79932100 39.950
 152  54.836325  65.734184    19.795    19.773  3 56159.71497020 35.666
 153  54.838132  65.734781    24.726    24.969  3 56169.63061796 22.509
 154  54.834021  65.733823    18.952    18.681  3 56179.54626173 31.076
 155  54.833790  65.732069    20.693    20.505  3 56189.46190172 42.475
 156  54.835007  65.731495    20.986    20.986  2 56199.37753871 43.241
 157  54.834884  65.733335    21.487    21.368  3 56209.29317286 47.030
 158  54.835146  65.736018    24.469    24.437  3 56219.20880526 22.320
 159  54.839921  65.737070    24.349    24.382  3 56229.12445318 21.134
 160  54.839128  65.736462    19.855    19.757  3 56239.04010687 34.709
 161  54.838556  65.735217    19.999    19.990  3 56248.95575671 31.007
 162  54.833802  65.734762    23.770    23.757  3 56258.87140124 20.340
 163  54.834937  65.735301    23.222    24.020  3 56268.78704332 19.906
 164  54.835085  65.736036    22.486    23.429  3 56278.70268358 19.451
 165  54.836970  65.735715    24.094    24.094  2 56288.61833344 18.577
 166  54.837281  65.733703    24.109    24.128  3 56298.53398223 19.065
 167  54.832316  65.731733    24.201    24.201  2 56308.44962663 18.247
 168  54.833723  65.730614    23.911    23.911  2 56318.36526905 20.150
 169  54.835100  65.731972    22.956    23.954  3 56328.28091020 21.577
 170  54.834404  65.734293    19.559    19.677  3 56338.19655019 26.538
 171  54.836399  65.735356    23.997    23.997  2 56348.11218856 20.220
 172  54.836094  65.734437    24.322    24.322  2 56358.02782401 17.056
 173  54.834704  65.732363    24.314    24.133  3 56367.94347372 16.804
 175  54.834612  65.733198    24.502    24.402  3 56387.77476736 15.619
 176  54.835087  65.735801    25.320    25.449  3 56397.69041069 10.830
 177  54.840212  65.737003    18.493    18.574  3 56407.60605217 30.720
 178  54.839126  65.736852    21.518    21.511  3 56417.52168919 32.288
 179  54.835887  65.735861    25.305    25.282  3 56427.43732138 52.529
 180  54.835415  65.734653    23.632    23.632  2 56437.35297402 44.556
 181  54.834711  65.734705    24.630    24.782  3 56447.26862547 27.413
 182  54.836715  65.735330    81.722    81.834  3 56457.18427491  9.276
 183  54.837298  65.735054    23.443    23.471  3 56467.09992105 50.879
 184  54.836608  65.733673    21.000    21.006  3 56477.01556308 46.894
 185  54.832657  65.732073    20.860    19.928  3 56486.93120113 35.050
 187  54.834543  65.732680    18.229    18.229  2 56506.76247123 29.158
 188  54.835984  65.734785    22.065    22.267  3 56516.67810650 25.532
 189  54.836460  65.735372    22.987    22.987  2 56526.59376096 24.439
 190  54.834889  65.734640    18.922    18.897  3 56536.50941111 31.026
 192  54.834159  65.732613    19.394    19.355  3 56556.34070138 41.011
 193  54.834472  65.733935   101.203   101.203  2 56566.25634406  3.515
 194  54.835639  65.736163    18.928    18.946  3 56576.17198545 35.267
 195  54.841472  65.737245    20.003    20.085  3 56586.08762403 41.426
 196  54.836440  65.737457    21.265    21.313  3 56596.00326190 35.517
 197  54.836679  65.735829    96.011   100.910  3 56605.91891431 15.034
 198  54.835604  65.734724    22.713    22.713  2 56615.83456170 40.960
 199  54.838316  65.734432    20.672    20.702  3 56625.75020580 39.186
 200  54.835768  65.734983    23.828    23.828  2 56635.66584662 21.947
 201  54.838792  65.734803    24.528    24.485  3 56645.58148593 17.758
 202  54.834608  65.733868    24.789    24.789  2 56655.49713807  6.044
 203  54.835183  65.732245    24.759    24.759  2 56665.41278638 12.690
 205  54.834466  65.732637    24.240    24.219  3 56685.24407636 14.348
 206  54.836563  65.733938    24.164    24.255  3 56695.15971900 15.004
 207  54.835870  65.734910    23.909    23.779  3 56705.07535692 15.259
 208  54.836402  65.734633    25.259    25.259  2 56714.99098954  7.372
 209  54.834569  65.733636    82.474    82.474  2 56724.90664145  1.737
 211  54.833873  65.734902    24.984    24.798  3 56744.73793778  9.644
 212  54.837389  65.736321    24.785    24.713  3 56754.65358031 10.926
 213  54.835945  65.737288    20.257    20.232  3 56764.56921686 30.932
 214  54.839404  65.736537    20.149    20.149  3 56774.48485372 28.323
 215  54.834513  65.735643    22.056    22.041  3 56784.40051033 39.000
 216  54.834309  65.734879    27.312    27.299  3 56794.31616374 44.508
 217  54.836783  65.734447    29.501    29.533  3 56804.23181395 34.865
 219  54.835665  65.733665    25.383    25.281  3 56824.06309573 27.653
 220  54.835222  65.732965    81.045    81.112  3 56833.97873090 10.311
 221  54.835687  65.732806    23.670    23.670  2 56843.89436268 34.488
 222  54.835234  65.733284    24.297    24.658  3 56853.81000561 26.573
 223  54.836851  65.733655    19.940    19.597  3 56863.72565957 36.441
 224  54.836070  65.734028    20.457    20.457  2 56873.64131272 42.114
 225  54.835673  65.733922    20.755    20.755  2 56883.55696275 34.036
 226  54.834367  65.733733    19.884    19.884  2 56893.47260936 36.508
 227  54.835434  65.733607    20.326    20.668  3 56903.38825302 38.955
 228  54.836416  65.734406    20.909    20.992  3 56913.30389468 42.924
 229  54.837129  65.735596    21.843    21.843  2 56923.21953463 40.751
 230  54.835867  65.736783    23.715    24.300  3 56933.13517198 23.831
 231  54.838245  65.736827    21.203    20.990  3 56943.05080442 28.232
 232  54.836108  65.736132    20.100    20.108  3 56952.96644960 38.715
 233  54.835012  65.735207    20.434    20.375  3 56962.88210010 36.846
 234  54.834528  65.735091    20.603    20.613  3 56972.79774576 32.697
 235  54.834255  65.735415    20.569    20.588  3 56982.71338715 36.278
 236  54.834526  65.735236    20.229    20.239  3 56992.62902400 25.770
 237  54.836635  65.734040    19.901    19.891  3 57002.54465903 25.096
 238  54.832905  65.732749    19.857    19.819  3 57012.46031571 26.083
 239  54.834611  65.732125    19.389    19.454  3 57022.37596726 24.726
 240  54.834564  65.733270    23.657    23.570  3 57032.29161588 18.825
 241  54.835293  65.734459    23.582    23.677  3 57042.20726247 17.959
 242  54.835146  65.734896    23.988    23.690  3 57052.12290685 16.435
 243  54.836305  65.734122    23.983    23.795  3 57062.03854709 16.459
 244  54.833431  65.733896    23.428    24.288  3 57071.95418156 17.137
 245  54.838213  65.734312    24.950    24.802  3 57081.86981255 15.694
 246  54.835352  65.736183    24.499    24.463  3 57091.78545690 17.097
 247  54.839152  65.737236    24.368    24.449  3 57101.70111454 11.109
 248  54.840698  65.737194    25.174    25.056  3 57111.61676862 12.162
 249  54.836989  65.736179    23.402    24.633  3 57121.53241645 17.987
 250  54.837554  65.734574    24.776    24.736  3 57131.44805907 10.722
