# NaN NaN NaN ;Mean Elev.(m), Avg Gradient(m/km), RMS Gradient(m/km) - SRTM1     
#   -8.487     NaN     NaN ;Mean Elev.(m), Avg Gradient(m/km), RMS Gradient(m/km) - ASTER GDEM
#   24.000  -1.861   4.952 ;Mean Elev.(m), Avg Gradient(m/km), RMS Gradient(m/km) - GMTED2010 
   1     8.697 54667.37019210 46.33  52.515263  66.040375 30.172 -100.00 -100.00 -100.00
   1     8.824 54667.37019269 46.26  52.521693  66.040625 27.899 -100.00 -100.00 -100.00
   1     8.498 54667.37019328 52.35  52.528123  66.040874   -100 -100.00 -100.00 -100.00
   1     8.677 54667.37019387 55.04  52.534554  66.041123   -100 -100.00 -100.00 -100.00
   1     8.451 54667.37019446 52.96  52.540984  66.041372   -100 -100.00 -100.00 -100.00
   2    12.542 54677.28583651 33.81  52.514704  66.041318 32.417 -100.00 -100.00 -100.00
   2    12.331 54677.28583710 25.92  52.521135  66.041568 16.050 -100.00 -100.00 -100.00
   2    11.796 54677.28583769 24.17  52.527565  66.041817 12.179 -100.00 -100.00 -100.00
   2     8.067 54677.28583828 26.98  52.533995  66.042066 22.424 -100.00 -100.00 -100.00
   2    11.595 54677.28583887 24.13  52.540426  66.042315 14.063 -100.00 -100.00 -100.00
   3     2.254 54687.20147959 14.31  52.513891  66.043022  5.191  267.88  266.43  267.02
   3     3.344 54687.20148018 16.82  52.520322  66.043272  9.565  267.88  266.43  267.02
   3     4.399 54687.20148077 18.07  52.526752  66.043522 10.008  267.88  266.43  267.02
   3     5.450 54687.20148136 22.36  52.533183  66.043771 16.498  267.88  266.43  267.02
   3     6.530 54687.20148195 24.33  52.539614  66.044020 20.191  267.88  266.43  267.02
   4    11.474 54697.11712069 32.93  52.511196  66.043942   -100 -100.00 -100.00 -100.00
   4    12.315 54697.11712128 23.73  52.517627  66.044192 11.239 -100.00 -100.00 -100.00
   4    12.206 54697.11712187 21.82  52.524057  66.044441  8.348 -100.00 -100.00 -100.00
   4    11.748 54697.11712246 21.48  52.530488  66.044691  8.850 -100.00 -100.00 -100.00
   4    11.779 54697.11712305 21.68  52.536919  66.044940  9.798 -100.00 -100.00 -100.00
   5     8.663 54707.03276185 25.72  52.513623  66.043093 13.241  264.62  264.10  264.76
   5     9.540 54707.03276244 25.81  52.520053  66.043343 11.456  264.62  264.10  264.76
   5     8.290 54707.03276303 26.89  52.526484  66.043592 15.330  264.62  264.10  264.76
   5     7.877 54707.03276362 27.82  52.532914  66.043842 18.976  264.62  264.10  264.76
   5    11.280 54707.03276421 26.22  52.539345  66.044091 13.732  264.62  264.10  264.76
   6     9.548 54716.94841433 29.43  52.519138  66.040994 30.300  260.29  259.88  260.48
   6    11.662 54716.94841492 22.99  52.525568  66.041243 11.249  260.29  259.88  260.48
   6    11.310 54716.94841551 22.53  52.531997  66.041493 11.431 -100.00 -100.00 -100.00
   6    11.804 54716.94841610 22.35  52.538427  66.041742  9.347 -100.00 -100.00 -100.00
   7    10.050 54726.86406406 43.82  52.522060  66.038775 30.990  261.20  260.81  262.35
   7     9.681 54726.86406465 50.12  52.528489  66.039024  3.519  261.20  260.81  262.35
   7     9.515 54726.86406524 53.25  52.534918  66.039274 26.050  261.20  260.81  262.35
   7     9.564 54726.86406583 55.15  52.541348  66.039522 20.393  261.20  260.81  262.35
   8     8.343 54736.77971179 30.36  52.521085  66.038264 22.076  257.88  256.66  257.99
   8    11.136 54736.77971238 28.69  52.527514  66.038514 14.848  257.88  256.66  257.99
   8     8.674 54736.77971297 28.91  52.533943  66.038763 17.290  257.88  256.66  257.99
   8     8.269 54736.77971356 28.42  52.540373  66.039011 18.256  257.88  256.66  257.99
   9     8.973 54746.69535872 41.15  52.516634  66.039569   -100  255.06  255.02  255.42
   9     8.998 54746.69535931 31.78  52.523064  66.039819 24.257  255.06  255.02  255.42
   9     9.373 54746.69535990 32.95  52.529494  66.040068 26.451 -100.00 -100.00 -100.00
   9     9.230 54746.69536049 32.18  52.535924  66.040316 21.425 -100.00 -100.00 -100.00
  10    10.529 54756.61100594 46.00  52.519813  66.041291   -100  253.57  251.55  252.05
  10    10.331 54756.61100653 42.85  52.526244  66.041540   -100  253.57  251.55  252.05
  10    10.627 54756.61100712 51.96  52.532674  66.041789   -100  253.57  251.55  252.05
  10    10.549 54756.61100771 49.04  52.539105  66.042037   -100  253.57  251.55  252.05
  11     8.757 54766.52665091 29.37  52.518152  66.041198 22.908 -100.00 -100.00 -100.00
  11     8.670 54766.52665150 28.69  52.524582  66.041447 21.730 -100.00 -100.00 -100.00
  11     8.899 54766.52665209 26.78  52.531013  66.041696 16.565 -100.00 -100.00 -100.00
  11     8.550 54766.52665268 28.48  52.537444  66.041945 21.854 -100.00 -100.00 -100.00
  12    11.599 54776.44229285 30.08  52.518108  66.039273 20.722 -100.00 -100.00 -100.00
  12    11.294 54776.44229344 28.29  52.524538  66.039522 16.276 -100.00 -100.00 -100.00
  12    10.828 54776.44229403 28.19  52.530969  66.039771 19.029 -100.00 -100.00 -100.00
  12    10.529 54776.44229462 27.06  52.537399  66.040020 13.922 -100.00 -100.00 -100.00
  13     8.861 54786.35793291 34.98  52.524020  66.037609   -100 -100.00 -100.00 -100.00
  13     9.165 54786.35793350 36.44  52.530450  66.037858   -100 -100.00 -100.00 -100.00
  13     9.055 54786.35793409 36.03  52.536881  66.038107   -100 -100.00 -100.00 -100.00
  13     9.065 54786.35793468 34.90  52.543311  66.038356   -100 -100.00 -100.00 -100.00
  14     8.738 54796.27357101 39.00  52.521559  66.037389   -100 -100.00 -100.00 -100.00
  14     8.673 54796.27357160 37.95  52.527989  66.037639   -100 -100.00 -100.00 -100.00
  14     8.913 54796.27357219 39.31  52.534419  66.037888   -100 -100.00 -100.00 -100.00
  14     8.885 54796.27357278 42.82  52.540849  66.038137   -100 -100.00 -100.00 -100.00
  17    10.461 54826.02049310 22.11  52.513952  66.041606 10.435  250.94  245.37  233.96
  17     9.256 54826.02049369 23.02  52.520382  66.041856 12.465 -100.00 -100.00 -100.00
  17     9.406 54826.02049428 22.35  52.526813  66.042105 11.081 -100.00 -100.00 -100.00
  17     9.329 54826.02049487 22.61  52.533243  66.042355 11.731 -100.00 -100.00 -100.00
  17     9.374 54826.02049547 23.18  52.539674  66.042604 12.770 -100.00 -100.00 -100.00
  18    11.204 54835.93613293 20.00  52.519190  66.041309  6.937  240.36  233.62  220.11
  18    11.022 54835.93613352 20.22  52.525621  66.041559  7.452  240.36  233.62  220.11
  18    10.632 54835.93613411 20.66  52.532051  66.041808  8.193  240.36  233.62  220.11
  18     9.622 54835.93613470 21.89  52.538482  66.042057 10.813  240.36  233.62  220.11
  19    12.026 54845.85178217 19.18  52.515131  66.041204  6.401 -100.00 -100.00 -100.00
  19    11.543 54845.85178276 18.59  52.521561  66.041453  6.750 -100.00 -100.00 -100.00
  19    11.118 54845.85178335 18.98  52.527991  66.041703  6.861 -100.00 -100.00 -100.00
  19    10.067 54845.85178394 20.01  52.534422  66.041951  7.745 -100.00 -100.00 -100.00
  19     9.550 54845.85178453 19.95  52.540852  66.042200  7.807 -100.00 -100.00 -100.00
  20    11.633 54855.76743130 19.33  52.517178  66.042030  6.422 -100.00 -100.00 -100.00
  20    11.161 54855.76743189 19.21  52.523609  66.042279  6.267 -100.00 -100.00 -100.00
  20    10.785 54855.76743248 18.93  52.530039  66.042528  6.576 -100.00 -100.00 -100.00
  20    10.550 54855.76743308 19.14  52.536470  66.042777  6.717 -100.00 -100.00 -100.00
  21    12.614 54865.68308001 16.08  52.515102  66.043347  4.477 -100.00 -100.00 -100.00
  21    11.526 54865.68308061 16.93  52.521533  66.043597  5.012 -100.00 -100.00 -100.00
  21    11.310 54865.68308120 16.88  52.527964  66.043846  5.377 -100.00 -100.00 -100.00
  21    11.025 54865.68308179 16.54  52.534395  66.044095  5.667 -100.00 -100.00 -100.00
  22    12.072 54875.59872821 16.94  52.512297  66.043642  4.902  246.40  238.40  220.06
  22    12.111 54875.59872880 16.51  52.518728  66.043891  4.164  246.40  238.40  220.06
  22    11.867 54875.59872939 16.93  52.525160  66.044140  5.103  246.40  238.40  220.06
  22    10.578 54875.59872998 17.21  52.531591  66.044389  5.535  246.40  238.40  220.06
  22    10.715 54875.59873057 16.71  52.538022  66.044638  5.398  246.40  238.40  220.06
  23    11.860 54885.51437407 17.24  52.515241  66.042815  4.811 -100.00 -100.00 -100.00
  23    11.758 54885.51437466 17.21  52.521672  66.043065  4.416 -100.00 -100.00 -100.00
  23    11.162 54885.51437525 17.33  52.528104  66.043314  5.076 -100.00 -100.00 -100.00
  23    10.572 54885.51437584 17.67  52.534535  66.043563  6.287 -100.00 -100.00 -100.00
  24    12.030 54895.43001640 17.11  52.517521  66.040732  4.655  252.25  244.56  226.37
  24    11.677 54895.43001699 17.68  52.523952  66.040982  5.536  252.25  244.56  226.37
  24    11.208 54895.43001758 17.57  52.530382  66.041231  4.879 -100.00 -100.00 -100.00
  24    10.365 54895.43001817 17.83  52.536813  66.041480  5.209 -100.00 -100.00 -100.00
  25    11.814 54905.34565630 17.79  52.522158  66.039078  4.847 -100.00 -100.00 -100.00
  25    11.095 54905.34565689 18.17  52.528588  66.039327  5.266 -100.00 -100.00 -100.00
  25    10.714 54905.34565748 17.98  52.535019  66.039576  5.204 -100.00 -100.00 -100.00
  25    10.141 54905.34565807 18.27  52.541450  66.039824  6.105 -100.00 -100.00 -100.00
  26    11.489 54915.26129466 18.09  52.522253  66.038769  5.464 -100.00 -100.00 -100.00
  26    11.080 54915.26129525 17.80  52.528683  66.039018  4.941 -100.00 -100.00 -100.00
  26    10.372 54915.26129584 18.35  52.535113  66.039267  5.448 -100.00 -100.00 -100.00
  26    10.718 54915.26129643 18.65  52.541544  66.039515  6.126 -100.00 -100.00 -100.00
  27    12.494 54925.17693242 15.49  52.519338  66.039632  5.351  241.62  228.68  205.25
  27    12.347 54925.17693301 15.84  52.525768  66.039881  5.756  241.62  228.68  205.25
  27    11.482 54925.17693360 15.24  52.532198  66.040130  4.870  241.62  228.68  205.25
  27    10.791 54925.17693419 16.46  52.538628  66.040379  6.455  241.62  228.68  205.25
  28    24.637 54935.09256945 14.00  52.516365  66.040509  4.846 -100.00 -100.00 -100.00
  28    12.879 54935.09257004 13.96  52.522795  66.040759  4.291 -100.00 -100.00 -100.00
  28    14.209 54935.09257063 14.39  52.529225  66.041008  5.374 -100.00 -100.00 -100.00
  28    11.772 54935.09257122 15.80  52.535655  66.041257  6.272 -100.00 -100.00 -100.00
  29    12.160 54945.00820498 13.21  52.518485  66.040464  6.188 -100.00 -100.00 -100.00
  29    12.577 54945.00820557 12.61  52.524915  66.040714  4.607 -100.00 -100.00 -100.00
  29    11.858 54945.00820616 13.56  52.531344  66.040963  6.165 -100.00 -100.00 -100.00
  29     9.862 54945.00820675 15.19  52.537774  66.041212  8.406 -100.00 -100.00 -100.00
  30    12.959 54954.92383827 14.12  52.522842  66.039085  3.827 -100.00 -100.00 -100.00
  30    12.559 54954.92383886 14.08  52.529272  66.039335  4.177 -100.00 -100.00 -100.00
  30    12.542 54954.92383945 14.55  52.535701  66.039584  4.806 -100.00 -100.00 -100.00
  30    12.837 54954.92384004 14.33  52.542130  66.039833  4.998 -100.00 -100.00 -100.00
  31     8.945 54964.83948491 37.14  52.523685  66.037719 31.991 -100.00 -100.00 -100.00
  31     8.614 54964.83948550 40.66  52.530113  66.037968   -100 -100.00 -100.00 -100.00
  31     8.787 54964.83948609 38.34  52.536542  66.038217   -100 -100.00 -100.00 -100.00
  31     8.681 54964.83948668 37.34  52.542971  66.038466   -100 -100.00 -100.00 -100.00
  32    12.848 54974.75513306 48.64  52.524148  66.037823   -100 -100.00 -100.00 -100.00
  32    12.733 54974.75513366 49.29  52.530577  66.038072   -100 -100.00 -100.00 -100.00
  32    12.683 54974.75513425 51.11  52.537006  66.038321   -100 -100.00 -100.00 -100.00
  32    12.699 54974.75513484 50.12  52.543435  66.038570   -100 -100.00 -100.00 -100.00
  33    14.824 54984.67078025 41.09  52.517772  66.039187   -100 -100.00 -100.00 -100.00
  33    14.718 54984.67078084 34.08  52.524202  66.039437 24.566 -100.00 -100.00 -100.00
  33    14.492 54984.67078143 32.37  52.530631  66.039686 17.920 -100.00 -100.00 -100.00
  33    14.598 54984.67078202 31.16  52.537060  66.039935 13.581 -100.00 -100.00 -100.00
  34    15.421 54994.58642786 48.12  52.516798  66.040903   -100 -100.00 -100.00 -100.00
  34    15.530 54994.58642845 44.87  52.523228  66.041152   -100 -100.00 -100.00 -100.00
  34    15.390 54994.58642904 40.16  52.529658  66.041402 18.147 -100.00 -100.00 -100.00
  34    15.465 54994.58642963 43.17  52.536088  66.041651 28.567 -100.00 -100.00 -100.00
  35    14.692 55004.50207394 41.41  52.514046  66.041678   -100  255.53  254.87  256.68
  35    14.604 55004.50207453 35.64  52.520477  66.041928 27.544  255.53  254.87  256.68
  35    14.612 55004.50207512 31.37  52.526907  66.042177 14.591  255.53  254.87  256.68
  35    14.540 55004.50207571 32.14  52.533337  66.042426 14.559  255.53  254.87  256.68
  35    14.748 55004.50207630 31.89  52.539768  66.042675 13.752  255.53  254.87  256.68
  36    13.407 55014.41771813 35.53  52.514137  66.041670 13.541 -100.00 -100.00 -100.00
  36    10.580 55014.41771872 36.08  52.520568  66.041919 16.238 -100.00 -100.00 -100.00
  36    10.477 55014.41771931 36.64  52.526998  66.042169 18.000 -100.00 -100.00 -100.00
  36    10.470 55014.41771991 36.12  52.533429  66.042418 18.793 -100.00 -100.00 -100.00
  36    10.693 55014.41772050 36.11  52.539860  66.042667 18.308 -100.00 -100.00 -100.00
  37    12.279 55024.33336120 35.78  52.517204  66.041593 24.140 -100.00 -100.00 -100.00
  37     8.541 55024.33336179 42.40  52.523634  66.041843   -100 -100.00 -100.00 -100.00
  37     8.708 55024.33336238 42.21  52.530065  66.042092   -100 -100.00 -100.00 -100.00
  37     9.022 55024.33336297 44.33  52.536495  66.042341   -100 -100.00 -100.00 -100.00
  38    12.575 55034.24900337 31.15  52.516642  66.042202 23.015  271.31  271.73  271.26
  38    11.787 55034.24900396 28.24  52.523073  66.042451 20.357  271.31  271.73  271.26
  38     8.937 55034.24900455 27.13  52.529503  66.042700 21.475  271.31  271.73  271.26
  38    11.196 55034.24900514 25.33  52.535934  66.042949 15.031 -100.00 -100.00 -100.00
  39     8.293 55044.16464485 46.29  52.516620  66.042886 31.336 -100.00 -100.00 -100.00
  39     8.004 55044.16464544 50.40  52.523051  66.043136   -100 -100.00 -100.00 -100.00
  39     8.016 55044.16464603 52.65  52.529481  66.043385   -100 -100.00 -100.00 -100.00
  39     8.061 55044.16464662 52.05  52.535912  66.043634   -100 -100.00 -100.00 -100.00
  40    11.995 55054.08028467 33.39  52.516677  66.042686 30.933  264.06  263.23  263.79
  40     7.165 55054.08028526 36.99  52.523108  66.042936   -100  264.06  263.23  263.79
  40     7.214 55054.08028585 35.43  52.529538  66.043185   -100  264.06  263.23  263.79
  40     7.110 55054.08028644 30.77  52.535969  66.043434 29.912  264.06  263.23  263.79
  41    11.746 55063.99592206 28.13  52.515106  66.041043 20.576  267.11  267.69  267.27
  41     7.084 55063.99592265 34.97  52.521536  66.041293   -100  267.11  267.69  267.27
  41     7.112 55063.99592324 34.23  52.527966  66.041543   -100  267.11  267.69  267.27
  41     6.655 55063.99592383 35.67  52.534396  66.041792   -100 -100.00 -100.00 -100.00
  41     6.977 55063.99592443 28.81  52.540826  66.042041 23.659 -100.00 -100.00 -100.00
  42     7.021 55073.91156820 46.62  52.516114  66.039420   -100  260.60  259.70  259.23
  42     7.223 55073.91156879 46.05  52.522543  66.039670   -100  260.60  259.70  259.23
  42     7.095 55073.91156938 41.76  52.528973  66.039919   -100 -100.00 -100.00 -100.00
  42     7.218 55073.91156997 39.39  52.535402  66.040168 32.512 -100.00 -100.00 -100.00
  42     7.502 55073.91157056 45.65  52.541832  66.040417   -100 -100.00 -100.00 -100.00
  43     7.202 55083.82721688 34.92  52.523372  66.038730   -100 -100.00 -100.00 -100.00
  43     7.246 55083.82721747 36.00  52.529801  66.038979   -100 -100.00 -100.00 -100.00
  43     6.890 55083.82721806 33.56  52.536230  66.039228   -100 -100.00 -100.00 -100.00
  43     6.932 55083.82721865 31.01  52.542659  66.039476   -100 -100.00 -100.00 -100.00
  44     7.411 55093.74286314 40.10  52.520937  66.038941   -100 -100.00 -100.00 -100.00
  44     7.152 55093.74286373 40.16  52.527366  66.039190   -100 -100.00 -100.00 -100.00
  44     7.524 55093.74286432 33.06  52.533796  66.039439 29.270 -100.00 -100.00 -100.00
  44     7.238 55093.74286491 33.70  52.540225  66.039688   -100 -100.00 -100.00 -100.00
  45     8.429 55103.65850913 29.41  52.516972  66.039519 18.641 -100.00 -100.00 -100.00
  45     8.571 55103.65850972 29.68  52.523401  66.039768 18.389 -100.00 -100.00 -100.00
  45     8.462 55103.65851031 32.61  52.529831  66.040017 28.216 -100.00 -100.00 -100.00
  45     8.489 55103.65851091 33.58  52.536261  66.040266 29.307 -100.00 -100.00 -100.00
  46     9.286 55113.57415525 29.57  52.516895  66.040059 27.676  254.85  253.95  255.67
  46     9.480 55113.57415584 32.71  52.523325  66.040308   -100  254.85  253.95  255.67
  46     9.568 55113.57415643 34.38  52.529756  66.040558   -100  254.85  253.95  255.67
  46     9.388 55113.57415702 29.16  52.536186  66.040806 22.606  254.85  253.95  255.67
  47    11.553 55123.48979900 26.02  52.517862  66.039670  9.379 -100.00 -100.00 -100.00
  47    11.249 55123.48979959 24.10  52.524292  66.039919  7.556 -100.00 -100.00 -100.00
  47    11.128 55123.48980018 23.41  52.530722  66.040168  6.466 -100.00 -100.00 -100.00
  47    10.643 55123.48980077 23.45  52.537153  66.040417  5.745 -100.00 -100.00 -100.00
  48     8.467 55133.40543991 44.21  52.519375  66.038798 28.617 -100.00 -100.00 -100.00
  48     8.199 55133.40544050 45.30  52.525805  66.039048   -100 -100.00 -100.00 -100.00
  48     8.080 55133.40544110 44.04  52.532235  66.039297   -100 -100.00 -100.00 -100.00
  48     8.256 55133.40544169 50.93  52.538666  66.039545  4.359 -100.00 -100.00 -100.00
  49    10.659 55143.32107854 32.78  52.518910  66.037985 16.663  254.91  251.67  248.38
  49     7.230 55143.32107913 34.06  52.525340  66.038235 19.624  254.91  251.67  248.38
  49     7.218 55143.32107972 33.50  52.531771  66.038484 18.914  254.91  251.67  248.38
  49     7.619 55143.32108031 33.13  52.538201  66.038733 20.130  254.91  251.67  248.38
  50     8.166 55153.23671669 30.01  52.519485  66.038388 16.249 -100.00 -100.00 -100.00
  50     8.086 55153.23671728 30.70  52.525915  66.038637 19.620 -100.00 -100.00 -100.00
  50     7.975 55153.23671787 32.67  52.532345  66.038886 26.061 -100.00 -100.00 -100.00
  50     8.017 55153.23671846 34.75  52.538775  66.039135   -100 -100.00 -100.00 -100.00
  51     8.338 55163.15235506 30.03  52.518567  66.039456 15.610 -100.00 -100.00 -100.00
  51     8.230 55163.15235565 32.54  52.524997  66.039706 26.171 -100.00 -100.00 -100.00
  51     8.442 55163.15235625 30.63  52.531428  66.039955 17.566 -100.00 -100.00 -100.00
  51     8.462 55163.15235684 29.72  52.537858  66.040204 16.823 -100.00 -100.00 -100.00
  52     8.292 55173.06799309 28.18  52.517130  66.040646 15.227 -100.00 -100.00 -100.00
  52     8.323 55173.06799368 27.31  52.523560  66.040896 11.903 -100.00 -100.00 -100.00
  52     8.132 55173.06799427 28.76  52.529990  66.041145 17.755 -100.00 -100.00 -100.00
  52     8.286 55173.06799486 28.42  52.536421  66.041394 15.040 -100.00 -100.00 -100.00
  53    11.941 55182.98362992 20.17  52.514312  66.041077  5.736  245.47  240.68  230.56
  53     8.016 55182.98363051 28.25  52.520742  66.041327 24.648  245.47  240.68  230.56
  53     7.653 55182.98363110 26.74  52.527172  66.041576 20.192 -100.00 -100.00 -100.00
  53    10.324 55182.98363169 21.14  52.533602  66.041826  7.644 -100.00 -100.00 -100.00
  53     9.962 55182.98363228 21.02  52.540033  66.042075  7.706 -100.00 -100.00 -100.00
  54    11.601 55192.89928152 18.89  52.518087  66.041538  6.039  252.60  247.99  237.84
  54    11.609 55192.89928211 18.50  52.524517  66.041788  4.858  252.60  247.99  237.84
  54    11.469 55192.89928270 18.62  52.530947  66.042037  5.403  252.60  247.99  237.84
  54    11.709 55192.89928329 18.75  52.537377  66.042286  5.748 -100.00 -100.00 -100.00
  55    12.119 55202.81493113 18.36  52.513764  66.041938  4.904  251.58  245.93  231.80
  55    11.550 55202.81493172 18.73  52.520195  66.042188  5.644  251.58  245.93  231.80
  55    11.296 55202.81493231 18.32  52.526625  66.042437  5.054  251.58  245.93  231.80
  55    10.313 55202.81493290 18.85  52.533055  66.042686  6.912  251.58  245.93  231.80
  55    12.067 55202.81493349 18.30  52.539486  66.042935  5.563  251.58  245.93  231.80
  56    11.778 55212.73058087 18.48  52.517773  66.042849  5.673 -100.00 -100.00 -100.00
  56    11.422 55212.73058146 18.30  52.524203  66.043099  6.354 -100.00 -100.00 -100.00
  56    11.003 55212.73058205 18.62  52.530634  66.043348  7.012 -100.00 -100.00 -100.00
  56    12.232 55212.73058264 18.35  52.537065  66.043597  5.855 -100.00 -100.00 -100.00
  57    11.786 55222.64622946 18.65  52.514280  66.042940  5.478  256.06  249.49  233.33
  57    11.459 55222.64623005 18.63  52.520711  66.043189  5.652  256.06  249.49  233.33
  57    11.614 55222.64623064 18.71  52.527142  66.043439  6.027  256.06  249.49  233.33
  57    10.299 55222.64623123 19.97  52.533573  66.043688  7.866  256.06  249.49  233.33
  57    10.004 55222.64623182 19.47  52.540004  66.043936  7.128  256.06  249.49  233.33
  58    11.607 55232.56187745 18.18  52.519278  66.042154  5.709  254.81  247.29  227.75
  58    11.334 55232.56187804 18.66  52.525709  66.042403  5.405  254.81  247.29  227.75
  58    10.774 55232.56187863 18.67  52.532140  66.042652  6.340  254.81  247.29  227.75
  58     9.718 55232.56187922 18.82  52.538571  66.042901  6.911  254.81  247.29  227.75
  59    11.419 55242.47752176 18.64  52.519215  66.040384  5.393 -100.00 -100.00 -100.00
  59    11.171 55242.47752235 18.92  52.525645  66.040633  6.141 -100.00 -100.00 -100.00
  59    10.832 55242.47752294 19.17  52.532076  66.040882  6.413 -100.00 -100.00 -100.00
  59    10.173 55242.47752353 19.11  52.538507  66.041131  6.416 -100.00 -100.00 -100.00
  60    11.540 55252.39316262 17.26  52.518055  66.038905  4.735 -100.00 -100.00 -100.00
  60    11.244 55252.39316321 17.34  52.524485  66.039154  5.048 -100.00 -100.00 -100.00
  60    10.571 55252.39316381 17.32  52.530915  66.039403  4.847 -100.00 -100.00 -100.00
  60    10.388 55252.39316440 17.10  52.537346  66.039652  5.010 -100.00 -100.00 -100.00
  61    11.046 55262.30880181 20.34  52.522541  66.038803 10.398  252.69  241.14  216.12
  61    10.565 55262.30880241 18.91  52.528971  66.039052  8.021  252.69  241.14  216.12
  61    10.143 55262.30880300 16.63  52.535401  66.039301  4.438  252.69  241.14  216.12
  61     9.977 55262.30880359 16.69  52.541832  66.039549  4.498 -100.00 -100.00 -100.00
  62    11.150 55272.22443951 18.37  52.520791  66.039633  6.211 -100.00 -100.00 -100.00
  62    10.738 55272.22444010 17.49  52.527221  66.039882  6.081 -100.00 -100.00 -100.00
  62    10.300 55272.22444069 17.93  52.533652  66.040131  6.272 -100.00 -100.00 -100.00
  62     9.750 55272.22444128 17.25  52.540082  66.040380  4.904 -100.00 -100.00 -100.00
  63     8.039 55282.14007709 20.51  52.519899  66.040165 12.402 -100.00 -100.00 -100.00
  63    10.947 55282.14007768 17.55  52.526329  66.040415  7.630 -100.00 -100.00 -100.00
  63    10.182 55282.14007827 18.57  52.532759  66.040664  9.705 -100.00 -100.00 -100.00
  63     9.536 55282.14007886 18.31  52.539190  66.040912  9.457 -100.00 -100.00 -100.00
  64    11.596 55292.05571323 17.96  52.516396  66.039614 10.920  252.85  243.11  220.18
  64    11.164 55292.05571382 17.35  52.522825  66.039863  9.451  252.85  243.11  220.18
  64    10.316 55292.05571441 17.64  52.529255  66.040112  9.769  252.85  243.11  220.18
  64     8.082 55292.05571500 18.54  52.535685  66.040362 11.959 -100.00 -100.00 -100.00
  64     9.416 55292.05571559 18.50  52.542115  66.040610 11.068 -100.00 -100.00 -100.00
  65     5.460 55301.97134861 21.67  52.523554  66.038764 25.670  258.00  249.49  230.88
  65    10.736 55301.97134920 16.03  52.529983  66.039013 10.266  258.00  249.49  230.88
  65    10.162 55301.97134979 16.94  52.536412  66.039263 10.718  258.00  249.49  230.88
  65     9.299 55301.97135038 17.31  52.542841  66.039512 11.662  258.00  249.49  230.88
  66    10.870 55311.88699631 32.33  52.523045  66.037963 19.236  259.73  256.79  254.24
  66     8.012 55311.88699690 33.34  52.529474  66.038212 23.786  259.73  256.79  254.24
  66     8.381 55311.88699749 32.16  52.535903  66.038461 23.912  259.73  256.79  254.24
  66     7.865 55311.88699808 33.35  52.542332  66.038710 27.693  259.73  256.79  254.24
  67    14.261 55321.80264167 47.78  52.522278  66.038224   -100 -100.00 -100.00 -100.00
  67    14.277 55321.80264226 50.55  52.528706  66.038473   -100 -100.00 -100.00 -100.00
  67    14.103 55321.80264285 51.65  52.535135  66.038722   -100 -100.00 -100.00 -100.00
  67    14.185 55321.80264344 53.08  52.541564  66.038971   -100 -100.00 -100.00 -100.00
  68    13.843 55331.71828587 32.88  52.521561  66.039365 30.815  254.80  256.64  256.12
  68    13.744 55331.71828646 31.97  52.527990  66.039614 23.273  254.80  256.64  256.12
  68    13.754 55331.71828705 30.39  52.534419  66.039863 15.642  254.80  256.64  256.12
  68    13.940 55331.71828764 29.40  52.540849  66.040112 12.813  254.80  256.64  256.12
  69    14.422 55341.63392995 36.67  52.519563  66.040579   -100 -100.00 -100.00 -100.00
  69    14.320 55341.63393054 32.38  52.525993  66.040829 19.269 -100.00 -100.00 -100.00
  69    14.357 55341.63393113 33.15  52.532422  66.041078 20.993 -100.00 -100.00 -100.00
  69    14.701 55341.63393172 34.39  52.538852  66.041327 19.753 -100.00 -100.00 -100.00
  70    13.450 55351.54957372 31.05  52.516603  66.040959 20.603  266.33  266.69  268.07
  70    12.452 55351.54957431 29.55  52.523033  66.041208 22.464  266.33  266.69  268.07
  70    12.952 55351.54957490 24.90  52.529463  66.041457 10.621  266.33  266.69  268.07
  70    12.560 55351.54957549 25.71  52.535893  66.041706 14.129  266.33  266.69  268.07
  71    12.366 55361.46521573 31.49  52.518319  66.041084 30.654  261.50  259.90  261.68
  71    12.209 55361.46521632 28.93  52.524749  66.041334 21.688  261.50  259.90  261.68
  71    12.082 55361.46521691 27.65  52.531179  66.041583 19.361  261.50  259.90  261.68
  71    12.405 55361.46521750 27.08  52.537609  66.041832 18.651  261.50  259.90  261.68
  72    12.428 55371.38085513 36.62  52.514347  66.041160   -100 -100.00 -100.00 -100.00
  72    11.285 55371.38085572 30.06  52.520777  66.041410 30.139 -100.00 -100.00 -100.00
  72    12.281 55371.38085631 22.59  52.527208  66.041660  9.355 -100.00 -100.00 -100.00
  72    11.883 55371.38085690 22.68  52.533638  66.041909 10.710 -100.00 -100.00 -100.00
  72    11.610 55371.38085749 22.59  52.540069  66.042158 10.745 -100.00 -100.00 -100.00
  74     9.257 55391.21213145 37.83  52.518536  66.042922 24.731  275.88  276.29  275.09
  74     9.137 55391.21213204 37.32  52.524966  66.043171 23.664 -100.00 -100.00 -100.00
  74     9.101 55391.21213263 36.49  52.531397  66.043421 24.333 -100.00 -100.00 -100.00
  74     9.099 55391.21213322 36.03  52.537828  66.043670 22.866 -100.00 -100.00 -100.00
  75    12.238 55401.12776779 29.84  52.518751  66.042776 21.395 -100.00 -100.00 -100.00
  75    10.808 55401.12776838 29.88  52.525182  66.043026 26.149 -100.00 -100.00 -100.00
  75    11.071 55401.12776897 27.16  52.531612  66.043275 17.950 -100.00 -100.00 -100.00
  75    11.535 55401.12776956 24.58  52.538043  66.043524 13.265 -100.00 -100.00 -100.00
  76     7.539 55411.04341664 41.39  52.514820  66.041069   -100 -100.00 -100.00 -100.00
  76     7.487 55411.04341723 40.38  52.521250  66.041319   -100 -100.00 -100.00 -100.00
  76     7.184 55411.04341782 42.52  52.527680  66.041568  8.139 -100.00 -100.00 -100.00
  76     7.489 55411.04341841 34.80  52.534109  66.041818 31.833 -100.00 -100.00 -100.00
  76     7.785 55411.04341900 33.79  52.540539  66.042067 26.222 -100.00 -100.00 -100.00
  77    11.304 55420.95906678 26.30  52.517849  66.038935 15.839  263.57  262.81  263.91
  77     7.467 55420.95906737 28.58  52.524278  66.039185 24.195 -100.00 -100.00 -100.00
  77     7.362 55420.95906796 29.56  52.530707  66.039434 26.574 -100.00 -100.00 -100.00
  77     7.096 55420.95906855 30.51  52.537137  66.039683   -100 -100.00 -100.00 -100.00
  78    11.128 55430.87471397 31.97  52.520862  66.037756 31.278 -100.00 -100.00 -100.00
  78     7.294 55430.87471456 33.67  52.527290  66.038006 32.481 -100.00 -100.00 -100.00
  78     7.371 55430.87471515 30.99  52.533719  66.038255 26.270 -100.00 -100.00 -100.00
  78     8.208 55430.87471574 27.51  52.540148  66.038504 17.303 -100.00 -100.00 -100.00
  79     8.448 55440.79035837 40.45  52.518288  66.038377 31.949  261.96  261.39  261.23
  79     8.000 55440.79035896 38.22  52.524717  66.038626   -100 -100.00 -100.00 -100.00
  79     8.237 55440.79035955 31.70  52.531145  66.038875 26.384 -100.00 -100.00 -100.00
  79     8.206 55440.79036014 31.68  52.537575  66.039124 29.538 -100.00 -100.00 -100.00
  80     8.211 55450.70600156 45.75  52.518725  66.039912 31.032 -100.00 -100.00 -100.00
  80     7.888 55450.70600215 46.73  52.525155  66.040161   -100 -100.00 -100.00 -100.00
  80     8.003 55450.70600274 43.13  52.531584  66.040410   -100 -100.00 -100.00 -100.00
  80     8.055 55450.70600333 41.50  52.538014  66.040659   -100 -100.00 -100.00 -100.00
  81     8.880 55460.62164408 47.54  52.518466  66.040648   -100 -100.00 -100.00 -100.00
  81     8.903 55460.62164467 47.75  52.524896  66.040897   -100 -100.00 -100.00 -100.00
  81     9.040 55460.62164526 51.20  52.531326  66.041146   -100 -100.00 -100.00 -100.00
  81     8.763 55460.62164585 51.37  52.537756  66.041395   -100 -100.00 -100.00 -100.00
  82     9.421 55470.53728578 27.87  52.521934  66.039842 25.038 -100.00 -100.00 -100.00
  82     9.383 55470.53728637 31.48  52.528364  66.040091   -100 -100.00 -100.00 -100.00
  82     9.229 55470.53728696 31.62  52.534794  66.040340   -100 -100.00 -100.00 -100.00
  82     9.329 55470.53728755 29.43  52.541224  66.040589 28.087 -100.00 -100.00 -100.00
  83    11.015 55480.45292394 29.70  52.520021  66.038158 19.901 -100.00 -100.00 -100.00
  83    11.155 55480.45292453 28.06  52.526451  66.038408 12.822 -100.00 -100.00 -100.00
  83     9.076 55480.45292512 29.03  52.532881  66.038657 18.451 -100.00 -100.00 -100.00
  83     8.915 55480.45292571 28.39  52.539311  66.038906 17.860 -100.00 -100.00 -100.00
  84     9.684 55490.36856025 35.30  52.525467  66.037421   -100 -100.00 -100.00 -100.00
  84     9.973 55490.36856084 36.15  52.531896  66.037670   -100 -100.00 -100.00 -100.00
  84     9.266 55490.36856143 37.66  52.538326  66.037919   -100 -100.00 -100.00 -100.00
  85     9.078 55500.28419348 44.52  52.520294  66.037906 31.771 -100.00 -100.00 -100.00
  85     9.122 55500.28419407 45.54  52.526724  66.038156   -100 -100.00 -100.00 -100.00
  85     8.923 55500.28419466 44.26  52.533154  66.038406   -100 -100.00 -100.00 -100.00
  85     9.167 55500.28419525 49.27  52.539584  66.038655   -100 -100.00 -100.00 -100.00
  86     9.172 55510.19983505 42.36  52.516941  66.039595   -100  253.02  250.04  249.14
  86     9.206 55510.19983564 43.30  52.523371  66.039845   -100  253.02  250.04  249.14
  86     9.315 55510.19983623 43.09  52.529801  66.040095   -100  253.02  250.04  249.14
  86     9.310 55510.19983682 48.16  52.536232  66.040344   -100  253.02  250.04  249.14
  87     9.573 55520.11548466 38.59  52.514473  66.040963 29.402 -100.00 -100.00 -100.00
  87     9.709 55520.11548525 38.50  52.520904  66.041213 26.203 -100.00 -100.00 -100.00
  87     9.606 55520.11548584 42.25  52.527334  66.041462   -100 -100.00 -100.00 -100.00
  87     9.723 55520.11548643 43.17  52.533765  66.041712   -100 -100.00 -100.00 -100.00
  87     9.426 55520.11548702 45.52  52.540196  66.041961   -100 -100.00 -100.00 -100.00
  88    10.269 55530.03113365 31.60  52.516272  66.041469 20.487 -100.00 -100.00 -100.00
  88    10.437 55530.03113424 29.82  52.522702  66.041719 16.491 -100.00 -100.00 -100.00
  88    10.416 55530.03113483 30.32  52.529133  66.041968 19.023 -100.00 -100.00 -100.00
  88    10.197 55530.03113542 31.70  52.535564  66.042217 24.662 -100.00 -100.00 -100.00
  89    10.747 55539.94678062 27.54  52.514955  66.041056 13.498 -100.00 -100.00 -100.00
  89    10.098 55539.94678121 27.23  52.521385  66.041305 11.605 -100.00 -100.00 -100.00
  89     9.751 55539.94678180 27.83  52.527816  66.041555 15.546 -100.00 -100.00 -100.00
  89     9.794 55539.94678239 27.83  52.534246  66.041804 14.766 -100.00 -100.00 -100.00
  89     9.722 55539.94678298 27.05  52.540676  66.042052 13.449 -100.00 -100.00 -100.00
  90    11.525 55549.86242550 23.50  52.514685  66.040948  8.267 -100.00 -100.00 -100.00
  90    10.987 55549.86242609 23.71  52.521115  66.041198  8.451 -100.00 -100.00 -100.00
  90    10.717 55549.86242669 22.74  52.527545  66.041447  7.365 -100.00 -100.00 -100.00
  90    10.570 55549.86242728 23.09  52.533976  66.041696  8.307 -100.00 -100.00 -100.00
  90     9.770 55549.86242787 21.88  52.540406  66.041945  6.296 -100.00 -100.00 -100.00
  91    10.972 55559.77806914 22.35  52.518681  66.041912  7.603  254.56  250.63  243.64
  91    10.785 55559.77806973 21.79  52.525111  66.042161  6.493  254.56  250.63  243.64
  91    10.401 55559.77807032 22.01  52.531542  66.042410  6.989 -100.00 -100.00 -100.00
  91     9.647 55559.77807091 21.90  52.537973  66.042659  6.886 -100.00 -100.00 -100.00
  92    12.270 55569.69371115 21.14  52.513976  66.042905  6.744  255.33  251.32  242.18
  92    11.288 55569.69371174 21.03  52.520406  66.043154  7.147  255.33  251.32  242.18
  92    10.721 55569.69371233 21.46  52.526837  66.043404  6.628  255.33  251.32  242.18
  92    10.325 55569.69371292 21.56  52.533268  66.043653  7.089  255.33  251.32  242.18
  92     9.671 55569.69371351 21.48  52.539699  66.043901  7.944  255.33  251.32  242.18
  93    11.657 55579.60935253 21.40  52.513229  66.042868  7.321 -100.00 -100.00 -100.00
  93    11.144 55579.60935312 21.72  52.519660  66.043118  8.223 -100.00 -100.00 -100.00
  93    10.513 55579.60935371 21.95  52.526091  66.043367  8.908 -100.00 -100.00 -100.00
  93    10.410 55579.60935430 20.80  52.532522  66.043617  6.259 -100.00 -100.00 -100.00
  93     9.622 55579.60935490 21.10  52.538953  66.043865  7.074 -100.00 -100.00 -100.00
  94    11.338 55589.52499197 20.46  52.520465  66.041214  7.379 -100.00 -100.00 -100.00
  94    11.004 55589.52499256 20.28  52.526896  66.041464  7.406 -100.00 -100.00 -100.00
  94    10.279 55589.52499315 20.26  52.533327  66.041713  7.053 -100.00 -100.00 -100.00
  94     9.985 55589.52499374 20.18  52.539758  66.041962  6.870 -100.00 -100.00 -100.00
  95    11.139 55599.44062765 20.72  52.520641  66.038395  7.442 -100.00 -100.00 -100.00
  95    10.866 55599.44062824 20.02  52.527071  66.038645  6.660 -100.00 -100.00 -100.00
  95    10.334 55599.44062883 19.74  52.533502  66.038894  6.559 -100.00 -100.00 -100.00
  95     9.848 55599.44062942 20.00  52.539932  66.039143  6.109 -100.00 -100.00 -100.00
  96    11.200 55609.35626112 19.74  52.522415  66.036894  5.257 -100.00 -100.00 -100.00
  96    10.727 55609.35626171 19.75  52.528844  66.037143  7.022 -100.00 -100.00 -100.00
  96    10.338 55609.35626230 20.01  52.535274  66.037392  6.149 -100.00 -100.00 -100.00
  96     9.587 55609.35626289 19.62  52.541704  66.037641  6.178 -100.00 -100.00 -100.00
  97    11.214 55619.27189268 19.95  52.520289  66.037579  6.797  252.35  243.66  223.32
  97    11.036 55619.27189328 19.49  52.526719  66.037829  7.119  252.35  243.66  223.32
  97    10.495 55619.27189387 18.81  52.533149  66.038079  5.160  252.35  243.66  223.32
  97     9.861 55619.27189446 19.21  52.539579  66.038328  6.407  252.35  243.66  223.32
  98    10.903 55629.18754172 18.66  52.519454  66.039926  6.480  256.38  249.28  232.40
  98    11.141 55629.18754231 18.19  52.525884  66.040175  5.221  256.38  249.28  232.40
  98    10.564 55629.18754290 18.20  52.532314  66.040425  5.189  256.38  249.28  232.40
  98     9.972 55629.18754349 18.02  52.538745  66.040674  5.622  256.38  249.28  232.40
  99    11.321 55639.10319249 18.99  52.516260  66.040960  7.519  254.03  244.72  221.90
  99    11.128 55639.10319308 18.11  52.522690  66.041210  6.427  254.03  244.72  221.90
  99    10.669 55639.10319367 18.01  52.529121  66.041459  6.886  254.03  244.72  221.90
  99    10.266 55639.10319426 17.50  52.535551  66.041708  5.248  254.03  244.72  221.90
 100    11.577 55649.01884131 17.34  52.516836  66.039920  5.464  253.73  243.06  219.59
 100    11.349 55649.01884190 17.34  52.523265  66.040169  5.949  253.73  243.06  219.59
 100    10.821 55649.01884249 17.04  52.529695  66.040419  5.779  253.73  243.06  219.59
 100     9.967 55649.01884308 17.53  52.536125  66.040668  5.756  253.73  243.06  219.59
 101     7.412 55658.93448762 31.93  52.524828  66.037994 28.285  265.36  263.24  261.69
 101     7.544 55658.93448821 32.69  52.531257  66.038243 29.992  265.36  263.24  261.69
 101     7.935 55658.93448880 34.20  52.537686  66.038492 26.894  265.36  263.24  261.69
 102    13.398 55668.85012915 31.29  52.522095  66.036862 17.544 -100.00 -100.00 -100.00
 102     7.930 55668.85012974 33.82  52.528523  66.037111 25.368 -100.00 -100.00 -100.00
 102     8.072 55668.85013033 33.63  52.534952  66.037360 26.416 -100.00 -100.00 -100.00
 102     8.114 55668.85013092 35.42  52.541381  66.037609   -100 -100.00 -100.00 -100.00
 103    11.785 55678.76576845 32.12  52.519900  66.038035 21.576  256.75  256.00  256.70
 103    11.518 55678.76576904 29.78  52.526329  66.038284 16.025  256.75  256.00  256.70
 103    11.255 55678.76576963 32.03  52.532758  66.038533 22.502  256.75  256.00  256.70
 103    11.368 55678.76577022 32.22  52.539187  66.038782 23.928  256.75  256.00  256.70
 104    13.890 55688.68140593 52.43  52.518645  66.040386   -100 -100.00 -100.00 -100.00
 104    13.914 55688.68140652 52.80  52.525074  66.040635   -100 -100.00 -100.00 -100.00
 104    13.910 55688.68140711 55.41  52.531504  66.040884   -100 -100.00 -100.00 -100.00
 104    13.917 55688.68140770 55.70  52.537934  66.041133   -100 -100.00 -100.00 -100.00
 105    65.032 55698.59704204  6.28  52.517935  66.041987  9.025 -100.00 -100.00 -100.00
 105    28.035 55698.59704263  8.27  52.524365  66.042237 14.282 -100.00 -100.00 -100.00
 105    65.368 55698.59704322  4.78  52.530795  66.042487  9.089 -100.00 -100.00 -100.00
 105    68.265 55698.59704382  6.81  52.537226  66.042736  6.448 -100.00 -100.00 -100.00
 106    12.930 55708.51267863 32.84  52.515417  66.041772 16.957 -100.00 -100.00 -100.00
 106    12.549 55708.51267922 27.65  52.521847  66.042022  7.896 -100.00 -100.00 -100.00
 106    11.997 55708.51267981 26.69  52.528278  66.042272  6.427 -100.00 -100.00 -100.00
 106    12.261 55708.51268040 26.23  52.534708  66.042521  6.139 -100.00 -100.00 -100.00
 107    13.825 55718.42832991 34.68  52.520271  66.041113 29.650 -100.00 -100.00 -100.00
 107    13.468 55718.42833050 33.35  52.526701  66.041363 29.232 -100.00 -100.00 -100.00
 107    13.525 55718.42833109 31.71  52.533131  66.041612 19.980 -100.00 -100.00 -100.00
 107    13.917 55718.42833168 31.02  52.539562  66.041861 19.169 -100.00 -100.00 -100.00
 108    13.208 55728.34397818 29.81  52.519858  66.040896 20.253  265.65  264.86  266.15
 108    12.534 55728.34397877 27.27  52.526288  66.041146 18.949  265.65  264.86  266.15
 108    12.438 55728.34397936 26.20  52.532719  66.041395 14.884  265.65  264.86  266.15
 108    12.627 55728.34397995 25.42  52.539149  66.041644 12.000 -100.00 -100.00 -100.00
 109     9.323 55738.25962468 48.85  52.516439  66.041546 30.722  280.21  279.80  279.57
 109     9.451 55738.25962527 50.00  52.522870  66.041796   -100  280.21  279.80  279.57
 109     9.217 55738.25962586 53.89  52.529300  66.042045   -100  280.21  279.80  279.57
 109     9.085 55738.25962645 53.71  52.535731  66.042294  6.552 -100.00 -100.00 -100.00
 110     8.200 55748.17527030 44.52  52.516977  66.042592   -100  270.67  270.30  270.60
 110     8.051 55748.17527089 46.63  52.523408  66.042841   -100 -100.00 -100.00 -100.00
 110     8.299 55748.17527149 45.11  52.529838  66.043091   -100 -100.00 -100.00 -100.00
 110     8.253 55748.17527208 41.01  52.536269  66.043340   -100 -100.00 -100.00 -100.00
 111     7.508 55758.09091330 45.66  52.513611  66.042358   -100  270.22  269.71  270.03
 111     7.300 55758.09091389 44.30  52.520041  66.042608   -100  270.22  269.71  270.03
 111     6.888 55758.09091448 44.68  52.526471  66.042857  3.750  270.22  269.71  270.03
 111     7.112 55758.09091507 42.37  52.532902  66.043106   -100  270.22  269.71  270.03
 111     7.110 55758.09091566 35.73  52.539332  66.043355 28.400  270.22  269.71  270.03
 112     6.863 55768.00655447 39.21  52.520582  66.040930   -100  271.99  272.26  272.07
 112     6.737 55768.00655506 30.11  52.527012  66.041179 31.142  271.99  272.26  272.07
 112     8.141 55768.00655565 27.18  52.533442  66.041428 20.552  271.99  272.26  272.07
 112     8.072 55768.00655625 26.04  52.539872  66.041677 16.294  271.99  272.26  272.07
 113     7.141 55777.92219170 30.74  52.518435  66.038347 29.482  265.74  265.42  265.84
 113     7.128 55777.92219229 30.74  52.524864  66.038596 24.921  265.74  265.42  265.84
 113     7.009 55777.92219288 31.20  52.531293  66.038846 30.621  265.74  265.42  265.84
 113     8.361 55777.92219347 26.75  52.537722  66.039095 17.553  265.74  265.42  265.84
 114    10.945 55787.83782724 30.82  52.525632  66.037106 24.444  265.50  264.94  264.90
 114     8.374 55787.83782783 30.89  52.532061  66.037355 30.419  265.50  264.94  264.90
 114     8.674 55787.83782842 25.41  52.538489  66.037604 15.483  265.50  264.94  264.90
 115    11.143 55797.75346047 31.68  52.522844  66.037756 27.251  263.97  263.02  263.56
 115     6.834 55797.75346106 29.98  52.529272  66.038006 24.992  263.97  263.02  263.56
 115     8.422 55797.75346165 26.53  52.535701  66.038255 14.773  263.97  263.02  263.56
 115     7.960 55797.75346224 26.93  52.542131  66.038504 17.496  263.97  263.02  263.56
 116     7.116 55807.66910388 43.67  52.520113  66.039563   -100 -100.00 -100.00 -100.00
 116     6.675 55807.66910447 41.12  52.526542  66.039813   -100 -100.00 -100.00 -100.00
 116     6.792 55807.66910506 37.47  52.532972  66.040062 31.220 -100.00 -100.00 -100.00
 116     6.905 55807.66910565 35.95  52.539402  66.040312 30.094 -100.00 -100.00 -100.00
 117     6.912 55817.58475283 38.94  52.519363  66.040942   -100  270.51  270.34  271.25
 117     6.651 55817.58475342 36.36  52.525793  66.041192   -100 -100.00 -100.00 -100.00
 117     6.815 55817.58475401 27.47  52.532224  66.041441 22.118 -100.00 -100.00 -100.00
 117     8.069 55817.58475460 25.79  52.538654  66.041691 15.941 -100.00 -100.00 -100.00
 118     6.930 55827.50039834 43.81  52.521795  66.040206   -100  266.72  266.50  268.01
 118     6.781 55827.50039893 40.03  52.528225  66.040455   -100  266.72  266.50  268.01
 118     7.053 55827.50039952 38.06  52.534656  66.040704   -100  266.72  266.50  268.01
 118     7.205 55827.50040011 45.91  52.541086  66.040953   -100  266.72  266.50  268.01
 119    11.337 55837.41603911 25.37  52.520224  66.038259 15.499 -100.00 -100.00 -100.00
 119    10.847 55837.41603970 30.52  52.526654  66.038508 31.743 -100.00 -100.00 -100.00
 119    10.219 55837.41604029 26.97  52.533084  66.038758 21.966 -100.00 -100.00 -100.00
 119     8.332 55837.41604088 26.32  52.539514  66.039007 20.130 -100.00 -100.00 -100.00
 120    10.873 55847.33167743 27.16  52.526061  66.037110 18.147  259.32  258.83  260.76
 120     8.948 55847.33167802 27.56  52.532491  66.037360 19.885  259.32  258.83  260.76
 120     8.377 55847.33167861 27.14  52.538921  66.037609 19.927 -100.00 -100.00 -100.00
 121     9.922 55857.24731238 34.43  52.520106  66.037912 32.677 -100.00 -100.00 -100.00
 121    10.218 55857.24731297 40.67  52.526536  66.038162 30.002 -100.00 -100.00 -100.00
 121     9.482 55857.24731356 39.39  52.532966  66.038412   -100 -100.00 -100.00 -100.00
 121     9.811 55857.24731415 25.31  52.539396  66.038661  9.546 -100.00 -100.00 -100.00
 122     9.082 55867.16295715 44.81  52.520621  66.040397 30.575 -100.00 -100.00 -100.00
 122     9.202 55867.16295774 42.87  52.527052  66.040647   -100 -100.00 -100.00 -100.00
 122     9.407 55867.16295833 51.95  52.533482  66.040896   -100 -100.00 -100.00 -100.00
 122     9.184 55867.16295892 49.90  52.539913  66.041145   -100 -100.00 -100.00 -100.00
 123     7.695 55877.07860884 42.37  52.515209  66.042307   -100 -100.00 -100.00 -100.00
 123     7.821 55877.07860943 41.16  52.521639  66.042557   -100 -100.00 -100.00 -100.00
 123     8.134 55877.07861002 40.58  52.528070  66.042807   -100 -100.00 -100.00 -100.00
 123     7.980 55877.07861061 44.85  52.534501  66.043056   -100 -100.00 -100.00 -100.00
 133    11.399 55976.23504008 18.79  52.520067  66.038126  5.743 -100.00 -100.00 -100.00
 133    10.814 55976.23504067 19.05  52.526497  66.038375  5.737 -100.00 -100.00 -100.00
 133    10.191 55976.23504126 18.65  52.532927  66.038625  5.262 -100.00 -100.00 -100.00
 133     9.608 55976.23504185 19.37  52.539357  66.038873  7.138 -100.00 -100.00 -100.00
 134    11.565 55986.15067633 18.62  52.519323  66.039812  5.734 -100.00 -100.00 -100.00
 134    10.981 55986.15067692 19.25  52.525753  66.040062  6.377 -100.00 -100.00 -100.00
 134    10.160 55986.15067751 19.03  52.532183  66.040311  6.599 -100.00 -100.00 -100.00
 134     9.714 55986.15067810 19.23  52.538613  66.040560  6.074 -100.00 -100.00 -100.00
 135    11.043 55996.06631253 19.30  52.517564  66.040595  5.519  251.06  241.61  218.31
 135    11.004 55996.06631312 19.31  52.523994  66.040845  6.445  251.06  241.61  218.31
 135    10.496 55996.06631371 19.28  52.530424  66.041094  5.994  251.06  241.61  218.31
 135    10.075 55996.06631430 19.25  52.536855  66.041344  5.441  251.06  241.61  218.31
 136    11.216 56005.98196461 18.79  52.521492  66.040032  6.657  250.72  240.63  215.31
 136    10.619 56005.98196520 19.05  52.527922  66.040281  5.907  250.72  240.63  215.31
 136    10.005 56005.98196579 19.20  52.534352  66.040530  6.153  250.72  240.63  215.31
 136     9.412 56005.98196638 18.64  52.540782  66.040780  5.578  250.72  240.63  215.31
 137    10.586 56015.89761224 20.00  52.520955  66.038365  8.660  251.12  238.91  211.27
 137    10.892 56015.89761283 19.12  52.527384  66.038614  6.467  251.12  238.91  211.27
 137    10.317 56015.89761342 19.71  52.533813  66.038863  8.100  251.12  238.91  211.27
 137     9.792 56015.89761401 18.88  52.540242  66.039112  5.749  251.12  238.91  211.27
 139     7.398 56035.72889985 23.25  52.519462  66.039054 19.657  266.12  266.57  267.70
 139    10.211 56035.72890044 22.56  52.525891  66.039303 16.266  266.12  266.57  267.70
 139     7.761 56035.72890103 21.77  52.532320  66.039552 16.486  266.12  266.57  267.70
 139     7.884 56035.72890162 23.21  52.538749  66.039801 20.830  266.12  266.57  267.70
 141    13.901 56055.56017877 41.99  52.516591  66.042458   -100  254.43  254.69  257.18
 141    14.192 56055.56017936 50.22  52.523022  66.042708   -100  254.43  254.69  257.18
 141    14.486 56055.56017995 47.87  52.529452  66.042957   -100  254.43  254.69  257.18
 141    13.715 56055.56018054 51.05  52.535883  66.043206 13.011  254.43  254.69  257.18
 142    13.711 56065.47581281 36.31  52.515493  66.042455 25.720 -100.00 -100.00 -100.00
 142    13.595 56065.47581340 34.06  52.521924  66.042705 17.763 -100.00 -100.00 -100.00
 142    13.429 56065.47581399 33.93  52.528354  66.042955 17.281 -100.00 -100.00 -100.00
 142    13.642 56065.47581458 34.27  52.534785  66.043204 15.012 -100.00 -100.00 -100.00
 143    14.166 56075.39145845 41.03  52.515274  66.041701   -100 -100.00 -100.00 -100.00
 143    14.025 56075.39145904 35.08  52.521704  66.041951   -100 -100.00 -100.00 -100.00
 143    13.874 56075.39145963 33.38  52.528134  66.042200 26.947 -100.00 -100.00 -100.00
 143    14.268 56075.39146022 31.64  52.534565  66.042450 17.810 -100.00 -100.00 -100.00
 144    13.426 56085.30710808 29.27  52.518161  66.041522 15.148 -100.00 -100.00 -100.00
 144    12.631 56085.30710867 27.41  52.524591  66.041771 13.203 -100.00 -100.00 -100.00
 144    11.856 56085.30710926 27.80  52.531022  66.042020 15.594 -100.00 -100.00 -100.00
 144    11.768 56085.30710985 27.77  52.537452  66.042269 14.741 -100.00 -100.00 -100.00
 145    13.188 56095.22275480 32.86  52.515070  66.041414 27.238 -100.00 -100.00 -100.00
 145    13.136 56095.22275539 24.70  52.521500  66.041663  9.548 -100.00 -100.00 -100.00
 145    12.390 56095.22275598 23.07  52.527930  66.041913  7.904 -100.00 -100.00 -100.00
 145    12.274 56095.22275657 22.50  52.534361  66.042162  7.535 -100.00 -100.00 -100.00
 145    11.852 56095.22275716 23.44  52.540791  66.042411  9.841 -100.00 -100.00 -100.00
 146     9.473 56105.13839994 43.24  52.517960  66.041629   -100  270.10  270.71  270.24
 146     9.538 56105.13840053 46.07  52.524390  66.041878   -100  270.10  270.71  270.24
 146     9.522 56105.13840112 47.01  52.530820  66.042127   -100  270.10  270.71  270.24
 146     9.623 56105.13840171 49.20  52.537250  66.042376   -100 -100.00 -100.00 -100.00
 147    12.479 56115.05403033 27.99  52.518228  66.040933 21.209  261.00  260.43  261.72
 147    11.595 56115.05403092 26.65  52.524658  66.041183 17.371  261.00  260.43  261.72
 147     8.571 56115.05403151 29.00  52.531088  66.041432 27.531  261.00  260.43  261.72
 147     8.714 56115.05403210 26.57  52.537518  66.041681 20.772  261.00  260.43  261.72
 148     8.324 56124.96966863 36.61  52.519682  66.039906   -100 -100.00 -100.00 -100.00
 148     8.236 56124.96966922 40.92  52.526112  66.040156   -100 -100.00 -100.00 -100.00
 148     8.144 56124.96966981 38.17  52.532541  66.040405   -100 -100.00 -100.00 -100.00
 148     8.364 56124.96967040 39.88  52.538970  66.040654   -100 -100.00 -100.00 -100.00
 149     7.759 56134.88530294 41.80  52.521345  66.038556 31.577 -100.00 -100.00 -100.00
 149     7.778 56134.88530354 38.79  52.527774  66.038806 29.998 -100.00 -100.00 -100.00
 149     8.090 56134.88530413 41.01  52.534202  66.039055   -100 -100.00 -100.00 -100.00
 149     8.318 56134.88530472 47.22  52.540632  66.039304   -100 -100.00 -100.00 -100.00
 150     7.757 56144.80094421 37.17  52.524500  66.038206   -100 -100.00 -100.00 -100.00
 150     8.182 56144.80094481 32.35  52.530929  66.038455 27.152 -100.00 -100.00 -100.00
 150     8.059 56144.80094540 36.64  52.537358  66.038704   -100 -100.00 -100.00 -100.00
 151     8.889 56154.71659406 28.25  52.521914  66.038685 18.690  262.94  262.22  262.88
 151    11.009 56154.71659465 29.82  52.528343  66.038934 22.943  262.94  262.22  262.88
 151     8.229 56154.71659524 33.91  52.534772  66.039183   -100  262.94  262.22  262.88
 151     8.173 56154.71659583 28.33  52.541202  66.039432 21.146  262.94  262.22  262.88
 152     8.069 56164.63224288 43.19  52.520117  66.039753   -100 -100.00 -100.00 -100.00
 152     7.468 56164.63224347 46.05  52.526547  66.040002   -100 -100.00 -100.00 -100.00
 152     7.715 56164.63224406 39.00  52.532977  66.040251 30.677 -100.00 -100.00 -100.00
 152     7.984 56164.63224465 37.39  52.539406  66.040500 25.125 -100.00 -100.00 -100.00
 153     7.946 56174.54788938 47.19  52.516441  66.040238 31.689  267.53  266.48  267.80
 153     7.839 56174.54788997 47.22  52.522871  66.040487   -100  267.53  266.48  267.80
 153     7.504 56174.54789056 42.31  52.529301  66.040737   -100  267.53  266.48  267.80
 153     8.057 56174.54789115 41.59  52.535732  66.040986   -100  267.53  266.48  267.80
 154     7.598 56184.46353156 33.67  52.521893  66.040101 29.465 -100.00 -100.00 -100.00
 154     7.529 56184.46353215 30.29  52.528323  66.040351 18.507 -100.00 -100.00 -100.00
 154     8.290 56184.46353274 28.36  52.534753  66.040600 15.665 -100.00 -100.00 -100.00
 154     7.982 56184.46353333 27.16  52.541183  66.040849 11.807 -100.00 -100.00 -100.00
 155     8.781 56194.37916933 31.34  52.520491  66.039007 19.171 -100.00 -100.00 -100.00
 155     8.794 56194.37916992 38.74  52.526921  66.039257   -100 -100.00 -100.00 -100.00
 155     8.840 56194.37917051 34.82  52.533351  66.039506 27.777 -100.00 -100.00 -100.00
 155     8.661 56194.37917110 37.39  52.539781  66.039755   -100 -100.00 -100.00 -100.00
 156     9.327 56204.29480458 30.97  52.522829  66.038743 31.099 -100.00 -100.00 -100.00
 156    10.709 56204.29480517 29.20  52.529259  66.038992 22.218 -100.00 -100.00 -100.00
 156     9.216 56204.29480576 29.65  52.535689  66.039241 26.847 -100.00 -100.00 -100.00
 156     9.257 56204.29480635 28.54  52.542119  66.039490 22.136 -100.00 -100.00 -100.00
 157     8.696 56214.21043769 36.34  52.518202  66.039511   -100 -100.00 -100.00 -100.00
 157     9.103 56214.21043828 41.45  52.524632  66.039761   -100 -100.00 -100.00 -100.00
 157     8.783 56214.21043887 40.96  52.531062  66.040010   -100 -100.00 -100.00 -100.00
 157     8.647 56214.21043946 39.67  52.537492  66.040259   -100 -100.00 -100.00 -100.00
 158     8.090 56224.12607291 39.33  52.515961  66.041192   -100  253.78  252.79  254.84
 158     8.407 56224.12607350 36.75  52.522392  66.041442   -100  253.78  252.79  254.84
 158     8.385 56224.12607409 35.67  52.528822  66.041692   -100  253.78  252.79  254.84
 158     8.636 56224.12607468 30.29  52.535253  66.041941 18.993  253.78  252.79  254.84
 159     8.508 56234.04172894 44.09  52.516893  66.042484 31.778 -100.00 -100.00 -100.00
 159     8.482 56234.04172953 47.02  52.523323  66.042734   -100 -100.00 -100.00 -100.00
 159     8.494 56234.04173012 50.14  52.529754  66.042983   -100 -100.00 -100.00 -100.00
 159     8.366 56234.04173071 49.29  52.536185  66.043233   -100 -100.00 -100.00 -100.00
 160     7.330 56243.95738066 40.69  52.514369  66.042470   -100  251.72  250.87  247.76
 160     7.289 56243.95738125 39.62  52.520799  66.042720   -100  251.72  250.87  247.76
 160     7.527 56243.95738184 42.15  52.527230  66.042969   -100  251.72  250.87  247.76
 160     7.716 56243.95738243 44.07  52.533660  66.043219 31.917  251.72  250.87  247.76
 160     7.258 56243.95738302 44.63  52.540091  66.043468   -100  251.72  250.87  247.76
 161     8.802 56253.87302806 39.48  52.517524  66.041990   -100  255.49  256.86  260.25
 161     8.807 56253.87302865 39.14  52.523954  66.042239   -100  255.49  256.86  260.25
 161     8.724 56253.87302924 38.61  52.530384  66.042488   -100  255.49  256.86  260.25
 161     8.691 56253.87302983 41.07  52.536815  66.042738   -100  255.49  256.86  260.25
 162     8.659 56263.78867100 28.84  52.518806  66.041767 14.553  241.46  236.39  227.84
 162     8.451 56263.78867159 28.99  52.525237  66.042017 14.940  241.46  236.39  227.84
 162     8.533 56263.78867218 28.94  52.531667  66.042266 15.252  241.46  236.39  227.84
 162     8.681 56263.78867277 28.15  52.538097  66.042515 11.656  241.46  236.39  227.84
 164     8.087 56283.61995556 26.93  52.517294  66.041490 12.304 -100.00 -100.00 -100.00
 164     8.078 56283.61995615 27.13  52.523724  66.041739 12.423 -100.00 -100.00 -100.00
 164     8.185 56283.61995674 26.95  52.530155  66.041989 12.498 -100.00 -100.00 -100.00
 164     7.929 56283.61995733 27.21  52.536586  66.042238 13.484 -100.00 -100.00 -100.00
 165     8.038 56293.53560695 25.06  52.516713  66.040509  8.691 -100.00 -100.00 -100.00
 165     8.115 56293.53560754 24.52  52.523143  66.040759  8.543 -100.00 -100.00 -100.00
 165     8.771 56293.53560813 24.47  52.529574  66.041008  8.905 -100.00 -100.00 -100.00
 165     7.999 56293.53560872 25.49  52.536004  66.041257  9.782 -100.00 -100.00 -100.00
 166     8.803 56303.45125423 23.94  52.519321  66.039140  7.674 -100.00 -100.00 -100.00
 166     9.427 56303.45125482 23.32  52.525751  66.039390  6.936 -100.00 -100.00 -100.00
 166     9.579 56303.45125541 23.65  52.532181  66.039639  8.080 -100.00 -100.00 -100.00
 166     8.965 56303.45125600 23.85  52.538612  66.039888  8.449 -100.00 -100.00 -100.00
 167     9.367 56313.36689728 22.83  52.520004  66.038411  6.578  248.91  241.23  224.24
 167    10.438 56313.36689787 22.57  52.526435  66.038661  7.383  248.91  241.23  224.24
 167     9.528 56313.36689846 22.87  52.532865  66.038910  7.393  248.91  241.23  224.24
 167     9.286 56313.36689905 23.07  52.539296  66.039159  8.357  248.91  241.23  224.24
 168     9.567 56323.28253835 23.21  52.521862  66.038966  8.963 -100.00 -100.00 -100.00
 168    10.295 56323.28253894 22.67  52.528293  66.039216  6.947 -100.00 -100.00 -100.00
 168     9.718 56323.28253953 22.73  52.534723  66.039464  8.684 -100.00 -100.00 -100.00
 168     9.368 56323.28254012 22.42  52.541154  66.039713  6.946 -100.00 -100.00 -100.00
 169    11.204 56333.19817829 21.97  52.517892  66.039907  6.844 -100.00 -100.00 -100.00
 169     9.480 56333.19817888 23.18  52.524323  66.040156  9.308 -100.00 -100.00 -100.00
 169     9.601 56333.19817947 22.53  52.530753  66.040405  8.636 -100.00 -100.00 -100.00
 169     8.634 56333.19818006 23.45  52.537184  66.040654  9.688 -100.00 -100.00 -100.00
 170    10.412 56343.11381805 22.48  52.517867  66.040278  7.682 -100.00 -100.00 -100.00
 170     8.625 56343.11381864 23.19  52.524297  66.040528  8.659 -100.00 -100.00 -100.00
 170     9.298 56343.11381923 22.89  52.530728  66.040777  8.600 -100.00 -100.00 -100.00
 170     9.058 56343.11381982 22.89  52.537158  66.041026  9.530 -100.00 -100.00 -100.00
 171    10.764 56353.02945570 19.34  52.520035  66.039884  7.084 -100.00 -100.00 -100.00
 171    10.341 56353.02945629 19.48  52.526465  66.040133  7.030 -100.00 -100.00 -100.00
 171    10.425 56353.02945688 19.27  52.532894  66.040382  6.126 -100.00 -100.00 -100.00
 171     9.909 56353.02945747 18.49  52.539324  66.040632  5.403 -100.00 -100.00 -100.00
 172    11.063 56362.94509792 19.23  52.521967  66.039131  6.542 -100.00 -100.00 -100.00
 172     9.886 56362.94509851 20.40  52.528396  66.039381  7.788 -100.00 -100.00 -100.00
 172    10.616 56362.94509910 18.61  52.534826  66.039630  5.700 -100.00 -100.00 -100.00
 172    10.125 56362.94509969 19.02  52.541256  66.039879  5.810 -100.00 -100.00 -100.00
 173    11.049 56372.86074706 17.82  52.522429  66.039101  4.756  243.87  230.57  204.71
 173    10.809 56372.86074765 17.87  52.528859  66.039351  5.390  243.87  230.57  204.71
 173    10.388 56372.86074824 18.07  52.535288  66.039600  5.490  243.87  230.57  204.71
 173     9.896 56372.86074883 17.68  52.541717  66.039849  4.180  243.87  230.57  204.71
 175    11.518 56392.69203698 17.93  52.514030  66.041363  5.980 -100.00 -100.00 -100.00
 175    11.211 56392.69203757 16.83  52.520460  66.041613  4.922 -100.00 -100.00 -100.00
 175    10.772 56392.69203816 16.82  52.526890  66.041862  4.261 -100.00 -100.00 -100.00
 175    10.805 56392.69203875 16.56  52.533320  66.042111  3.924 -100.00 -100.00 -100.00
 175    10.648 56392.69203934 16.54  52.539750  66.042360  4.136 -100.00 -100.00 -100.00
 176     6.867 56402.60767965 40.18  52.514515  66.042271   -100 -100.00 -100.00 -100.00
 176     7.015 56402.60768024 40.56  52.520945  66.042521   -100 -100.00 -100.00 -100.00
 176     7.139 56402.60768083 39.78  52.527375  66.042770 31.361 -100.00 -100.00 -100.00
 176     6.835 56402.60768142 43.39  52.533806  66.043019   -100 -100.00 -100.00 -100.00
 176     6.801 56402.60768201 43.07  52.540236  66.043268   -100 -100.00 -100.00 -100.00
 177     8.635 56412.52331985 39.07  52.519014  66.042567   -100  256.53  255.38  255.72
 177     8.696 56412.52332044 37.77  52.525445  66.042816   -100  256.53  255.38  255.72
 177     8.868 56412.52332103 35.07  52.531876  66.043065 26.470  256.53  255.38  255.72
 177     8.616 56412.52332162 32.54  52.538306  66.043314 21.754  256.53  255.38  255.72
 178    12.736 56422.43895426 35.17  52.514948  66.041809   -100 -100.00 -100.00 -100.00
 178    12.166 56422.43895485 32.51  52.521378  66.042059 24.675 -100.00 -100.00 -100.00
 178    11.732 56422.43895544 34.32  52.527809  66.042308   -100 -100.00 -100.00 -100.00
 178    11.903 56422.43895603 34.61  52.534240  66.042557   -100 -100.00 -100.00 -100.00
 178    12.219 56422.43895662 34.37  52.540670  66.042806   -100 -100.00 -100.00 -100.00
 179    12.824 56432.35459617 32.02  52.518118  66.041726 27.861 -100.00 -100.00 -100.00
 179    12.212 56432.35459676 28.86  52.524549  66.041976 23.494 -100.00 -100.00 -100.00
 179    12.127 56432.35459735 28.02  52.530979  66.042225 20.842 -100.00 -100.00 -100.00
 179    12.275 56432.35459794 34.68  52.537410  66.042475   -100 -100.00 -100.00 -100.00
 180    12.219 56442.27024884 33.00  52.519059  66.042066 15.387 -100.00 -100.00 -100.00
 180    12.153 56442.27024943 36.48  52.525490  66.042315 29.116 -100.00 -100.00 -100.00
 180    11.909 56442.27025002 41.79  52.531920  66.042564   -100 -100.00 -100.00 -100.00
 180    12.179 56442.27025061 41.85  52.538351  66.042813   -100 -100.00 -100.00 -100.00
 181    59.632 56452.18589833 20.57  52.513145  66.042176 10.182  269.96  269.10  271.20
 181    59.378 56452.18589892 20.57  52.519575  66.042426 12.419  269.96  269.10  271.20
 181    57.925 56452.18589951 21.50  52.526006  66.042675  5.931  269.96  269.10  271.20
 181    57.853 56452.18590010 21.38  52.532436  66.042924  0.750  269.96  269.10  271.20
 181    58.443 56452.18590069 27.88  52.538867  66.043173 21.083  269.96  269.10  271.20
 182    12.232 56462.10154616 33.51  52.516307  66.041583   -100 -100.00 -100.00 -100.00
 182    11.868 56462.10154675 26.16  52.522737  66.041832 17.254 -100.00 -100.00 -100.00
 182    11.581 56462.10154734 25.38  52.529167  66.042081 16.139 -100.00 -100.00 -100.00
 182    11.395 56462.10154793 25.00  52.535598  66.042330 14.074 -100.00 -100.00 -100.00
 183    10.117 56472.01719075 31.57  52.520230  66.040179   -100  263.67  262.98  264.33
 183    10.020 56472.01719134 28.61  52.526659  66.040428 24.489  263.67  262.98  264.33
 183    10.584 56472.01719193 27.09  52.533089  66.040677 19.791  263.67  262.98  264.33
 183     9.985 56472.01719252 28.41  52.539519  66.040926 22.441 -100.00 -100.00 -100.00
 184     8.469 56481.93283144 43.05  52.519674  66.038619 32.686  267.88  268.40  267.70
 184     7.732 56481.93283203 45.03  52.526103  66.038869  5.042  267.88  268.40  267.70
 184     8.320 56481.93283262 42.74  52.532532  66.039118   -100 -100.00 -100.00 -100.00
 184     8.552 56481.93283321 48.17  52.538961  66.039367   -100 -100.00 -100.00 -100.00
 185     7.645 56491.84846863 43.07  52.521221  66.038379 25.769  271.20  272.09  270.71
 185     6.691 56491.84846922 44.10  52.527649  66.038628   -100  271.20  272.09  270.71
 185     7.215 56491.84846981 39.97  52.534078  66.038878   -100  271.20  272.09  270.71
 185     7.673 56491.84847040 48.24  52.540507  66.039126   -100  271.20  272.09  270.71
 187     6.455 56511.67973586 41.64  52.517019  66.040219 10.498  277.61  277.96  276.73
 187     6.317 56511.67973645 34.21  52.523448  66.040469   -100  277.61  277.96  276.73
 187     7.422 56511.67973704 27.55  52.529878  66.040718 19.293  277.61  277.96  276.73
 187    10.533 56511.67973763 25.00  52.536308  66.040967 13.983 -100.00 -100.00 -100.00
 188     8.091 56521.59538169 28.59  52.515208  66.040419 22.936  269.68  269.89  269.94
 188     6.837 56521.59538228 31.51  52.521638  66.040669 28.419  269.68  269.89  269.94
 188     6.292 56521.59538287 29.67  52.528068  66.040919 25.926  269.68  269.89  269.94
 188    10.725 56521.59538346 24.61  52.534498  66.041168 11.676  269.68  269.89  269.94
 188     8.496 56521.59538405 24.95  52.540928  66.041417 14.089  269.68  269.89  269.94
 189     6.633 56531.51103477 34.81  52.517377  66.039842   -100  267.05  267.14  266.71
 189     6.353 56531.51103536 34.80  52.523807  66.040092   -100  267.05  267.14  266.71
 189     7.278 56531.51103596 27.34  52.530237  66.040342 18.135 -100.00 -100.00 -100.00
 189     8.388 56531.51103655 26.57  52.536667  66.040591 15.510 -100.00 -100.00 -100.00
 191     7.341 56551.34232916 32.03  52.520611  66.039146   -100  269.25  268.15  268.86
 191    11.159 56551.34232975 26.09  52.527041  66.039395 17.376  269.25  268.15  268.86
 191     8.422 56551.34233034 28.45  52.533471  66.039644 24.233 -100.00 -100.00 -100.00
 191     7.510 56551.34233093 27.79  52.539902  66.039893 23.995 -100.00 -100.00 -100.00
 192     7.345 56561.25797159 34.30  52.516962  66.040525   -100  260.24  260.28  260.82
 192     7.205 56561.25797218 35.55  52.523392  66.040774   -100 -100.00 -100.00 -100.00
 192     7.233 56561.25797277 30.98  52.529823  66.041024 27.549 -100.00 -100.00 -100.00
 192     7.009 56561.25797336 30.41  52.536253  66.041273 25.547 -100.00 -100.00 -100.00
 193     7.434 56571.17361307 45.09  52.514990  66.042296 25.711 -100.00 -100.00 -100.00
 193     6.835 56571.17361366 45.11  52.521421  66.042546   -100 -100.00 -100.00 -100.00
 193     7.334 56571.17361425 48.87  52.527852  66.042795   -100 -100.00 -100.00 -100.00
 193     7.170 56571.17361484 50.21  52.534283  66.043044   -100 -100.00 -100.00 -100.00
 194     8.263 56581.08925326 44.23  52.516263  66.043368 29.028  256.77  254.33  254.19
 194     8.142 56581.08925385 48.23  52.522694  66.043618   -100  256.77  254.33  254.19
 194     8.138 56581.08925444 51.17  52.529125  66.043867   -100  256.77  254.33  254.19
 194     8.329 56581.08925503 53.42  52.535556  66.044116   -100  256.77  254.33  254.19
 195     7.432 56591.00488925 40.74  52.517463  66.042694   -100 -100.00 -100.00 -100.00
 195     7.554 56591.00488984 42.16  52.523893  66.042944   -100 -100.00 -100.00 -100.00
 195     7.922 56591.00489043 43.99  52.530324  66.043194 31.515 -100.00 -100.00 -100.00
 195     7.548 56591.00489102 46.43  52.536755  66.043443   -100 -100.00 -100.00 -100.00
 196     8.637 56600.92053745 35.87  52.519373  66.041558 27.582 -100.00 -100.00 -100.00
 196     8.500 56600.92053804 37.95  52.525803  66.041808   -100 -100.00 -100.00 -100.00
 196     8.752 56600.92053863 35.12  52.532233  66.042057 25.364 -100.00 -100.00 -100.00
 196     8.829 56600.92053923 34.79  52.538663  66.042306 22.547 -100.00 -100.00 -100.00
 197    57.728 56610.83618751 19.43  52.519616  66.041052 18.659  259.30  257.77  257.35
 197    57.300 56610.83618810 22.81  52.526046  66.041302 26.950  259.30  257.77  257.35
 197    58.126 56610.83618869 24.73  52.532476  66.041551 16.860  259.30  257.77  257.35
 197    58.241 56610.83618928 27.00  52.538907  66.041800 16.803  259.30  257.77  257.35
 198    13.529 56620.75183257 41.83  52.515722  66.041705   -100  259.68  259.64  260.99
 198    13.444 56620.75183316 39.45  52.522152  66.041955   -100  259.68  259.64  260.99
 198    13.675 56620.75183375 37.71  52.528583  66.042204 22.951  259.68  259.64  260.99
 198    13.663 56620.75183434 38.65  52.535013  66.042453 27.945  259.68  259.64  260.99
 199    11.832 56630.66747484 24.28  52.514793  66.042450  9.008 -100.00 -100.00 -100.00
 199    11.813 56630.66747543 24.70  52.521224  66.042700  9.957 -100.00 -100.00 -100.00
 199    11.292 56630.66747602 24.73  52.527655  66.042949 10.484 -100.00 -100.00 -100.00
 199    11.001 56630.66747662 25.45  52.534086  66.043198 12.466 -100.00 -100.00 -100.00
 200    11.830 56640.58311347 20.77  52.514546  66.041820  8.072 -100.00 -100.00 -100.00
 200    11.822 56640.58311406 20.85  52.520977  66.042070  7.725 -100.00 -100.00 -100.00
 200    11.087 56640.58311465 21.35  52.527408  66.042319  9.062 -100.00 -100.00 -100.00
 200    10.923 56640.58311524 20.81  52.533839  66.042568  7.716 -100.00 -100.00 -100.00
 200    10.423 56640.58311583 21.46  52.540270  66.042817  8.901 -100.00 -100.00 -100.00
 201    12.185 56650.49876058 18.28  52.516939  66.039812  5.399  259.03  255.81  250.03
 201    11.501 56650.49876117 18.28  52.523370  66.040062  6.758  259.03  255.81  250.03
 201    11.009 56650.49876176 19.19  52.529800  66.040311  6.567  259.03  255.81  250.03
 201    10.702 56650.49876235 19.32  52.536231  66.040560  8.505  259.03  255.81  250.03
 202    11.144 56660.41441139 15.29  52.519497  66.037936  5.761  235.12  224.37  204.91
 202    11.242 56660.41441198 15.39  52.525927  66.038186  5.701  235.12  224.37  204.91
 202    10.656 56660.41441257 15.51  52.532357  66.038435  5.813  235.12  224.37  204.91
 202    10.248 56660.41441316 16.03  52.538788  66.038684  6.382  235.12  224.37  204.91
 203    11.146 56670.33005905 15.04  52.525289  66.037989  4.793  241.14  233.85  218.21
 203    10.499 56670.33005964 15.81  52.531719  66.038238  5.594  241.14  233.85  218.21
 203    10.285 56670.33006023 15.67  52.538149  66.038487  5.337  241.14  233.85  218.21
 205    11.452 56690.16134663 16.02  52.517622  66.041460  5.274 -100.00 -100.00 -100.00
 205    11.146 56690.16134722 16.11  52.524052  66.041709  5.269 -100.00 -100.00 -100.00
 205    10.456 56690.16134781 16.65  52.530483  66.041958  6.806 -100.00 -100.00 -100.00
 205     9.866 56690.16134840 16.57  52.536914  66.042207  6.182 -100.00 -100.00 -100.00
 206    12.276 56700.07698642 15.91  52.514921  66.041478  4.471  246.01  237.66  219.45
 206    11.265 56700.07698701 16.76  52.521352  66.041728  5.652 -100.00 -100.00 -100.00
 206    11.037 56700.07698760 16.98  52.527782  66.041977  5.288 -100.00 -100.00 -100.00
 206     9.966 56700.07698819 16.96  52.534213  66.042226  5.402 -100.00 -100.00 -100.00
 206     9.877 56700.07698878 16.44  52.540644  66.042475  5.087 -100.00 -100.00 -100.00
 207    11.513 56709.99262205 17.08  52.518577  66.039974  6.001 -100.00 -100.00 -100.00
 207    11.384 56709.99262264 16.32  52.525006  66.040224  5.486 -100.00 -100.00 -100.00
 207    10.549 56709.99262323 17.02  52.531436  66.040473  6.238 -100.00 -100.00 -100.00
 207    10.539 56709.99262382 16.35  52.537866  66.040722  4.670 -100.00 -100.00 -100.00
 208    11.051 56719.90826382 15.80  52.521631  66.038840  7.072  244.18  234.63  214.07
 208    10.074 56719.90826441 17.87  52.528061  66.039090  9.822  244.18  234.63  214.07
 208    10.313 56719.90826500 16.09  52.534490  66.039339  7.262 -100.00 -100.00 -100.00
 208    10.331 56719.90826559 16.24  52.540920  66.039588  7.318 -100.00 -100.00 -100.00
 209     9.776 56729.82391611 20.49  52.522932  66.039366 13.364 -100.00 -100.00 -100.00
 209     9.607 56729.82391670 21.08  52.529361  66.039615 15.701 -100.00 -100.00 -100.00
 209     9.992 56729.82391729 21.30  52.535791  66.039864 15.699 -100.00 -100.00 -100.00
 209     9.673 56729.82391788 21.87  52.542220  66.040113 18.379 -100.00 -100.00 -100.00
 211    13.292 56749.65520812 12.79  52.516364  66.043534  4.007  232.34  218.99  203.26
 211    12.884 56749.65520871 13.37  52.522795  66.043783  4.480  232.34  218.99  203.26
 211    13.889 56749.65520930 12.74  52.529225  66.044032  3.554  232.34  218.99  203.26
 211    11.956 56749.65520990 13.44  52.535656  66.044281  4.672 -100.00 -100.00 -100.00
 212    25.942 56759.57084739 15.97  52.514228  66.043984  3.533  254.35  256.24  258.81
 212    24.812 56759.57084798 16.20  52.520659  66.044233  3.184  254.35  256.24  258.81
 212    23.566 56759.57084857 15.94  52.527090  66.044483  2.860  254.35  256.24  258.81
 212    22.730 56759.57084916 15.93  52.533521  66.044732  2.973  254.35  256.24  258.81
 213     8.738 56769.48648041 39.81  52.513486  66.042731   -100 -100.00 -100.00 -100.00
 213     8.994 56769.48648100 42.32  52.519916  66.042981   -100 -100.00 -100.00 -100.00
 213     9.022 56769.48648159 41.92  52.526347  66.043230   -100 -100.00 -100.00 -100.00
 213     8.798 56769.48648218 43.81  52.532778  66.043480   -100 -100.00 -100.00 -100.00
 213     8.930 56769.48648277 45.14  52.539209  66.043729   -100 -100.00 -100.00 -100.00
 214    10.517 56779.40213058 33.50  52.515779  66.041307 30.239 -100.00 -100.00 -100.00
 214    10.763 56779.40213117 34.34  52.522209  66.041557 30.525 -100.00 -100.00 -100.00
 214    10.990 56779.40213176 37.36  52.528640  66.041806   -100 -100.00 -100.00 -100.00
 214    10.687 56779.40213235 37.72  52.535071  66.042055   -100 -100.00 -100.00 -100.00
 215    12.551 56789.31778620 49.53  52.516894  66.040876   -100  256.67  258.29  259.36
 215    12.928 56789.31778679 42.59  52.523324  66.041126 28.462 -100.00 -100.00 -100.00
 215    12.608 56789.31778738 44.62  52.529755  66.041375   -100 -100.00 -100.00 -100.00
 215    12.767 56789.31778797 40.88  52.536186  66.041624 29.158 -100.00 -100.00 -100.00
 216    16.531 56799.23343835 35.34  52.516669  66.041558 12.709 -100.00 -100.00 -100.00
 216    16.418 56799.23343894 36.35  52.523099  66.041807 15.515 -100.00 -100.00 -100.00
 216    16.208 56799.23343953 38.34  52.529530  66.042056 20.146 -100.00 -100.00 -100.00
 216    16.218 56799.23344012 38.23  52.535960  66.042305 21.066 -100.00 -100.00 -100.00
 217    16.185 56809.14908405 53.32  52.513921  66.042462   -100 -100.00 -100.00 -100.00
 217    16.164 56809.14908464 54.48  52.520351  66.042712  0.974 -100.00 -100.00 -100.00
 217    16.172 56809.14908523 52.71  52.526782  66.042961   -100 -100.00 -100.00 -100.00
 217    16.215 56809.14908582 54.17  52.533213  66.043210   -100 -100.00 -100.00 -100.00
 217    15.946 56809.14908641 53.42  52.539643  66.043458 12.452 -100.00 -100.00 -100.00
 219    13.360 56828.98036173 48.60  52.519387  66.040465 32.713 -100.00 -100.00 -100.00
 219    13.344 56828.98036232 51.69  52.525817  66.040715   -100 -100.00 -100.00 -100.00
 219    13.106 56828.98036291 51.35  52.532246  66.040964   -100 -100.00 -100.00 -100.00
 219    12.951 56828.98036350 53.65  52.538676  66.041213  1.558 -100.00 -100.00 -100.00
 220    13.159 56838.89599555 31.99  52.522747  66.038274 21.477 -100.00 -100.00 -100.00
 220    13.083 56838.89599614 31.11  52.529176  66.038523 21.076 -100.00 -100.00 -100.00
 220    12.985 56838.89599673 30.95  52.535605  66.038773 21.519 -100.00 -100.00 -100.00
 220    13.027 56838.89599732 30.76  52.542033  66.039021 21.039 -100.00 -100.00 -100.00
 221    13.053 56848.81162718 27.63  52.521874  66.037646 14.063  259.80  259.19  260.84
 221    12.783 56848.81162777 27.95  52.528303  66.037896 20.463  259.80  259.19  260.84
 221    11.811 56848.81162836 27.30  52.534731  66.038145 17.580  259.80  259.19  260.84
 221    10.823 56848.81162895 32.56  52.541160  66.038394   -100  259.80  259.19  260.84
 222     8.581 56858.72728151 45.59  52.519106  66.039242   -100  267.50  266.88  267.12
 222     8.528 56858.72728210 39.90  52.525535  66.039492 30.112 -100.00 -100.00 -100.00
 222     8.661 56858.72728269 40.52  52.531964  66.039741 30.838 -100.00 -100.00 -100.00
 222     8.617 56858.72728328 44.09  52.538394  66.039990   -100 -100.00 -100.00 -100.00
 223    12.559 56868.64293470 32.66  52.514783  66.041334 27.814  265.67  264.15  265.10
 223    12.536 56868.64293529 25.04  52.521213  66.041583 13.461  265.67  264.15  265.10
 223    11.675 56868.64293588 25.30  52.527643  66.041833 15.039  265.67  264.15  265.10
 223    10.828 56868.64293647 26.62  52.534073  66.042082 16.456  265.67  264.15  265.10
 223    11.517 56868.64293706 25.05  52.540503  66.042330 13.750  265.67  264.15  265.10
 224     8.280 56878.55858647 46.58  52.518359  66.042173 28.761 -100.00 -100.00 -100.00
 224     7.945 56878.55858706 42.38  52.524790  66.042423   -100 -100.00 -100.00 -100.00
 224     8.081 56878.55858765 42.51  52.531220  66.042672   -100 -100.00 -100.00 -100.00
 224     7.879 56878.55858824 44.51  52.537651  66.042921   -100 -100.00 -100.00 -100.00
 225     7.438 56888.47423469 46.68  52.520002  66.041182   -100  272.28  271.21  271.41
 225     7.407 56888.47423528 40.01  52.526432  66.041431   -100  272.28  271.21  271.41
 225     7.864 56888.47423587 45.20  52.532862  66.041680   -100  272.28  271.21  271.41
 225     7.658 56888.47423646 47.20  52.539293  66.041929   -100  272.28  271.21  271.41
 226     8.552 56898.38987968 27.75  52.516051  66.039487 15.448  270.16  270.21  270.01
 226     8.321 56898.38988027 29.02  52.522481  66.039737 20.269  270.16  270.21  270.01
 226     7.878 56898.38988086 29.93  52.528911  66.039986 22.764  270.16  270.21  270.01
 226     7.809 56898.38988145 32.11  52.535341  66.040235 27.453  270.16  270.21  270.01
 226     7.750 56898.38988204 31.11  52.541772  66.040483 27.711  270.16  270.21  270.01
 227    11.531 56908.30552263 26.46  52.516580  66.039666 17.619  266.16  265.18  265.53
 227    11.344 56908.30552323 24.68  52.523010  66.039915 13.887  266.16  265.18  265.53
 227    11.195 56908.30552382 23.39  52.529440  66.040164 11.154  266.16  265.18  265.53
 227    10.558 56908.30552441 24.92  52.535871  66.040413 13.351  266.16  265.18  265.53
 228     8.206 56918.22116376 43.00  52.518250  66.041699   -100  261.52  260.80  261.68
 228     8.319 56918.22116435 40.46  52.524681  66.041948   -100  261.52  260.80  261.68
 228     8.374 56918.22116494 43.30  52.531112  66.042197   -100  261.52  260.80  261.68
 228     8.148 56918.22116553 39.17  52.537543  66.042446   -100  261.52  260.80  261.68
 229    11.025 56928.13680235 31.36  52.514377  66.043754 27.704 -100.00 -100.00 -100.00
 229     8.930 56928.13680294 30.33  52.520808  66.044003 32.407 -100.00 -100.00 -100.00
 229     8.878 56928.13680353 28.06  52.527239  66.044253 23.302 -100.00 -100.00 -100.00
 229    10.859 56928.13680412 24.19  52.533670  66.044502 13.883 -100.00 -100.00 -100.00
 230    11.334 56938.05243698 29.46  52.512513  66.044276 15.238 -100.00 -100.00 -100.00
 230     8.680 56938.05243757 33.31  52.518943  66.044526 31.086 -100.00 -100.00 -100.00
 230     8.378 56938.05243816 33.74  52.525374  66.044776 29.936 -100.00 -100.00 -100.00
 230     8.719 56938.05243875 27.56  52.531805  66.045025 13.531 -100.00 -100.00 -100.00
 230     8.431 56938.05243934 27.40  52.538237  66.045274 13.146 -100.00 -100.00 -100.00
 231     8.293 56947.96806977 47.59  52.512425  66.042871   -100  258.62  256.85  256.93
 231     8.332 56947.96807036 47.49  52.518856  66.043121   -100  258.62  256.85  256.93
 231     8.453 56947.96807095 49.46  52.525286  66.043370   -100  258.62  256.85  256.93
 231     8.174 56947.96807154 52.35  52.531717  66.043620   -100  258.62  256.85  256.93
 231     8.457 56947.96807213 49.38  52.538147  66.043869   -100  258.62  256.85  256.93
 232     7.676 56957.88372373 39.71  52.518534  66.041240   -100  261.72  260.18  259.59
 232     7.630 56957.88372432 35.81  52.524964  66.041489 24.727  261.72  260.18  259.59
 232     7.633 56957.88372491 36.16  52.531394  66.041738 25.768  261.72  260.18  259.59
 232     7.674 56957.88372550 36.29  52.537824  66.041987 28.145 -100.00 -100.00 -100.00
 233     8.420 56967.79937187 31.65  52.519233  66.040376 15.794  257.65  255.19  252.34
 233     8.400 56967.79937246 34.28  52.525662  66.040625 25.663  257.65  255.19  252.34
 233     8.406 56967.79937305 32.02  52.532092  66.040874 20.157  257.65  255.19  252.34
 233     8.788 56967.79937364 31.41  52.538522  66.041123 18.166  257.65  255.19  252.34
 234     8.992 56977.71501567 29.16  52.515724  66.040859 11.343 -100.00 -100.00 -100.00
 234     9.918 56977.71501626 29.18  52.522154  66.041109 10.830 -100.00 -100.00 -100.00
 234     9.417 56977.71501685 30.15  52.528584  66.041358 13.980 -100.00 -100.00 -100.00
 234     8.931 56977.71501744 30.45  52.535014  66.041607 13.462 -100.00 -100.00 -100.00
 235    11.414 56987.63065511 27.61  52.513482  66.041765  9.774 -100.00 -100.00 -100.00
 235     8.715 56987.63065570 29.60  52.519912  66.042015 13.591 -100.00 -100.00 -100.00
 235     8.665 56987.63065629 30.77  52.526343  66.042265 17.447 -100.00 -100.00 -100.00
 235     9.011 56987.63065688 29.67  52.532773  66.042514 13.329 -100.00 -100.00 -100.00
 235     8.935 56987.63065747 30.97  52.539204  66.042763 18.055 -100.00 -100.00 -100.00
 236    11.540 56997.54628876 25.63  52.514247  66.041517  8.902 -100.00 -100.00 -100.00
 236    10.973 56997.54628935 25.57  52.520677  66.041767  9.087 -100.00 -100.00 -100.00
 236     9.836 56997.54628995 26.20  52.527108  66.042016  9.773 -100.00 -100.00 -100.00
 236     9.711 56997.54629054 26.08  52.533538  66.042266  9.611 -100.00 -100.00 -100.00
 236     8.583 56997.54629113 27.51  52.539969  66.042515 11.168 -100.00 -100.00 -100.00
 237    11.339 57007.46193631 26.06  52.516779  66.040062  8.836 -100.00 -100.00 -100.00
 237    10.832 57007.46193690 26.10  52.523210  66.040312  9.068 -100.00 -100.00 -100.00
 237    10.632 57007.46193749 26.54  52.529640  66.040561  9.838 -100.00 -100.00 -100.00
 237     9.796 57007.46193808 27.19  52.536071  66.040811 10.503 -100.00 -100.00 -100.00
 238    11.520 57017.37759042 25.88  52.522723  66.038539  8.341 -100.00 -100.00 -100.00
 238    10.418 57017.37759101 26.80  52.529153  66.038788  9.985 -100.00 -100.00 -100.00
 238     9.585 57017.37759161 27.62  52.535584  66.039037 11.169 -100.00 -100.00 -100.00
 238     7.897 57017.37759220 28.54  52.542014  66.039286 14.743 -100.00 -100.00 -100.00
 239    11.176 57027.29324074 24.16  52.524764  66.038271  7.182 -100.00 -100.00 -100.00
 239    10.547 57027.29324133 24.94  52.531194  66.038520  8.252 -100.00 -100.00 -100.00
 239    10.037 57027.29324192 24.70  52.537624  66.038769  8.175 -100.00 -100.00 -100.00
 240    11.254 57037.20888887 22.39  52.522314  66.039753  5.511 -100.00 -100.00 -100.00
 240    10.764 57037.20888946 23.27  52.528744  66.040002  7.445 -100.00 -100.00 -100.00
 240    10.164 57037.20889006 23.19  52.535175  66.040251  6.399 -100.00 -100.00 -100.00
 240     9.638 57037.20889065 23.56  52.541605  66.040500  7.585 -100.00 -100.00 -100.00
 241    11.620 57047.12453430 21.66  52.518264  66.041354  5.805 -100.00 -100.00 -100.00
 241    11.215 57047.12453489 21.08  52.524694  66.041603  5.410 -100.00 -100.00 -100.00
 241    10.655 57047.12453548 22.39  52.531125  66.041853  6.391 -100.00 -100.00 -100.00
 241     9.771 57047.12453607 22.11  52.537555  66.042101  6.197 -100.00 -100.00 -100.00
 242    11.741 57057.04017637 20.11  52.517704  66.042000  5.610 -100.00 -100.00 -100.00
 242    11.730 57057.04017696 20.80  52.524134  66.042250  6.484 -100.00 -100.00 -100.00
 242    10.687 57057.04017755 20.78  52.530565  66.042499  6.002 -100.00 -100.00 -100.00
 242     9.363 57057.04017814 21.89  52.536995  66.042748  7.698 -100.00 -100.00 -100.00
 243    11.270 57066.95581323 19.69  52.519980  66.041072  6.304  255.04  249.39  236.14
 243    11.174 57066.95581382 19.48  52.526410  66.041321  5.767  255.04  249.39  236.14
 243    11.202 57066.95581441 20.26  52.532840  66.041570  8.079  255.04  249.39  236.14
 243    10.238 57066.95581500 19.73  52.539271  66.041819  7.201  255.04  249.39  236.14
 244    24.231 57076.87144518 14.51  52.516173  66.040009  4.226  251.52  246.46  239.67
 244    14.113 57076.87144577 16.09  52.522602  66.040258  5.478  251.52  246.46  239.67
 244    14.001 57076.87144636 15.56  52.529032  66.040508  5.263  251.52  246.46  239.67
 244    20.056 57076.87144695 14.20  52.535462  66.040757  3.206  251.52  246.46  239.67
 244    19.224 57076.87144755 14.20  52.541891  66.041006  2.985  251.52  246.46  239.67
 245    12.241 57086.78707580 16.52  52.518957  66.040150  6.623 -100.00 -100.00 -100.00
 245    11.641 57086.78707639 17.15  52.525386  66.040400  7.037 -100.00 -100.00 -100.00
 245    12.403 57086.78707698 16.47  52.531816  66.040649  5.714 -100.00 -100.00 -100.00
 245    12.622 57086.78707757 15.87  52.538246  66.040898  4.814 -100.00 -100.00 -100.00
 246    11.870 57096.70273424 18.71  52.513869  66.041828  8.011 -100.00 -100.00 -100.00
 246    13.990 57096.70273483 16.35  52.520299  66.042078  4.177 -100.00 -100.00 -100.00
 246    20.981 57096.70273542 16.19  52.526730  66.042327  3.748 -100.00 -100.00 -100.00
 246    15.825 57096.70273601 16.05  52.533160  66.042576  3.551 -100.00 -100.00 -100.00
 246    12.953 57096.70273660 16.39  52.539590  66.042825  4.188 -100.00 -100.00 -100.00
 247    25.802 57106.61839041 12.56  52.515118  66.043676  3.016 -100.00 -100.00 -100.00
 247    24.692 57106.61839100 12.80  52.521548  66.043926  3.312 -100.00 -100.00 -100.00
 247    23.203 57106.61839159 12.84  52.527979  66.044175  3.054 -100.00 -100.00 -100.00
 247    19.238 57106.61839218 12.89  52.534410  66.044424  3.520 -100.00 -100.00 -100.00
 248    13.823 57116.53404170 10.20  52.515555  66.044177  3.830 -100.00 -100.00 -100.00
 248    14.280 57116.53404229 11.65  52.521986  66.044427  5.553 -100.00 -100.00 -100.00
 248    14.995 57116.53404288 10.80  52.528417  66.044676  4.951 -100.00 -100.00 -100.00
 248    15.656 57116.53404347 11.27  52.534848  66.044925  5.307 -100.00 -100.00 -100.00
 249    12.722 57126.44968644 14.78  52.512970  66.042926  7.651 -100.00 -100.00 -100.00
 249     6.118 57126.44968703 19.83  52.519401  66.043176 18.963 -100.00 -100.00 -100.00
 249    10.497 57126.44968762 16.14  52.525832  66.043425 10.781 -100.00 -100.00 -100.00
 249     8.146 57126.44968821 17.06  52.532263  66.043675 11.117 -100.00 -100.00 -100.00
 249     8.867 57126.44968880 16.64  52.538694  66.043923 10.544 -100.00 -100.00 -100.00
 250    12.434 57136.36532613 13.23  52.514065  66.041364  3.982  234.29  219.63  202.65
 250    12.303 57136.36532672 13.69  52.520496  66.041614  4.533 -100.00 -100.00 -100.00
 250    11.800 57136.36532731 14.34  52.526926  66.041864  5.978 -100.00 -100.00 -100.00
 250    11.001 57136.36532790 14.53  52.533357  66.042113  6.043 -100.00 -100.00 -100.00
 250    10.281 57136.36532849 14.74  52.539788  66.042361  5.572 -100.00 -100.00 -100.00
