# NaN NaN NaN ;Mean Elev.(m), Avg Gradient(m/km), RMS Gradient(m/km) - SRTM1     
#  -12.985     NaN     NaN ;Mean Elev.(m), Avg Gradient(m/km), RMS Gradient(m/km) - ASTER GDEM
#   24.043  -1.995   4.593 ;Mean Elev.(m), Avg Gradient(m/km), RMS Gradient(m/km) - GMTED2010 
   1  52.536793  66.034111     9.560     8.684  5 54665.41933060 32.542
   2  52.535853  66.035179     8.141     8.134  4 54675.33497515 33.437
   3  52.535064  66.036839     6.775     7.018  4 54685.25061831 31.990
   4  52.524503  66.038310    78.869    78.821  3 54695.16625907 18.096
   5  52.534712  66.037173     8.588     8.600  4 54705.08189926 30.366
   6  52.535381  66.034632     9.599     9.397  4 54714.99755111 50.269
   7  52.540945  66.031985    11.196    11.264  6 54724.91320192 25.585
   8  52.543865  66.031163     8.689     8.690  5 54734.82885038 33.257
   9  52.539258  66.032736     8.671     8.687  4 54744.74449697 37.521
  10  52.534801  66.034385    10.668    10.673  4 54754.66014316 37.681
  11  52.537432  66.034062     8.676     8.616  5 54764.57578901 32.337
  12  52.538857  66.031967    76.814    77.379  5 54774.49143202  7.359
  13  52.545790  66.029901     9.377     9.389  6 54784.40707297 38.257
  14  52.545610  66.030176     8.677     8.599  5 54794.32271139 41.148
  17  52.534407  66.035318     9.824     9.784  4 54824.06962981 21.860
  18  52.536648  66.034180     9.863     9.783  5 54833.98527001 20.746
  19  52.537299  66.033837    10.209    10.183  5 54843.90092003 18.712
  20  52.534515  66.034915    10.281    10.333  4 54853.81656873 19.173
  21  52.530374  66.036822    10.648    10.777  4 54863.73221705 18.921
  22  52.531758  66.037454    11.187    10.961  4 54873.64786571 17.074
  23  52.534090  66.036271    10.620    10.538  4 54883.56351210 18.399
  24  52.537939  66.033507    10.635    10.814  5 54893.47915528 18.844
  25  52.540903  66.031158    10.922    10.655  5 54903.39479567 18.031
  26  52.541468  66.031005     9.835     9.798  5 54913.31043456 18.935
  27  52.542180  66.032514    16.696    16.660  5 54923.22607268 14.746
  28  52.538133  66.034203    17.369    17.544  4 54933.14170958 14.281
  29  52.537431  66.034142    13.667    13.475  4 54943.05734496 12.922
  30  52.541787  66.032338    13.032    12.679  5 54952.97297890 15.116
  31  52.544073  66.030400     7.868     7.785  5 54962.88862287 30.826
  32  52.545609  66.030435    13.565    13.586  5 54972.80427155 50.699
  34  52.533179  66.034766    15.531    15.541  4 54992.63556529 46.385
  35  52.535051  66.035326    14.927    14.930  4 55002.55121195 36.075
  37  52.536550  66.034235     8.961     9.047  5 55022.38249997 35.027
  39  52.532770  66.036240     8.046     8.046  4 55042.21378365 41.403
  40  52.534626  66.036919     7.271     7.269  4 55052.12942397 35.532
  41  52.534931  66.035891     6.936     6.931  4 55062.04506199 39.057
  42  52.537427  66.033436     7.179     6.991  5 55071.96070560 41.621
  43  52.545416  66.030971     7.263     7.306  5 55081.87635497 40.044
  44  52.545703  66.030651     7.851     7.781  5 55091.79200194 37.567
  45  52.538617  66.032186     8.705     8.709  5 55101.70764772 42.518
  46  52.537330  66.033695     9.036     8.903  4 55111.62329365 41.776
  47  52.536625  66.033650     9.909     9.849  4 55121.53893753 29.294
  48  52.541932  66.031895     8.653     8.645  5 55131.45457915 47.159
  49  52.544997  66.030138     7.445     7.364  6 55141.37021858 37.588
  50  52.546053  66.030289     8.471     8.512  6 55151.28585711 34.797
  51  52.540339  66.032399     9.175     9.128  5 55161.20149510 28.511
  52  52.535225  66.034657     9.980    10.083  4 55171.11713275 25.543
  53  52.533234  66.035697    10.419    10.524  4 55181.03276922 21.043
  54  52.536372  66.035094    10.270    10.250  4 55190.94841834 19.007
  55  52.533339  66.034997    10.649    10.645  4 55200.86406833 18.397
  56  52.535353  66.035283    11.131    11.096  4 55210.77971809 18.141
  57  52.534982  66.035954    10.895    10.879  4 55220.69536716 18.618
  58  52.535961  66.035515    10.609    10.760  4 55230.61101532 18.874
  59  52.536232  66.034287    10.688    10.665  5 55240.52666022 18.868
  60  52.540989  66.032328    10.017     9.881  5 55250.44230197 18.582
  61  52.543216  66.031105    10.554    10.485  5 55260.35794120 17.492
  62  52.542951  66.031303     9.527     9.528  6 55270.27357937 19.782
  63  52.541063  66.032332    10.736    10.498  5 55280.18921731 15.634
  64  52.538269  66.033159     9.167     9.959  4 55290.10485393 16.266
  65  52.539755  66.033055    10.757    10.782  5 55300.02048860 16.480
  66  52.539639  66.031952     9.879     8.999  5 55309.93613392 35.766
  67  52.544915  66.030876    11.874    11.920  5 55319.85178017 44.596
  68  52.542438  66.031248    14.229    14.221  5 55329.76742462 50.764
  70  52.536095  66.034359    13.372    13.350  5 55349.59871254 28.318
  71  52.532677  66.035246    62.025    56.740  4 55359.51435433 12.589
  72  52.531985  66.035357    11.769    11.835  4 55369.42999424 28.079
  73  52.531957  66.035466    10.264     9.778  4 55379.34563273 31.555
  74  52.532001  66.035928    10.828    10.806  4 55389.26127051 26.849
  75  52.535956  66.036035     8.012     8.041  4 55399.17690765 39.481
  76  52.531805  66.035394     7.632     7.618  4 55409.09255355 36.261
  77  52.538569  66.033326     7.582     7.471  5 55419.00820488 40.395
  78  52.541137  66.031605     7.479     7.374  5 55428.92385242 38.088
  79  52.543171  66.031219     8.706     8.591  5 55438.83949726 31.161
  80  52.542759  66.032020    10.239    10.047  5 55448.75514043 26.039
  81  52.539412  66.032830     8.807     8.758  4 55458.67078302 48.627
  82  52.537649  66.032864    58.574    55.325  5 55468.58642501 17.191
  83  52.536048  66.032130    51.645    52.454  3 55478.50206379 14.764
  84  52.543897  66.031183    10.207    10.248  5 55488.41770045 26.659
  85  52.529062  66.031848    84.228    84.228  2 55498.33333275  9.131
  86  52.541960  66.032470     9.235     9.244  5 55508.24897250 46.736
  87  52.536357  66.033741     9.549     9.531  4 55518.16462222 42.301
  88  52.535466  66.034585    10.448    10.438  5 55528.08027147 31.296
  89  52.537638  66.034706     9.956     9.965  4 55537.99591910 28.062
  90  52.533782  66.034964    10.209    10.234  4 55547.91156390 23.482
  91  52.534404  66.035375    10.234    10.288  4 55557.82720732 22.587
  92  52.536911  66.035956    10.067    10.083  4 55567.74285003 21.943
  93  52.535389  66.035862    10.098    10.284  4 55577.65849161 20.900
  94  52.536951  66.034323    10.086    10.193  4 55587.57413136 21.051
  95  52.540723  66.032141     9.968     9.873  6 55597.48976825 20.100
  96  52.543006  66.031022     9.826     9.732  5 55607.40540220 19.640
  97  52.541576  66.031577     9.859     9.920  5 55617.32103378 19.178
  98  52.538372  66.033222     9.995     9.948  5 55627.23667816 18.357
  99  52.537706  66.033765     9.950     9.926  5 55637.15232967 18.168
 100  52.539507  66.032962     9.973     9.949  4 55647.06797941 17.239
 101  52.541030  66.031334     9.057     9.324  5 55656.98362629 41.863
 102  52.544908  66.030469    13.257    13.361  5 55666.89926906 23.664
 103  52.544219  66.031296    10.839    10.792  5 55676.81490852 31.176
 104  52.540082  66.033282    13.342    13.283  5 55686.73054577 51.567
 105  52.537635  66.034861    14.062    14.020  4 55696.64618199 52.472
 106  52.536775  66.035294    12.256    12.289  4 55706.56181710 40.676
 107  52.535939  66.034769    13.173    13.204  4 55716.47746707 31.021
 109  52.534450  66.035353     9.836     9.318  5 55736.30876253 38.595
 110  52.532547  66.036308     9.140     8.232  4 55746.22440800 31.885
 111  52.531414  66.036106     9.199     8.369  4 55756.14005167 30.284
 112  52.538362  66.034008     8.126     7.908  4 55766.05569363 31.409
 113  52.544640  66.031392     8.844     8.417  5 55775.97133264 28.535
 114  52.544656  66.030199     8.040     8.029  6 55785.88696815 37.664
 115  52.542531  66.031469     8.519     8.540  6 55795.80260145 31.736
 116  52.537070  66.033624     8.529     8.397  5 55805.71824082 31.024
 117  52.536329  66.034518     7.201     7.340  4 55815.63388991 39.563
 119  52.541608  66.031344     7.913     7.892  5 55835.46517884 34.280
 120  52.546178  66.030272     8.205     8.095  5 55845.38081772 33.874
 121  52.544019  66.031719     9.628     9.617  5 55855.29645319 27.369
 122  52.536538  66.034281     9.641     9.505  5 55865.21209294 38.798
 123  52.536951  66.035765     7.611     7.612  4 55875.12774597 36.244
 133  52.543375  66.031016     9.812     9.783  6 55974.28418070 18.692
 134  52.537292  66.033665    10.062     9.985  4 55984.19981632 18.925
 135  52.533833  66.035102    10.150    10.139  4 55994.11544993 19.610
 136  52.536504  66.033799     9.914    10.064  5 56004.03110120 18.624
 137  52.543167  66.031184     9.709     9.708  6 56013.94675066 18.998
 139  52.538999  66.031840     9.255     8.790  5 56033.77803910 22.156
 141  52.533064  66.036559    12.916    12.926  4 56053.60931805 35.705
 143  52.533929  66.035278    13.965    14.008  4 56073.44059539 36.911
 144  52.533942  66.034494    12.322    12.303  4 56083.35624537 49.876
 145  52.536830  66.034658    12.748    12.762  4 56093.27189318 24.523
 146  52.535342  66.035557     9.952     9.989  4 56103.18753839 50.742
 147  52.534155  66.035333     9.218     9.229  4 56113.10316919 39.294
 148  52.537573  66.033831     8.434     8.413  4 56123.01880830 41.973
 149  52.538023  66.031798    51.722    51.535  3 56132.93444324  9.504
 150  52.545073  66.030572     9.124     9.158  5 56142.85008162 30.157
 151  52.542370  66.031368     9.563     9.197  6 56152.76573202 29.769
 152  52.537591  66.033304     8.088     7.903  5 56162.68138068 39.109
 153  52.538168  66.034355     8.265     8.280  4 56172.59702786 43.725
 154  52.538288  66.033759     9.397     8.587  5 56182.51267019 29.854
 155  52.536719  66.032253    61.313    61.296  3 56192.42830864 13.349
 156  52.544162  66.031106     9.301     9.391  5 56202.34394520 42.293
 157  52.542254  66.032425     9.059     9.030  5 56212.25957901 33.050
 158  52.536660  66.035133     8.269     8.299  4 56222.17521054 37.676
 159  52.533777  66.036905     8.410     8.450  4 56232.09086504 43.002
 160  52.535946  66.036739     7.234     7.298  4 56242.00651776 38.274
 161  52.535287  66.035633     8.590     8.554  4 56251.92216595 37.168
 162  52.537911  66.034536     8.685     8.711  4 56261.83780977 26.590
 163  52.537629  66.034518     8.666     8.695  4 56271.75345118 25.276
 164  52.535705  66.034951     8.496     8.612  4 56281.66909218 25.112
 165  52.535671  66.034750     8.655     8.750  4 56291.58474432 24.293
 166  52.539424  66.033258     9.900    10.058  4 56301.50039235 22.956
 167  52.543175  66.031444     9.515     9.423  5 56311.41603620 21.774
 168  52.544630  66.030760    10.386    10.375  6 56321.33167762 22.136
 169  52.542056  66.031814    10.054    10.084  5 56331.24731805 22.114
 170  52.536457  66.033480     9.301     9.131  5 56341.16295769 22.421
 171  52.535197  66.034337     9.820     9.928  4 56351.07859547 19.246
 172  52.536966  66.033641     9.690     9.716  5 56360.99423449 18.647
 173  52.542430  66.032216    10.114    10.053  5 56370.90988467 17.744
 174  52.543734  66.031949    10.411    10.608  5 56380.82553179 17.476
 175  52.539252  66.033492    10.646    10.759  5 56390.74117615 16.880
 176  52.534492  66.035410     8.122     8.539  4 56400.65681880 37.732
 177  52.533626  66.036486     8.354     8.409  4 56410.57245914 37.378
 178  52.531775  66.036490    13.049    13.124  4 56420.48809458 37.134
 179  52.534845  66.035768    12.796    12.764  4 56430.40373206 29.382
 180  52.533368  66.035266    11.660    11.599  4 56440.31938505 50.341
 181  52.537000  66.034869    11.912    11.873  4 56450.23503605 27.193
 182  52.533554  66.034679    56.219    55.809  4 56460.15068416 17.351
 183  52.539355  66.033463    10.817    10.672  4 56470.06632981 25.908
 184  52.541495  66.032443     8.547     8.635  5 56479.98197135 45.364
 185  52.539901  66.031922     8.484     8.427  5 56489.89760856 36.780
 187  52.539691  66.033020     7.423     7.265  4 56509.72887685 38.091
 188  52.537636  66.033753     7.713     7.651  5 56519.64451857 35.642
 189  52.538644  66.033672    10.697    10.381  5 56529.56017231 24.984
 190  52.536771  66.033359     7.650     7.623  5 56539.47582175 36.273
 191  52.539586  66.032855     7.505     7.611  4 56549.39146738 40.678
 192  52.538694  66.033384     9.990     9.679  4 56559.30711027 27.401
 194  52.535477  66.036107     7.392     7.324  4 56579.13839271 36.228
 195  52.533112  66.036693     7.865     7.909  5 56589.05402940 34.748
 196  52.536670  66.036025     8.435     8.471  4 56598.96967401 35.946
 197  52.532993  66.035279    11.724    11.727  4 56608.88532461 41.180
 198  52.534576  66.035183    13.314    13.313  4 56618.80097077 39.638
 199  52.532904  66.035447    11.599    11.580  4 56628.71661337 28.005
 200  52.533710  66.035054    10.681    10.581  4 56638.63225320 22.216
 201  52.537496  66.033504    10.625    10.590  4 56648.54789753 19.593
 202  52.539349  66.031817    10.383    10.422  5 56658.46354925 16.566
 203  52.542893  66.031196    10.777    10.900  6 56668.37919700 15.958
 205  52.536425  66.034019    10.655    10.546  5 56688.21048489 16.161
 206  52.536308  66.034352    10.819    10.778  4 56698.12612613 16.807
 207  52.537598  66.033541    11.098    11.106  5 56708.04176290 16.940
 208  52.537193  66.032728    10.310    10.203  5 56717.95740024 18.222
 209  52.539699  66.032770     9.742     9.783  4 56727.87305318 35.091
 211  52.535746  66.036206    14.405    14.434  4 56747.70434658 12.149
 212  52.532159  66.036991    13.942    13.942  4 56757.61998685 12.683
 213  52.533836  66.036394     8.421     8.408  4 56767.53562170 40.715
 214  52.536129  66.035143    10.715    10.736  4 56777.45126656 42.181
 215  52.537171  66.034616    11.841    11.850  4 56787.36692283 34.997
 216  52.534757  66.035019    17.379    17.380  4 56797.28257521 44.070
 217  52.536940  66.035372    16.123    16.050  4 56807.19822280 33.450
 219  52.540531  66.032992    13.194    13.190  5 56827.02950218 29.624
 220  52.541207  66.031418    13.474    13.540  5 56836.94513669 38.524
 222  52.541334  66.032863    10.401    10.332  5 56856.77641840 33.818
 223  52.538018  66.034532     8.580     8.572  4 56866.69207145 36.958
 224  52.536051  66.034710     8.450     8.291  4 56876.60772330 37.876
 225  52.537157  66.033722    10.248    10.234  4 56886.52337235 27.059
 226  52.542358  66.032308     9.613     9.660  5 56896.43901901 30.963
 227  52.540311  66.032694    10.768    10.458  5 56906.35466207 27.492
 228  52.537103  66.034646    11.077    11.126  4 56916.27030282 24.639
 229  52.530720  66.037005     9.636     9.118  4 56926.18594139 32.747
 231  52.532792  66.036826     8.329     8.320  4 56946.01720798 44.992
 232  52.534702  66.034784     7.871     7.905  4 56955.93286067 36.673
 233  52.538855  66.033641     8.422     8.404  4 56965.84851019 45.522
 234  52.537221  66.034474     9.734     9.612  4 56975.76415478 29.320
 235  52.536202  66.035730     9.846     9.841  4 56985.67979491 27.991
 236  52.537345  66.035528     9.856     9.819  4 56995.59542979 26.530
 237  52.538545  66.033506    10.029     9.975  5 57005.51107220 25.870
 238  52.543130  66.031051     9.486     9.473  6 57015.42672766 26.702
 239  52.543203  66.030728    10.128    10.555  5 57025.34237839 25.120
 240  52.537862  66.032930     9.813     9.821  5 57035.25802641 23.972
 241  52.535774  66.035041    10.081    10.183  4 57045.17367219 22.545
 242  52.532846  66.035598    10.796    10.822  4 57055.08931485 20.992
 243  52.535299  66.034116     9.972    10.161  4 57065.00495310 21.263
 244  52.541112  66.032888     9.856     9.389  5 57074.92058693 21.138
 245  52.537092  66.033646    11.729    12.735  5 57084.83621656 18.305
 246  52.535074  66.035755    13.227    13.164  4 57094.75187020 17.776
 247  52.531961  66.037665    15.834    16.041  4 57104.66752642 14.746
 248  52.531777  66.037975    14.539    15.138  5 57114.58317866 16.452
 249  52.533934  66.036348    10.862    10.797  4 57124.49882495 16.860
 250  52.536897  66.034402     9.464    10.007  4 57134.41446603 16.202
