# NaN NaN NaN ;Mean Elev.(m), Avg Gradient(m/km), RMS Gradient(m/km) - SRTM1     
#    7.742   0.498   9.221 ;Mean Elev.(m), Avg Gradient(m/km), RMS Gradient(m/km) - ASTER GDEM
#   39.000   1.016   8.309 ;Mean Elev.(m), Avg Gradient(m/km), RMS Gradient(m/km) - GMTED2010 
   2    22.708 54672.36856532 29.11  54.828090  65.736239 23.376 -100.00 -100.00 -100.00
   2    23.764 54672.36856591 25.89  54.834364  65.735755 12.964 -100.00 -100.00 -100.00
   2    23.642 54672.36856650 26.51  54.840638  65.735271 15.018 -100.00 -100.00 -100.00
   3     6.770 54682.28420909 14.36  54.829747  65.737108  5.723  272.21  270.31  270.36
   3     7.528 54682.28420968 16.48  54.836021  65.736624  8.426  272.21  270.31  270.36
   3     8.019 54682.28421027 16.85  54.842295  65.736140  8.251  272.21  270.31  270.36
   4    22.629 54692.19985193 25.04  54.834455  65.737515 16.642 -100.00 -100.00 -100.00
   4    22.209 54692.19985252 29.81  54.840729  65.737031   -100 -100.00 -100.00 -100.00
   4    25.256 54692.19985311 24.80  54.847003  65.736547 12.387 -100.00 -100.00 -100.00
   5     7.497 54702.11549155 13.46  54.830013  65.737700  3.914  270.52  270.18  268.79
   5     8.041 54702.11549214 14.03  54.836288  65.737216  3.873  270.52  270.18  268.79
   5     8.540 54702.11549273 15.32  54.842562  65.736732  5.442  270.52  270.18  268.79
   6    90.873 54712.03114004  2.72  54.833824  65.735752  4.096  261.30  259.86  260.35
   6   103.644 54712.03114063  1.36  54.840097  65.735269  2.951  261.30  259.86  260.35
   7    12.368 54721.94679110 26.94  54.833205  65.734007 18.174  262.23  261.00  261.20
   7    12.101 54721.94679169 20.65  54.839478  65.733524 13.578  262.23  261.00  261.20
   8    24.122 54731.86243951 24.24  54.832024  65.732889 15.510 -100.00 -100.00 -100.00
   8    22.127 54731.86244010 28.33  54.838296  65.732405 31.398 -100.00 -100.00 -100.00
   9    21.723 54741.77808590 40.82  54.827405  65.733457 19.441  259.13  258.05  258.60
   9    21.740 54741.77808649 41.89  54.833678  65.732974 17.861  259.13  258.05  258.60
   9    21.201 54741.77808708 49.10  54.839951  65.732489   -100  259.13  258.05  258.60
  10    22.756 54751.69373272 29.85  54.828736  65.733856 24.832  256.63  255.23  256.64
  10    22.920 54751.69373331 28.52  54.835009  65.733372 19.214  256.63  255.23  256.64
  10    25.188 54751.69373390 26.65  54.841282  65.732888 13.668  256.63  255.23  256.64
  11    24.142 54761.60937944 27.06  54.831156  65.733695 19.940 -100.00 -100.00 -100.00
  11    25.035 54761.60938003 26.11  54.837430  65.733211 16.226 -100.00 -100.00 -100.00
  12    21.857 54771.52502340 30.23  54.829638  65.732909   -100  257.04  256.93  257.97
  12    24.959 54771.52502399 24.38  54.835911  65.732425 12.698  257.04  256.93  257.97
  13    22.013 54781.44066439 40.93  54.829227  65.732146   -100 -100.00 -100.00 -100.00
  13    21.698 54781.44066498 43.91  54.835501  65.731662  0.882 -100.00 -100.00 -100.00
  14    20.466 54791.35630306 39.79  54.831530  65.731819 32.680  252.27  248.30  238.98
  14    20.451 54791.35630365 41.94  54.837803  65.731335   -100  252.27  248.30  238.98
  17    24.259 54821.10321821 13.99  54.830369  65.735252  4.993  251.76  248.31  238.45
  17    24.771 54821.10321880 15.78  54.836643  65.734768  7.199  251.76  248.31  238.45
  17    25.239 54821.10321939 15.32  54.842916  65.734285  6.431  251.76  248.31  238.45
  18    24.307 54831.01887049 11.87  54.830947  65.734975  3.279  247.95  242.94  233.31
  18    24.896 54831.01887108 12.27  54.837221  65.734491  3.266  247.95  242.94  233.31
  18    25.320 54831.01887167 12.38  54.843494  65.734007  3.056  247.95  242.94  233.31
  19    24.017 54840.93450893 12.74  54.827840  65.735183  4.276 -100.00 -100.00 -100.00
  19    24.510 54840.93450952 12.96  54.834113  65.734699  4.101 -100.00 -100.00 -100.00
  19    25.012 54840.93451011 12.59  54.840387  65.734215  3.125 -100.00 -100.00 -100.00
  20    24.576 54850.85015843 12.83  54.833786  65.735429  2.824 -100.00 -100.00 -100.00
  20    25.225 54850.85015902 13.46  54.840059  65.734945  3.322 -100.00 -100.00 -100.00
  21    23.982 54860.76580678 12.48  54.832309  65.736775  3.807 -100.00 -100.00 -100.00
  21    24.573 54860.76580737 12.25  54.838582  65.736290  3.091 -100.00 -100.00 -100.00
  21    25.281 54860.76580797 12.53  54.844856  65.735806  3.975 -100.00 -100.00 -100.00
  22    24.431 54870.68145554 13.59  54.834045  65.737291  4.402 -100.00 -100.00 -100.00
  22    24.918 54870.68145613 13.61  54.840319  65.736806  3.914 -100.00 -100.00 -100.00
  22    25.342 54870.68145672 13.55  54.846592  65.736322  3.412 -100.00 -100.00 -100.00
  23    24.708 54880.59710261 15.35  54.831880  65.736394  3.458 -100.00 -100.00 -100.00
  23    25.157 54880.59710320 15.31  54.838154  65.735909  3.689 -100.00 -100.00 -100.00
  23    25.450 54880.59710379 15.40  54.844428  65.735425  3.434 -100.00 -100.00 -100.00
  24    23.869 54890.51274627 15.93  54.827214  65.734456  4.597 -100.00 -100.00 -100.00
  24    24.553 54890.51274686 16.12  54.833488  65.733972  4.256 -100.00 -100.00 -100.00
  24    24.974 54890.51274745 16.33  54.839761  65.733488  4.187 -100.00 -100.00 -100.00
  25    24.038 54900.42838778 17.80  54.831700  65.732034  6.707 -100.00 -100.00 -100.00
  25    24.962 54900.42838837 17.50  54.837973  65.731550  6.076 -100.00 -100.00 -100.00
  26    21.090 54910.34402656 19.58  54.829237  65.732209 11.047 -100.00 -100.00 -100.00
  26    24.109 54910.34402715 17.61  54.835510  65.731725  7.738 -100.00 -100.00 -100.00
  27    24.018 54920.25966419 16.66  54.827929  65.733767  7.993 -100.00 -100.00 -100.00
  27    24.413 54920.25966478 18.54  54.834202  65.733283 10.891 -100.00 -100.00 -100.00
  27    25.203 54920.25966537 16.83  54.840475  65.732799  7.595 -100.00 -100.00 -100.00
  28    24.522 54930.17530154 12.60  54.828118  65.734913  2.971 -100.00 -100.00 -100.00
  28    24.940 54930.17530213 12.90  54.834391  65.734429  3.366 -100.00 -100.00 -100.00
  28    25.442 54930.17530272 12.75  54.840664  65.733945  3.142 -100.00 -100.00 -100.00
  29    24.738 54940.09093817 10.58  54.831926  65.734116  3.940 -100.00 -100.00 -100.00
  29    25.159 54940.09093876 11.29  54.838200  65.733632  5.224 -100.00 -100.00 -100.00
  30    24.679 54950.00657270 14.40  54.830326  65.732808  7.917 -100.00 -100.00 -100.00
  30    24.821 54950.00657329 14.54  54.836599  65.732325  8.050 -100.00 -100.00 -100.00
  31    19.763 54959.92221178 24.95  54.830135  65.731754   -100 -100.00 -100.00 -100.00
  31    20.915 54959.92221237 22.03  54.836408  65.731270 22.896 -100.00 -100.00 -100.00
  32    21.125 54969.83786021 33.31  54.828480  65.732398   -100 -100.00 -100.00 -100.00
  32    21.222 54969.83786080 32.28  54.834752  65.731915   -100 -100.00 -100.00 -100.00
  32    21.384 54969.83786139 33.15  54.841025  65.731431   -100 -100.00 -100.00 -100.00
  33    26.583 54979.75350746 37.53  54.827499  65.734006 27.407  248.25  252.74  253.75
  33    26.593 54979.75350805 36.21  54.833772  65.733523 21.071  248.25  252.74  253.75
  33    26.385 54979.75350864 35.05  54.840045  65.733039 20.393  248.25  252.74  253.75
  34    74.912 54989.66915483 22.29  54.829781  65.735060 21.991 -100.00 -100.00 -100.00
  34    74.839 54989.66915542 29.29  54.836054  65.734576   -100 -100.00 -100.00 -100.00
  34    75.062 54989.66915601 23.20  54.842327  65.734092 22.892 -100.00 -100.00 -100.00
  35    28.447 54999.58480216 48.02  54.831346  65.734946   -100 -100.00 -100.00 -100.00
  35    28.525 54999.58480276 49.14  54.837620  65.734462   -100 -100.00 -100.00 -100.00
  35    28.682 54999.58480335 48.15  54.843893  65.733978   -100 -100.00 -100.00 -100.00
  36    24.949 55009.50044747 28.54  54.830166  65.734791 19.143 -100.00 -100.00 -100.00
  36    25.212 55009.50044806 29.40  54.836439  65.734308 21.545 -100.00 -100.00 -100.00
  36    25.215 55009.50044865 32.97  54.842713  65.733824 31.026 -100.00 -100.00 -100.00
  37    24.715 55019.41609147 27.73  54.833249  65.734527 15.048  272.27  270.84  271.30
  37    23.070 55019.41609206 32.24  54.839522  65.734043 28.622  272.27  270.84  271.30
  38    22.001 55029.33173343 48.07  54.828590  65.735931   -100 -100.00 -100.00 -100.00
  38    21.904 55029.33173402 45.06  54.834863  65.735447   -100 -100.00 -100.00 -100.00
  38    22.048 55029.33173461 49.43  54.841137  65.734963   -100 -100.00 -100.00 -100.00
  39    24.433 55039.24737579 22.87  54.834432  65.736799 14.489 -100.00 -100.00 -100.00
  39    24.747 55039.24737638 24.97  54.840706  65.736315 18.853 -100.00 -100.00 -100.00
  39    25.545 55039.24737697 22.70  54.846980  65.735831 11.057 -100.00 -100.00 -100.00
  40    19.463 55049.16301632 31.42  54.834211  65.737564 28.603 -100.00 -100.00 -100.00
  40    22.548 55049.16301691 27.01  54.840485  65.737080 15.050 -100.00 -100.00 -100.00
  40    24.923 55049.16301751 26.90  54.846759  65.736596 15.287 -100.00 -100.00 -100.00
  41    21.264 55059.07865455 28.65  54.830733  65.736724 17.897 -100.00 -100.00 -100.00
  41    22.044 55059.07865514 27.36  54.837007  65.736240 14.805 -100.00 -100.00 -100.00
  41    22.638 55059.07865573 27.76  54.843280  65.735756 14.186 -100.00 -100.00 -100.00
  42    19.490 55068.99429379 35.73  54.827416  65.734526 30.515 -100.00 -100.00 -100.00
  42    18.649 55068.99429438 34.64  54.833689  65.734042 26.704 -100.00 -100.00 -100.00
  42    18.283 55068.99429497 35.40  54.839962  65.733559   -100 -100.00 -100.00 -100.00
  43    20.323 55078.90994351 39.97  54.825904  65.732306 18.942 -100.00 -100.00 -100.00
  43    20.472 55078.90994410 40.95  54.832176  65.731823 16.803 -100.00 -100.00 -100.00
  43    19.931 55078.90994469 47.01  54.838449  65.731339 31.238 -100.00 -100.00 -100.00
  44    19.709 55088.82559114 39.84  54.825934  65.732016   -100 -100.00 -100.00 -100.00
  44    19.176 55088.82559173 39.04  54.832206  65.731533 19.821 -100.00 -100.00 -100.00
  44    22.697 55088.82559232 28.24  54.838478  65.731049 26.053 -100.00 -100.00 -100.00
  45    20.830 55098.74123776 38.08  54.830893  65.733089 20.515  264.65  264.36  264.48
  45    20.642 55098.74123835 40.10  54.837166  65.732605 23.536  264.65  264.36  264.48
  46    20.883 55108.65688363 25.35  54.833460  65.734406 21.787 -100.00 -100.00 -100.00
  46    24.928 55108.65688422 23.28  54.839733  65.733922 14.696 -100.00 -100.00 -100.00
  47    22.374 55118.57252798 35.79  54.830620  65.734286 23.404  258.67  256.95  257.76
  47    22.235 55118.57252857 35.40  54.836893  65.733802 20.575  258.67  256.95  257.76
  47    22.145 55118.57252916 37.32  54.843167  65.733318 31.809  258.67  256.95  257.76
  48    24.292 55128.48817014 27.92  54.829180  65.732392 19.229 -100.00 -100.00 -100.00
  48    25.248 55128.48817073 25.35  54.835453  65.731908 11.322 -100.00 -100.00 -100.00
  49    19.609 55138.40380999 38.16  54.825516  65.730942   -100  254.83  256.66  258.71
  49    19.625 55138.40381058 40.16  54.831789  65.730459   -100  254.83  256.66  258.71
  49    19.718 55138.40381117 40.85  54.838062  65.729975   -100  254.83  256.66  258.71
  50    23.711 55148.31944904 30.71  54.830196  65.731035 21.165  255.78  253.65  248.20
  50    20.644 55148.31944963 30.54  54.836470  65.730552 19.034  255.78  253.65  248.20
  51    20.772 55158.23508716 29.31  54.831182  65.733385 18.012 -100.00 -100.00 -100.00
  51    24.559 55158.23508775 27.29  54.837455  65.732902 14.439 -100.00 -100.00 -100.00
  52    23.718 55168.15072482 23.11  54.829432  65.735726 11.809 -100.00 -100.00 -100.00
  52    24.346 55168.15072541 22.00  54.835706  65.735242  8.301 -100.00 -100.00 -100.00
  52    24.808 55168.15072600 21.00  54.841980  65.734758  8.316 -100.00 -100.00 -100.00
  53    24.304 55178.06636238 19.11  54.833456  65.736116  5.616  249.78  245.20  237.78
  53    24.699 55178.06636297 19.54  54.839730  65.735632  7.944  249.78  245.20  237.78
  53    25.176 55178.06636356 20.36  54.846004  65.735148  8.123  249.78  245.20  237.78
  54    24.026 55187.98200679 18.57  54.829678  65.735425  8.355 -100.00 -100.00 -100.00
  54    24.461 55187.98200738 17.29  54.835952  65.734942  5.666 -100.00 -100.00 -100.00
  54    24.890 55187.98200797 19.15  54.842226  65.734458  8.072 -100.00 -100.00 -100.00
  55    24.346 55197.89765793 18.28  54.833099  65.734523  8.127  249.20  243.38  229.93
  55    24.922 55197.89765852 17.40  54.839372  65.734039  6.508  249.20  243.38  229.93
  56    24.030 55207.81330719 17.18  54.828054  65.735624  6.355 -100.00 -100.00 -100.00
  56    24.360 55207.81330778 17.13  54.834328  65.735140  5.825 -100.00 -100.00 -100.00
  56    24.739 55207.81330837 17.49  54.840601  65.734656  7.055 -100.00 -100.00 -100.00
  57    23.483 55217.72895640 18.19  54.828736  65.737024  6.804 -100.00 -100.00 -100.00
  57    24.155 55217.72895699 17.99  54.835010  65.736540  6.613 -100.00 -100.00 -100.00
  57    24.513 55217.72895758 19.23  54.841284  65.736056  8.014 -100.00 -100.00 -100.00
  58    23.751 55227.64460510 16.92  54.831093  65.737137  5.296 -100.00 -100.00 -100.00
  58    24.336 55227.64460569 17.61  54.837367  65.736653  6.490 -100.00 -100.00 -100.00
  58    24.621 55227.64460629 19.80  54.843641  65.736169  9.277 -100.00 -100.00 -100.00
  59    23.792 55237.56025070 17.67  54.830022  65.735686  6.236 -100.00 -100.00 -100.00
  59    24.165 55237.56025129 17.50  54.836296  65.735202  5.583 -100.00 -100.00 -100.00
  59    24.825 55237.56025188 18.01  54.842570  65.734717  7.300 -100.00 -100.00 -100.00
  60    23.996 55247.47589269 17.33  54.827111  65.733206  5.367 -100.00 -100.00 -100.00
  60    24.572 55247.47589328 17.60  54.833384  65.732722  5.760 -100.00 -100.00 -100.00
  60    24.985 55247.47589387 18.05  54.839658  65.732238  6.658 -100.00 -100.00 -100.00
  61    23.874 55257.39153231 16.80  54.825753  65.731352  5.451 -100.00 -100.00 -100.00
  61    24.651 55257.39153290 16.66  54.832026  65.730868  5.556 -100.00 -100.00 -100.00
  61    24.834 55257.39153349 17.55  54.838299  65.730384  6.812 -100.00 -100.00 -100.00
  62    23.810 55267.30717118 18.88  54.826573  65.731585  7.437 -100.00 -100.00 -100.00
  62    24.296 55267.30717177 19.25  54.832846  65.731101  8.515 -100.00 -100.00 -100.00
  62    24.697 55267.30717236 19.05  54.839118  65.730617  8.191 -100.00 -100.00 -100.00
  63    24.193 55277.22280961 15.63  54.828834  65.733431  5.174 -100.00 -100.00 -100.00
  63    24.674 55277.22281020 15.82  54.835107  65.732947  4.367 -100.00 -100.00 -100.00
  63    25.234 55277.22281079 16.78  54.841380  65.732463  6.178 -100.00 -100.00 -100.00
  64    24.611 55287.13844658 11.93  54.827534  65.735042  2.998 -100.00 -100.00 -100.00
  64    25.093 55287.13844717 12.45  54.833808  65.734559  3.324 -100.00 -100.00 -100.00
  64    25.473 55287.13844776 12.68  54.840081  65.734075  3.392 -100.00 -100.00 -100.00
  65    21.862 55297.05408143 15.39  54.827339  65.734881 12.374  258.00  251.43  239.47
  65    24.668 55297.05408202 12.06  54.833613  65.734397  6.599  258.00  251.43  239.47
  65    25.015 55297.05408261 12.45  54.839886  65.733914  6.810  258.00  251.43  239.47
  66    24.404 55306.96972312 18.67  54.831697  65.732550  9.486 -100.00 -100.00 -100.00
  66    25.104 55306.96972371 20.23  54.837969  65.732066 12.793 -100.00 -100.00 -100.00
  67    22.087 55316.88536942 32.04  54.827210  65.731238 24.270 -100.00 -100.00 -100.00
  67    23.386 55316.88537001 29.73  54.833482  65.730755 18.016 -100.00 -100.00 -100.00
  67    24.256 55316.88537060 30.09  54.839754  65.730271 16.904 -100.00 -100.00 -100.00
  68    26.059 55326.80101510 50.50  54.830245  65.731400   -100 -100.00 -100.00 -100.00
  68    26.014 55326.80101569 51.60  54.836517  65.730916   -100 -100.00 -100.00 -100.00
  69    28.483 55336.71665946 53.58  54.830614  65.733496   -100 -100.00 -100.00 -100.00
  69    28.236 55336.71666005 54.60  54.836887  65.733012 26.630 -100.00 -100.00 -100.00
  70    22.670 55346.63230339 46.32  54.831363  65.735463   -100  267.75  266.63  267.26
  70    22.381 55346.63230398 44.60  54.837636  65.734979  1.109  267.75  266.63  267.26
  70    22.895 55346.63230457 35.60  54.843909  65.734495 21.445  267.75  266.63  267.26
  71    24.090 55356.54794580 36.58  54.830165  65.736134   -100 -100.00 -100.00 -100.00
  71    24.317 55356.54794639 31.87  54.836439  65.735650 21.252 -100.00 -100.00 -100.00
  71    24.270 55356.54794698 31.38  54.842713  65.735166 21.742 -100.00 -100.00 -100.00
  72    22.753 55366.46358663 34.26  54.833051  65.735482 26.916 -100.00 -100.00 -100.00
  72    23.054 55366.46358722 31.71  54.839324  65.734998 17.080 -100.00 -100.00 -100.00
  73    24.389 55376.37922531 27.61  54.828623  65.735360 20.773 -100.00 -100.00 -100.00
  73    24.728 55376.37922590 24.56  54.834896  65.734876 15.631 -100.00 -100.00 -100.00
  73    23.070 55376.37922649 35.00  54.841170  65.734392   -100 -100.00 -100.00 -100.00
  74    21.676 55386.29486378 32.59  54.832070  65.735600   -100 -100.00 -100.00 -100.00
  74    22.675 55386.29486437 31.69  54.838344  65.735117 31.703 -100.00 -100.00 -100.00
  74    23.425 55386.29486496 27.94  54.844617  65.734633 17.093 -100.00 -100.00 -100.00
  75    21.999 55396.21050075 25.01  54.829184  65.736785 16.362 -100.00 -100.00 -100.00
  75    22.539 55396.21050134 26.65  54.835458  65.736302 21.988 -100.00 -100.00 -100.00
  75    22.904 55396.21050193 26.90  54.841732  65.735818 23.268 -100.00 -100.00 -100.00
  76    19.917 55406.12614248 43.03  54.833193  65.736902   -100 -100.00 -100.00 -100.00
  76    20.407 55406.12614307 42.24  54.839467  65.736418 23.588 -100.00 -100.00 -100.00
  76    19.887 55406.12614366 48.37  54.845740  65.735934   -100 -100.00 -100.00 -100.00
  77    19.274 55416.04179381 36.70  54.832735  65.735576   -100  268.92  268.13  267.76
  77    19.275 55416.04179440 31.51  54.839008  65.735092 27.365  268.92  268.13  267.76
  77    22.257 55416.04179499 27.88  54.845281  65.734608 16.056  268.92  268.13  267.76
  78    19.294 55425.95744157 33.19  54.828982  65.733359   -100  263.74  262.64  262.90
  78    20.774 55425.95744216 27.67  54.835254  65.732875 22.568  263.74  262.64  262.90
  78    22.714 55425.95744275 27.61  54.841527  65.732391 22.312  263.74  262.64  262.90
  79    20.137 55435.87308707 37.04  54.830075  65.731397   -100 -100.00 -100.00 -100.00
  79    20.331 55435.87308766 41.07  54.836347  65.730914   -100 -100.00 -100.00 -100.00
  80    20.776 55445.78873060 27.91  54.825558  65.731736 22.744  259.84  258.68  258.72
  80    22.877 55445.78873119 26.91  54.831831  65.731252 18.697  259.84  258.68  258.72
  80    25.214 55445.78873178 24.67  54.838103  65.730768 12.536  259.84  258.68  258.72
  81    21.347 55455.70437409 39.55  54.829133  65.732929   -100 -100.00 -100.00 -100.00
  81    21.622 55455.70437468 41.32  54.835406  65.732446 21.633 -100.00 -100.00 -100.00
  81    21.244 55455.70437527 44.24  54.841679  65.731961   -100 -100.00 -100.00 -100.00
  82    24.308 55465.62001691 25.42  54.833224  65.734160 11.122 -100.00 -100.00 -100.00
  82    25.039 55465.62001750 22.64  54.839497  65.733676  6.038 -100.00 -100.00 -100.00
  83    21.384 55475.53565602 32.29  54.828735  65.734457   -100 -100.00 -100.00 -100.00
  83    23.561 55475.53565661 25.73  54.835008  65.733973 12.382 -100.00 -100.00 -100.00
  83    25.472 55475.53565720 22.41  54.841282  65.733489  7.212 -100.00 -100.00 -100.00
  84    24.086 55485.45129231 24.72  54.826733  65.733100 14.537  254.89  254.18  256.22
  84    24.824 55485.45129290 24.00  54.833007  65.732617 11.835  254.89  254.18  256.22
  84    25.247 55485.45129349 24.30  54.839280  65.732133 10.990  254.89  254.18  256.22
  85    21.288 55495.36692700 44.27  54.830015  65.731402   -100  255.90  254.86  256.31
  85    21.254 55495.36692759 49.72  54.836289  65.730918   -100  255.90  254.86  256.31
  86    21.156 55505.28256064 43.38  54.827295  65.732265 30.529 -100.00 -100.00 -100.00
  86    21.054 55505.28256123 46.53  54.833569  65.731782   -100 -100.00 -100.00 -100.00
  86    21.028 55505.28256182 51.74  54.839842  65.731298   -100 -100.00 -100.00 -100.00
  87    21.348 55515.19821154 41.45  54.831705  65.733760 30.817 -100.00 -100.00 -100.00
  87    21.164 55515.19821213 43.48  54.837979  65.733276   -100 -100.00 -100.00 -100.00
  88    22.018 55525.11386116 39.21  54.832163  65.735663   -100 -100.00 -100.00 -100.00
  88    22.056 55525.11386175 40.31  54.838437  65.735180 32.686 -100.00 -100.00 -100.00
  88    21.872 55525.11386234 43.23  54.844711  65.734696   -100 -100.00 -100.00 -100.00
  89    23.710 55535.02950883 24.12  54.831911  65.736278  8.226 -100.00 -100.00 -100.00
  89    24.387 55535.02950942 24.49  54.838185  65.735794  7.796 -100.00 -100.00 -100.00
  89    22.033 55535.02951001 24.33  54.844459  65.735310  8.503 -100.00 -100.00 -100.00
  90    23.916 55544.94515427 20.41  54.828885  65.735914  5.006 -100.00 -100.00 -100.00
  90    24.345 55544.94515486 20.56  54.835159  65.735430  5.181 -100.00 -100.00 -100.00
  90    25.009 55544.94515545 20.89  54.841432  65.734946  5.444 -100.00 -100.00 -100.00
  91    23.945 55554.86079823 19.35  54.830341  65.735306  4.467 -100.00 -100.00 -100.00
  91    24.675 55554.86079882 19.12  54.836615  65.734822  4.361 -100.00 -100.00 -100.00
  91    25.316 55554.86079941 19.49  54.842888  65.734338  4.963 -100.00 -100.00 -100.00
  92    24.230 55564.77644116 17.96  54.831508  65.735526  3.883  255.61  252.01  245.01
  92    24.731 55564.77644175 17.93  54.837782  65.735042  3.979  255.61  252.01  245.01
  92    25.290 55564.77644234 17.89  54.844055  65.734558  3.904  255.61  252.01  245.01
  93    24.420 55574.69208361 17.90  54.834200  65.735816  4.798  255.04  251.44  244.05
  93    24.999 55574.69208420 17.86  54.840474  65.735332  4.363  255.04  251.44  244.05
  94    23.992 55584.60772374 16.95  54.828434  65.735826  4.869 -100.00 -100.00 -100.00
  94    24.474 55584.60772433 18.10  54.834708  65.735342  5.887 -100.00 -100.00 -100.00
  94    25.042 55584.60772492 17.08  54.840982  65.734858  4.503 -100.00 -100.00 -100.00
  95    24.370 55594.52336104 16.17  54.828072  65.734553  4.268  252.72  246.50  232.72
  95    24.493 55594.52336163 17.93  54.834346  65.734069  6.480  252.72  246.50  232.72
  95    25.082 55594.52336222 17.14  54.840620  65.733585  5.590  252.72  246.50  232.72
  96    24.512 55604.43899521 16.75  54.829387  65.733044  5.300  250.04  242.57  226.14
  96    24.701 55604.43899580 17.87  54.835660  65.732561  6.778  250.04  242.57  226.14
  96    25.332 55604.43899639 16.75  54.841934  65.732077  5.874  250.04  242.57  226.14
  97    24.598 55614.35462719 15.95  54.829800  65.732517  4.052  254.83  248.02  233.35
  97    24.763 55614.35462778 15.87  54.836074  65.732034  4.256  254.83  248.02  233.35
  98    24.168 55624.27026585 16.54  54.830323  65.733024  6.322 -100.00 -100.00 -100.00
  98    24.753 55624.27026644 16.68  54.836596  65.732540  6.255 -100.00 -100.00 -100.00
  99    24.453 55634.18591846 16.36  54.830443  65.733699  5.460 -100.00 -100.00 -100.00
  99    24.765 55634.18591905 17.65  54.836716  65.733215  6.810 -100.00 -100.00 -100.00
  99    25.441 55634.18591964 16.24  54.842989  65.732731  5.135 -100.00 -100.00 -100.00
 100    24.639 55644.10156898 15.81  54.831943  65.733847  4.744  255.50  246.48  227.47
 100    24.864 55644.10156957 16.93  54.838216  65.733364  5.543  255.50  246.48  227.47
 101    23.944 55654.01721632 16.80  54.829492  65.733609  6.729 -100.00 -100.00 -100.00
 101    24.845 55654.01721691 16.71  54.835765  65.733125  6.102 -100.00 -100.00 -100.00
 101    25.436 55654.01721750 15.51  54.842037  65.732642  4.897 -100.00 -100.00 -100.00
 102    20.138 55663.93285963 20.88  54.831714  65.732425 15.178 -100.00 -100.00 -100.00
 102    22.724 55663.93286023 21.60  54.837986  65.731941 16.031 -100.00 -100.00 -100.00
 103    21.713 55673.84849929 30.40  54.826988  65.732342 24.179 -100.00 -100.00 -100.00
 103    21.716 55673.84849988 31.53  54.833260  65.731858 26.293 -100.00 -100.00 -100.00
 103    21.733 55673.84850047 28.76  54.839532  65.731374 19.545 -100.00 -100.00 -100.00
 104    24.841 55683.76413817 30.44  54.831244  65.732665 24.191  258.86  257.14  254.14
 104    24.819 55683.76413876 33.65  54.837516  65.732181   -100  258.86  257.14  254.14
 105    25.837 55693.67977516 29.58  54.829642  65.734424 13.613 -100.00 -100.00 -100.00
 105    25.952 55693.67977575 28.76  54.835915  65.733940 13.344 -100.00 -100.00 -100.00
 105    26.040 55693.67977634 32.12  54.842188  65.733456 22.705 -100.00 -100.00 -100.00
 106    24.296 55703.59541077 45.50  54.828893  65.736113   -100 -100.00 -100.00 -100.00
 106    24.165 55703.59541136 47.04  54.835166  65.735630   -100 -100.00 -100.00 -100.00
 106    24.247 55703.59541195 45.99  54.841440  65.735146   -100 -100.00 -100.00 -100.00
 107    26.654 55713.51105615 51.85  54.833005  65.736344 15.313  266.66  265.50  266.20
 107    26.854 55713.51105674 51.50  54.839279  65.735861   -100  266.66  265.50  266.20
 107    26.627 55713.51105733 54.93  54.845553  65.735377   -100  266.66  265.50  266.20
 108    25.735 55723.42670531 30.29  54.832483  65.736091 19.059  261.49  259.45  260.74
 108    26.150 55723.42670591 30.59  54.838757  65.735607 20.659  261.49  259.45  260.74
 108    26.464 55723.42670650 29.68  54.845031  65.735123 17.603  261.49  259.45  260.74
 109    21.815 55733.34235255 37.30  54.832207  65.735905   -100  272.76  271.13  271.93
 109    22.686 55733.34235314 34.37  54.838480  65.735421 31.925  272.76  271.13  271.93
 109    22.737 55733.34235373 33.91  54.844754  65.734937 30.872  272.76  271.13  271.93
 110    20.746 55743.25799869 46.65  54.833679  65.735831   -100 -100.00 -100.00 -100.00
 110    20.820 55743.25799928 45.78  54.839952  65.735347   -100 -100.00 -100.00 -100.00
 111    19.454 55753.17364283 32.03  54.828376  65.736042 21.469 -100.00 -100.00 -100.00
 111    22.463 55753.17364342 29.94  54.834650  65.735558 15.425 -100.00 -100.00 -100.00
 111    22.429 55753.17364401 31.88  54.840923  65.735074 21.515 -100.00 -100.00 -100.00
 112    18.972 55763.08928531 38.41  54.829324  65.735020 18.514 -100.00 -100.00 -100.00
 112    18.874 55763.08928590 37.71  54.835597  65.734536 10.946 -100.00 -100.00 -100.00
 112    22.459 55763.08928649 32.62  54.841871  65.734052   -100 -100.00 -100.00 -100.00
 113    18.941 55773.00492510 34.93  54.831421  65.733495   -100 -100.00 -100.00 -100.00
 113    21.995 55773.00492569 26.81  54.837694  65.733012 19.048 -100.00 -100.00 -100.00
 114    18.814 55782.92056116 31.76  54.830870  65.732311 28.059 -100.00 -100.00 -100.00
 114    18.499 55782.92056175 34.35  54.837142  65.731828   -100 -100.00 -100.00 -100.00
 115    18.673 55792.83619461 31.43  54.830479  65.732595   -100 -100.00 -100.00 -100.00
 115    18.547 55792.83619520 35.90  54.836752  65.732112   -100 -100.00 -100.00 -100.00
 116    18.995 55802.75182911 36.03  54.830037  65.733745 27.032 -100.00 -100.00 -100.00
 116    19.594 55802.75182970 38.30  54.836310  65.733262 20.346 -100.00 -100.00 -100.00
 116    20.052 55802.75183029 40.35  54.842582  65.732778 15.876 -100.00 -100.00 -100.00
 117    18.747 55812.66747904 33.25  54.830902  65.734295 27.845 -100.00 -100.00 -100.00
 117    18.674 55812.66747963 34.47  54.837175  65.733811   -100 -100.00 -100.00 -100.00
 117    18.632 55812.66748022 35.62  54.843448  65.733327   -100 -100.00 -100.00 -100.00
 118    18.804 55822.58312705 39.53  54.829181  65.734137   -100  267.69  267.13  267.69
 118    18.891 55822.58312764 37.15  54.835455  65.733653   -100  267.69  267.13  267.69
 118    18.879 55822.58312823 40.21  54.841728  65.733169   -100  267.69  267.13  267.69
 119    19.147 55832.49877068 39.58  54.831562  65.733079 23.526 -100.00 -100.00 -100.00
 119    18.846 55832.49877127 40.44  54.837836  65.732595 30.604 -100.00 -100.00 -100.00
 120    89.709 55842.41440956  5.28  54.830349  65.732514  4.222 -100.00 -100.00 -100.00
 120    92.252 55842.41441015  4.07  54.836623  65.732030  4.105 -100.00 -100.00 -100.00
 121    82.279 55852.33004531  8.86  54.828549  65.733037  4.645 -100.00 -100.00 -100.00
 121    81.469 55852.33004590  8.29  54.834823  65.732553  5.282 -100.00 -100.00 -100.00
 121    80.952 55852.33004649  7.57  54.841096  65.732070  5.790 -100.00 -100.00 -100.00
 122    21.832 55862.24567961 42.75  54.829049  65.734589 12.437 -100.00 -100.00 -100.00
 122    22.101 55862.24568020 41.38  54.835323  65.734106   -100 -100.00 -100.00 -100.00
 122    21.872 55862.24568079 35.90  54.841597  65.733622   -100 -100.00 -100.00 -100.00
 123    20.077 55872.16133403 32.19  54.828832  65.735642 25.409 -100.00 -100.00 -100.00
 123    20.063 55872.16133462 36.83  54.835106  65.735159   -100 -100.00 -100.00 -100.00
 123    20.107 55872.16133521 36.81  54.841380  65.734675   -100 -100.00 -100.00 -100.00
 133    23.457 55971.31777276 19.20  54.829420  65.732573  7.897 -100.00 -100.00 -100.00
 133    23.724 55971.31777335 19.26  54.835693  65.732090  8.742 -100.00 -100.00 -100.00
 134    23.906 55981.23340883 17.70  54.829206  65.734390  6.024 -100.00 -100.00 -100.00
 134    23.941 55981.23340942 18.17  54.835480  65.733906  6.709 -100.00 -100.00 -100.00
 134    24.238 55981.23341001 17.37  54.841753  65.733422  5.108 -100.00 -100.00 -100.00
 135    23.967 55991.14904370 16.39  54.828885  65.735101  5.340 -100.00 -100.00 -100.00
 135    23.708 55991.14904429 16.85  54.835159  65.734617  7.043 -100.00 -100.00 -100.00
 135    24.738 55991.14904488 16.99  54.841432  65.734133  6.277 -100.00 -100.00 -100.00
 136    23.726 56001.06468993 18.67  54.833189  65.733879  7.154 -100.00 -100.00 -100.00
 136    24.106 56001.06469052 18.18  54.839462  65.733396  6.805 -100.00 -100.00 -100.00
 137    23.609 56010.98034004 18.97  54.830029  65.732453  6.514 -100.00 -100.00 -100.00
 137    24.165 56010.98034063 18.56  54.836302  65.731970  5.638 -100.00 -100.00 -100.00
 138    23.374 56020.89598623 17.11  54.826869  65.732208  5.912 -100.00 -100.00 -100.00
 138    24.470 56020.89598682 16.65  54.833142  65.731724  5.221 -100.00 -100.00 -100.00
 138    24.771 56020.89598741 16.24  54.839414  65.731241  4.662 -100.00 -100.00 -100.00
 139    25.579 56030.81162981  8.22  54.828183  65.733103  2.590 -100.00 -100.00 -100.00
 139    25.567 56030.81163040  8.64  54.834455  65.732619  2.813 -100.00 -100.00 -100.00
 139    25.545 56030.81163100  8.92  54.840727  65.732135  3.239 -100.00 -100.00 -100.00
 141    23.189 56050.64291042 46.08  54.828112  65.736375 15.682 -100.00 -100.00 -100.00
 141    23.179 56050.64291101 39.81  54.834385  65.735892   -100 -100.00 -100.00 -100.00
 141    23.118 56050.64291161 34.64  54.840659  65.735408   -100 -100.00 -100.00 -100.00
 142    24.509 56060.55854757 27.48  54.834191  65.736346 12.280  248.90  248.73  251.04
 142    24.405 56060.55854816 28.99  54.840465  65.735862 16.216  248.90  248.73  251.04
 143    26.651 56070.47418437 30.12  54.832812  65.735895 16.156 -100.00 -100.00 -100.00
 143    26.910 56070.47418496 30.23  54.839086  65.735411 15.277 -100.00 -100.00 -100.00
 143    27.252 56070.47418555 31.30  54.845359  65.734928 14.757 -100.00 -100.00 -100.00
 144    24.619 56080.38983507 48.11  54.831413  65.735460 14.705 -100.00 -100.00 -100.00
 144    24.791 56080.38983566 47.14  54.837687  65.734976   -100 -100.00 -100.00 -100.00
 144    24.908 56080.38983625 49.08  54.843960  65.734492   -100 -100.00 -100.00 -100.00
 145    23.135 56090.30548298 31.95  54.829064  65.735948 28.579 -100.00 -100.00 -100.00
 145    24.262 56090.30548357 29.80  54.835338  65.735464 22.863 -100.00 -100.00 -100.00
 145    23.878 56090.30548416 29.05  54.841612  65.734980 22.386 -100.00 -100.00 -100.00
 146    24.232 56100.22112917 25.34  54.834481  65.736340 15.200 -100.00 -100.00 -100.00
 146    24.436 56100.22112976 25.63  54.840754  65.735856 16.626 -100.00 -100.00 -100.00
 147    22.671 56110.13676060 26.49  54.832274  65.736147 16.870  270.09  270.48  269.60
 147    24.439 56110.13676119 24.60  54.838548  65.735663 11.118  270.09  270.48  269.60
 147    23.323 56110.13676178 30.75  54.844821  65.735179 24.704  270.09  270.48  269.60
 148    20.200 56120.05240061 40.41  54.830812  65.734454 26.459  270.50  270.73  269.63
 148    19.990 56120.05240120 41.79  54.837085  65.733970 30.858  270.50  270.73  269.63
 148    19.794 56120.05240179 43.71  54.843358  65.733487   -100  270.50  270.73  269.63
 149    19.543 56129.96803693 37.12  54.829056  65.732456  4.517 -100.00 -100.00 -100.00
 149    19.503 56129.96803752 33.95  54.835329  65.731972   -100 -100.00 -100.00 -100.00
 150    20.802 56139.88367015 40.49  54.828091  65.731774 21.262 -100.00 -100.00 -100.00
 150    20.308 56139.88367074 45.87  54.834363  65.731291   -100 -100.00 -100.00 -100.00
 150    19.865 56139.88367133 52.12  54.840635  65.730807 31.199 -100.00 -100.00 -100.00
 151    19.846 56149.79932041 38.57  54.827475  65.732920   -100 -100.00 -100.00 -100.00
 151    20.057 56149.79932100 38.77  54.833747  65.732437   -100 -100.00 -100.00 -100.00
 151    20.970 56149.79932159 41.74  54.840020  65.731953 19.111 -100.00 -100.00 -100.00
 152    19.931 56159.71496961 38.86  54.830052  65.734668   -100 -100.00 -100.00 -100.00
 152    19.773 56159.71497020 29.91  54.836325  65.734184 23.425 -100.00 -100.00 -100.00
 152    19.679 56159.71497079 33.78  54.842598  65.733700   -100 -100.00 -100.00 -100.00
 153    23.946 56169.63061737 23.40  54.831858  65.735265 18.561 -100.00 -100.00 -100.00
 153    24.969 56169.63061796 19.89  54.838132  65.734781  9.410 -100.00 -100.00 -100.00
 153    25.264 56169.63061855 23.39  54.844405  65.734297 15.718 -100.00 -100.00 -100.00
 154    19.497 56179.54626114 28.91  54.827747  65.734307 16.479  268.85  267.95  267.41
 154    18.681 56179.54626173 32.92  54.834021  65.733823 29.945  268.85  267.95  267.41
 154    18.677 56179.54626232 30.44  54.840294  65.733339 19.800  268.85  267.95  267.41
 155    21.170 56189.46190113 35.95  54.827516  65.732552 18.793 -100.00 -100.00 -100.00
 155    20.505 56189.46190172 39.93  54.833790  65.732069   -100 -100.00 -100.00 -100.00
 155    20.403 56189.46190231 45.94  54.840063  65.731585  3.728 -100.00 -100.00 -100.00
 156    21.049 56199.37753841 40.81  54.831870  65.731737 32.698  265.46  265.35  266.19
 156    20.923 56199.37753900 44.79  54.838144  65.731253   -100  265.46  265.35  266.19
 157    21.368 56209.29317227 41.79  54.828610  65.733818 30.978  262.77  261.55  262.94
 157    21.852 56209.29317286 44.86  54.834884  65.733335 20.997  262.77  261.55  262.94
 157    21.240 56209.29317345 50.24  54.841158  65.732851   -100  262.77  261.55  262.94
 158    23.952 56219.20880467 22.86  54.828871  65.736501 10.179 -100.00 -100.00 -100.00
 158    24.437 56219.20880526 22.70  54.835146  65.736018 11.830 -100.00 -100.00 -100.00
 158    25.017 56219.20880585 21.22  54.841420  65.735534  9.338 -100.00 -100.00 -100.00
 159    24.062 56229.12445259 19.63  54.833647  65.737554  8.495  258.24  256.40  257.08
 159    24.382 56229.12445318 19.92  54.839921  65.737070  8.597  258.24  256.40  257.08
 159    24.603 56229.12445377 23.00  54.846195  65.736587 15.816  258.24  256.40  257.08
 160    19.734 56239.04010628 32.26  54.832854  65.736945 28.676  259.26  257.77  256.45
 160    19.757 56239.04010687 34.91  54.839128  65.736462   -100  259.26  257.77  256.45
 160    20.073 56239.04010746 36.12  54.845402  65.735978 31.403  259.26  257.77  256.45
 161    19.877 56248.95575612 30.71  54.832282  65.735701 25.136 -100.00 -100.00 -100.00
 161    19.990 56248.95575671 31.92  54.838556  65.735217 29.856 -100.00 -100.00 -100.00
 161    20.131 56248.95575730 30.21  54.844829  65.734733 18.988 -100.00 -100.00 -100.00
 162    23.139 56258.87140065 20.57  54.827529  65.735246  8.811  237.05  230.52  222.12
 162    23.757 56258.87140124 20.16  54.833802  65.734762  7.451  237.05  230.52  222.12
 162    24.415 56258.87140183 20.28  54.840076  65.734278  7.616  237.05  230.52  222.12
 163    21.256 56268.78704273 20.54  54.828663  65.735785 10.293 -100.00 -100.00 -100.00
 163    24.020 56268.78704332 19.60  54.834937  65.735301  8.531 -100.00 -100.00 -100.00
 163    24.391 56268.78704391 19.50  54.841210  65.734817  7.931 -100.00 -100.00 -100.00
 164    23.429 56278.70268299 18.65  54.828811  65.736520  5.995 -100.00 -100.00 -100.00
 164    24.053 56278.70268358 18.33  54.835085  65.736036  6.069 -100.00 -100.00 -100.00
 164    19.976 56278.70268417 20.90  54.841359  65.735552 10.264 -100.00 -100.00 -100.00
 165    23.868 56288.61833314 18.17  54.833833  65.735957  5.759 -100.00 -100.00 -100.00
 165    24.320 56288.61833373 18.95  54.840107  65.735473  8.070 -100.00 -100.00 -100.00
 166    23.341 56298.53398164 19.17  54.831007  65.734187  7.645 -100.00 -100.00 -100.00
 166    24.128 56298.53398223 18.88  54.837281  65.733703  6.829 -100.00 -100.00 -100.00
 166    24.857 56298.53398282 19.14  54.843555  65.733218  6.803 -100.00 -100.00 -100.00
 167    23.917 56308.44962633 18.39  54.829179  65.731975  5.466  243.84  235.68  216.91
 167    24.485 56308.44962692 18.10  54.835453  65.731491  5.948  243.84  235.68  216.91
 168    23.580 56318.36526876 20.36  54.830587  65.730856  8.725 -100.00 -100.00 -100.00
 168    24.242 56318.36526935 19.93  54.836860  65.730372  7.529 -100.00 -100.00 -100.00
 169    20.437 56328.28090961 23.61  54.828827  65.732456 16.734 -100.00 -100.00 -100.00
 169    23.954 56328.28091020 20.76  54.835100  65.731972 10.782 -100.00 -100.00 -100.00
 169    24.476 56328.28091080 19.17  54.841373  65.731488  7.491 -100.00 -100.00 -100.00
 170    20.866 56338.19654960 22.92  54.828130  65.734777 11.002  250.39  243.08  226.34
 170    18.133 56338.19655019 29.21  54.834404  65.734293 29.002  250.39  243.08  226.34
 170    19.677 56338.19655078 25.08  54.840677  65.733809 15.923  250.39  243.08  226.34
 171    23.836 56348.11218827 20.19  54.833262  65.735598  6.994 -100.00 -100.00 -100.00
 171    24.157 56348.11218886 20.25  54.839535  65.735114  7.423 -100.00 -100.00 -100.00
 172    24.049 56358.02782372 17.15  54.832957  65.734679  5.772 -100.00 -100.00 -100.00
 172    24.595 56358.02782431 16.96  54.839230  65.734195  4.426 -100.00 -100.00 -100.00
 173    24.041 56367.94347313 16.64  54.828431  65.732847  5.180 -100.00 -100.00 -100.00
 173    24.133 56367.94347372 16.60  54.834704  65.732363  5.745 -100.00 -100.00 -100.00
 173    24.769 56367.94347431 17.15  54.840976  65.731879  5.775 -100.00 -100.00 -100.00
 175    24.402 56387.77476677 15.22  54.828340  65.733682  4.500 -100.00 -100.00 -100.00
 175    24.337 56387.77476736 15.84  54.834612  65.733198  5.516 -100.00 -100.00 -100.00
 175    24.768 56387.77476795 15.77  54.840885  65.732714  5.079 -100.00 -100.00 -100.00
 176    24.904 56397.69041010 10.65  54.828814  65.736285  2.382 -100.00 -100.00 -100.00
 176    25.449 56397.69041069 10.79  54.835087  65.735801  2.272 -100.00 -100.00 -100.00
 176    25.607 56397.69041128 11.04  54.841361  65.735317  2.582 -100.00 -100.00 -100.00
 177    18.280 56407.60605158 29.82  54.833939  65.737487 23.814 -100.00 -100.00 -100.00
 177    18.624 56407.60605217 31.65  54.840212  65.737003 26.618 -100.00 -100.00 -100.00
 177    18.574 56407.60605276 30.49  54.846486  65.736519 25.382 -100.00 -100.00 -100.00
 178    21.511 56417.52168860 31.58  54.832852  65.737336 19.498 -100.00 -100.00 -100.00
 178    21.422 56417.52168919 32.25  54.839127  65.736853 20.836 -100.00 -100.00 -100.00
 178    21.622 56417.52168979 32.93  54.845400  65.736368 21.542 -100.00 -100.00 -100.00
 179    25.409 56427.43732079 50.45  54.829613  65.736344  0.544 -100.00 -100.00 -100.00
 179    25.282 56427.43732138 53.24  54.835887  65.735861 16.180 -100.00 -100.00 -100.00
 179    25.223 56427.43732197 53.33  54.842161  65.735377 25.013 -100.00 -100.00 -100.00
 180    23.563 56437.35297373 44.11  54.832278  65.734895   -100 -100.00 -100.00 -100.00
 180    23.701 56437.35297432 44.96  54.838552  65.734411   -100 -100.00 -100.00 -100.00
 181    24.172 56447.26862488 24.99  54.828437  65.735189 16.995 -100.00 -100.00 -100.00
 181    24.782 56447.26862547 26.05  54.834711  65.734705 19.744 -100.00 -100.00 -100.00
 181    24.936 56447.26862606 29.71  54.840984  65.734221 30.349 -100.00 -100.00 -100.00
 182    82.165 56457.18427432 10.13  54.830441  65.735814  6.213  264.80  263.29  264.70
 182    81.834 56457.18427491  9.34  54.836715  65.735330  5.130  264.80  263.29  264.70
 182    81.168 56457.18427550  8.13  54.842988  65.734845  5.714  264.80  263.29  264.70
 183    23.471 56467.09992046 48.20  54.831025  65.735538   -100 -100.00 -100.00 -100.00
 183    23.475 56467.09992105 49.24  54.837298  65.735054   -100 -100.00 -100.00 -100.00
 183    23.381 56467.09992164 53.37  54.843571  65.734570   -100 -100.00 -100.00 -100.00
 184    21.006 56477.01556249 46.30  54.830335  65.734157   -100 -100.00 -100.00 -100.00
 184    21.050 56477.01556308 46.26  54.836608  65.733673   -100 -100.00 -100.00 -100.00
 184    20.944 56477.01556367 47.91  54.842881  65.733189   -100 -100.00 -100.00 -100.00
 185    19.928 56486.93120054 37.09  54.826385  65.732557 31.596  261.89  260.82  260.59
 185    19.502 56486.93120113 35.95  54.832657  65.732073   -100  261.89  260.82  260.59
 185    23.149 56486.93120172 27.36  54.838929  65.731589 19.525  261.89  260.82  260.59
 187    18.224 56506.76247093 29.48  54.831407  65.732922 22.613 -100.00 -100.00 -100.00
 187    18.234 56506.76247152 28.81  54.837679  65.732438 18.225 -100.00 -100.00 -100.00
 188    21.412 56516.67810591 27.09  54.829710  65.735268 20.063 -100.00 -100.00 -100.00
 188    22.267 56516.67810650 24.60  54.835984  65.734785 13.021 -100.00 -100.00 -100.00
 188    22.515 56516.67810709 24.35  54.842257  65.734301 11.118 -100.00 -100.00 -100.00
 189    21.263 56526.59376066 25.93  54.833323  65.735614 16.513  273.51  272.82  272.44
 189    24.710 56526.59376125 22.15  54.839597  65.735130  7.708  273.51  272.82  272.44
 190    18.897 56536.50941052 32.54  54.828615  65.735123 32.437 -100.00 -100.00 -100.00
 190    18.827 56536.50941111 31.01  54.834889  65.734640 26.153 -100.00 -100.00 -100.00
 190    19.040 56536.50941170 28.71  54.841163  65.734156 17.582 -100.00 -100.00 -100.00
 192    19.124 56556.34070079 39.91  54.827886  65.733097   -100 -100.00 -100.00 -100.00
 192    19.355 56556.34070138 39.42  54.834159  65.732613   -100 -100.00 -100.00 -100.00
 192    19.702 56556.34070197 42.86  54.840433  65.732129 26.846 -100.00 -100.00 -100.00
 193    91.679 56566.25634377  3.86  54.831335  65.734177  4.258  261.42  259.61  260.55
 193   110.727 56566.25634436  3.14  54.837609  65.733693  3.729  261.42  259.61  260.55
 194    19.047 56576.17198486 36.30  54.829365  65.736647   -100 -100.00 -100.00 -100.00
 194    18.946 56576.17198545 36.51  54.835639  65.736163 12.323 -100.00 -100.00 -100.00
 194    18.791 56576.17198604 31.29  54.841913  65.735679   -100 -100.00 -100.00 -100.00
 195    19.583 56586.08762344 39.93  54.835197  65.737729   -100  262.22  260.47  260.28
 195    20.341 56586.08762403 40.97  54.841472  65.737245 20.579  262.22  260.47  260.28
 195    20.085 56586.08762462 42.86  54.847746  65.736761 30.424  262.22  260.47  260.28
 196    21.389 56596.00326131 31.96  54.830165  65.737941 22.066 -100.00 -100.00 -100.00
 196    21.094 56596.00326190 35.82  54.836440  65.737457   -100 -100.00 -100.00 -100.00
 196    21.313 56596.00326249 37.24  54.842714  65.736973   -100 -100.00 -100.00 -100.00
 197    79.601 56605.91891372  9.08  54.830405  65.736313  9.484 -100.00 -100.00 -100.00
 197   100.910 56605.91891431 16.35  54.836679  65.735829 17.701 -100.00 -100.00 -100.00
 197   107.522 56605.91891490 16.47  54.842952  65.735345 11.765 -100.00 -100.00 -100.00
 198    22.559 56615.83456141 40.94  54.832467  65.734966   -100  258.24  256.29  254.10
 198    22.867 56615.83456200 40.98  54.838741  65.734482   -100  258.24  256.29  254.10
 199    20.395 56625.75020521 37.00  54.832042  65.734916   -100 -100.00 -100.00 -100.00
 199    20.920 56625.75020580 39.09  54.838316  65.734432 29.028 -100.00 -100.00 -100.00
 199    20.702 56625.75020639 40.70  54.844589  65.733948   -100 -100.00 -100.00 -100.00
 200    23.445 56635.66584632 21.70  54.832631  65.735225  8.690  241.80  236.12  227.19
 200    24.210 56635.66584691 22.18  54.838904  65.734741  9.424  241.80  236.12  227.19
 201    23.968 56645.58148534 18.15  54.832518  65.735287  7.399  244.03  238.77  229.45
 201    24.485 56645.58148593 17.69  54.838792  65.734803  6.133  244.03  238.77  229.45
 201    25.132 56645.58148652 17.40  54.845065  65.734319  5.261  244.03  238.77  229.45
 202    24.560 56655.49713778  5.38  54.831471  65.734110  4.955 -100.00 -100.00 -100.00
 202    25.018 56655.49713837  6.62  54.837745  65.733626  6.638 -100.00 -100.00 -100.00
 203    24.481 56665.41278609 12.67  54.832046  65.732487  6.064  240.96  233.30  217.22
 203    25.036 56665.41278668 12.71  54.838320  65.732003  5.570  240.96  233.30  217.22
 205    23.696 56685.24407577 14.36  54.828192  65.733121  5.017 -100.00 -100.00 -100.00
 205    24.219 56685.24407636 14.76  54.834466  65.732637  5.505 -100.00 -100.00 -100.00
 205    24.806 56685.24407695 13.88  54.840739  65.732153  4.900 -100.00 -100.00 -100.00
 206    23.347 56695.15971841 15.60  54.830289  65.734422  7.219 -100.00 -100.00 -100.00
 206    24.255 56695.15971900 14.42  54.836563  65.733938  5.265 -100.00 -100.00 -100.00
 206    24.890 56695.15971959 14.91  54.842836  65.733454  5.183 -100.00 -100.00 -100.00
 207    23.457 56705.07535633 15.35  54.829597  65.735394  5.239 -100.00 -100.00 -100.00
 207    23.779 56705.07535692 15.38  54.835870  65.734910  5.321 -100.00 -100.00 -100.00
 207    24.491 56705.07535751 15.04  54.842144  65.734426  5.270 -100.00 -100.00 -100.00
 208    25.141 56714.99098925  7.23  54.833266  65.734875  3.066 -100.00 -100.00 -100.00
 208    25.377 56714.99098984  7.51  54.839539  65.734391  3.338 -100.00 -100.00 -100.00
 209    82.962 56724.90664115  1.49  54.831432  65.733878  6.403 -100.00 -100.00 -100.00
 209    81.987 56724.90664174  1.97  54.837705  65.733394  6.581 -100.00 -100.00 -100.00
 211    24.798 56744.73793719  9.56  54.827600  65.735386  2.826 -100.00 -100.00 -100.00
 211    24.666 56744.73793778  9.66  54.833873  65.734903  2.434 -100.00 -100.00 -100.00
 211    25.487 56744.73793837  9.71  54.840146  65.734418  2.650 -100.00 -100.00 -100.00
 212    24.649 56754.65357972 10.68  54.831116  65.736805  2.438 -100.00 -100.00 -100.00
 212    24.713 56754.65358031 10.86  54.837389  65.736321  2.530 -100.00 -100.00 -100.00
 212    24.993 56754.65358090 11.22  54.843663  65.735837  3.145 -100.00 -100.00 -100.00
 213    20.400 56764.56921627 29.81  54.829670  65.737772 26.316 -100.00 -100.00 -100.00
 213    20.232 56764.56921686 31.95  54.835945  65.737288   -100 -100.00 -100.00 -100.00
 213    20.140 56764.56921745 30.77  54.842219  65.736804 31.492 -100.00 -100.00 -100.00
 214    20.130 56774.48485313 28.17  54.833130  65.737021   -100 -100.00 -100.00 -100.00
 214    20.149 56774.48485372 29.07  54.839404  65.736537   -100 -100.00 -100.00 -100.00
 214    20.169 56774.48485431 27.60  54.845678  65.736053   -100 -100.00 -100.00 -100.00
 215    22.016 56784.40050974 37.89  54.828239  65.736126   -100 -100.00 -100.00 -100.00
 215    22.112 56784.40051033 39.64  54.834513  65.735643   -100 -100.00 -100.00 -100.00
 215    22.041 56784.40051092 39.28  54.840787  65.735159   -100 -100.00 -100.00 -100.00
 216    27.299 56794.31616315 42.99  54.828035  65.735363   -100 -100.00 -100.00 -100.00
 216    27.294 56794.31616374 45.19  54.834309  65.734879   -100 -100.00 -100.00 -100.00
 216    27.343 56794.31616433 45.02  54.840582  65.734395   -100 -100.00 -100.00 -100.00
 217    29.719 56804.23181336 35.07  54.830510  65.734931 18.275 -100.00 -100.00 -100.00
 217    29.533 56804.23181395 34.56  54.836783  65.734447 14.416 -100.00 -100.00 -100.00
 217    29.252 56804.23181454 34.95  54.843056  65.733963 16.050 -100.00 -100.00 -100.00
 219    25.148 56824.06309514 26.46  54.829392  65.734149 13.091 -100.00 -100.00 -100.00
 219    25.281 56824.06309573 27.26  54.835665  65.733665 15.431 -100.00 -100.00 -100.00
 219    25.721 56824.06309633 28.88  54.841937  65.733181 16.628 -100.00 -100.00 -100.00
 220    81.575 56833.97873031 12.54  54.828950  65.733449  9.501 -100.00 -100.00 -100.00
 220    81.112 56833.97873090  9.10  54.835222  65.732965  5.305 -100.00 -100.00 -100.00
 220    80.449 56833.97873149  7.89  54.841495  65.732481  3.853 -100.00 -100.00 -100.00
 221    23.601 56843.89436238 34.02  54.832551  65.733048 22.797 -100.00 -100.00 -100.00
 221    23.739 56843.89436297 34.91  54.838823  65.732564 23.908 -100.00 -100.00 -100.00
 222    22.848 56853.81000502 27.98  54.828961  65.733768 18.349  266.36  266.96  268.69
 222    24.658 56853.81000561 26.01  54.835234  65.733284 14.797  266.36  266.96  268.69
 222    25.386 56853.81000620 25.26  54.841506  65.732801 11.647  266.36  266.96  268.69
 223    19.597 56863.72565898 37.40  54.830578  65.734139   -100  267.11  266.41  266.34
 223    20.751 56863.72565957 29.91  54.836851  65.733655 20.251  267.11  266.41  266.34
 223    19.472 56863.72566016 38.29  54.843123  65.733171   -100  267.11  266.41  266.34
 224    20.352 56873.64131242 41.00  54.832934  65.734270   -100 -100.00 -100.00 -100.00
 224    20.562 56873.64131301 43.00  54.839207  65.733786 25.316 -100.00 -100.00 -100.00
 225    19.650 56883.55696245 36.50  54.832536  65.734164   -100 -100.00 -100.00 -100.00
 225    21.861 56883.55696304 27.77  54.838809  65.733680 15.726 -100.00 -100.00 -100.00
 226    19.781 56893.47260907 38.21  54.831230  65.733975   -100 -100.00 -100.00 -100.00
 226    19.986 56893.47260966 33.67  54.837503  65.733491   -100 -100.00 -100.00 -100.00
 227    19.631 56903.38825243 37.12  54.829160  65.734091   -100  268.78  267.44  267.77
 227    20.668 56903.38825302 37.35  54.835434  65.733607 17.408  268.78  267.44  267.77
 227    20.679 56903.38825361 41.14  54.841707  65.733123 19.252  268.78  267.44  267.77
 228    21.127 56913.30389409 41.12  54.830142  65.734890   -100 -100.00 -100.00 -100.00
 228    20.992 56913.30389468 40.20  54.836416  65.734406   -100 -100.00 -100.00 -100.00
 228    20.607 56913.30389527 45.49  54.842690  65.733922 30.215 -100.00 -100.00 -100.00
 229    21.304 56923.21953433 38.32  54.833992  65.735838 23.225 -100.00 -100.00 -100.00
 229    22.383 56923.21953492 42.30  54.840266  65.735354 18.200 -100.00 -100.00 -100.00
 230    21.703 56933.13517139 24.77  54.829592  65.737267 19.538 -100.00 -100.00 -100.00
 230    24.300 56933.13517198 23.81  54.835867  65.736783 15.442 -100.00 -100.00 -100.00
 230    25.143 56933.13517257 22.66  54.842141  65.736299 12.323 -100.00 -100.00 -100.00
 231    20.952 56943.05080383 28.34  54.831971  65.737310 21.912 -100.00 -100.00 -100.00
 231    20.990 56943.05080442 28.54  54.838246  65.736827 21.482 -100.00 -100.00 -100.00
 231    21.666 56943.05080501 27.78  54.844519  65.736343 19.336 -100.00 -100.00 -100.00
 232    20.187 56952.96644901 38.32  54.829834  65.736615   -100 -100.00 -100.00 -100.00
 232    20.005 56952.96644960 39.11  54.836108  65.736132   -100 -100.00 -100.00 -100.00
 232    20.108 56952.96645019 38.68  54.842382  65.735648   -100 -100.00 -100.00 -100.00
 233    20.375 56962.88209951 36.97  54.828738  65.735691   -100  254.92  251.28  245.67
 233    20.575 56962.88210010 34.28  54.835012  65.735207 21.882  254.92  251.28  245.67
 233    20.351 56962.88210069 38.36  54.841285  65.734723   -100  254.92  251.28  245.67
 234    20.613 56972.79774517 34.32  54.828254  65.735575   -100  260.09  262.06  263.13
 234    20.731 56972.79774576 31.46  54.834528  65.735091 26.147  260.09  262.06  263.13
 234    20.466 56972.79774635 31.70  54.840801  65.734607   -100  260.09  262.06  263.13
 235    20.662 56982.71338656 33.86  54.827982  65.735899   -100 -100.00 -100.00 -100.00
 235    20.588 56982.71338715 36.55  54.834255  65.735415   -100 -100.00 -100.00 -100.00
 235    20.457 56982.71338774 37.62  54.840529  65.734931   -100 -100.00 -100.00 -100.00
 236    20.253 56992.62902341 23.66  54.828252  65.735720 10.081 -100.00 -100.00 -100.00
 236    20.239 56992.62902400 24.74  54.834526  65.735236 11.755 -100.00 -100.00 -100.00
 236    20.194 56992.62902459 27.80  54.840800  65.734752 20.821 -100.00 -100.00 -100.00
 237    20.049 57002.54465843 24.22  54.830361  65.734523 12.655 -100.00 -100.00 -100.00
 237    19.891 57002.54465903 25.51  54.836635  65.734040 14.970 -100.00 -100.00 -100.00
 237    19.762 57002.54465962 25.44  54.842909  65.733556 15.333 -100.00 -100.00 -100.00
 238    20.246 57012.46031512 25.71  54.826631  65.733232 14.992 -100.00 -100.00 -100.00
 238    19.819 57012.46031571 25.52  54.832905  65.732749 15.124 -100.00 -100.00 -100.00
 238    19.506 57012.46031630 26.89  54.839178  65.732265 18.807 -100.00 -100.00 -100.00
 239    19.454 57022.37596667 23.46  54.828338  65.732608 11.062 -100.00 -100.00 -100.00
 239    19.522 57022.37596726 24.44  54.834611  65.732125 13.594 -100.00 -100.00 -100.00
 239    19.189 57022.37596785 25.92  54.840885  65.731641 17.735 -100.00 -100.00 -100.00
 240    23.247 57032.29161529 18.22  54.828290  65.733754  6.397  242.76  236.81  224.52
 240    23.570 57032.29161588 19.85  54.834564  65.733271  9.783  242.76  236.81  224.52
 240    24.155 57032.29161647 18.19  54.840837  65.732786  6.184  242.76  236.81  224.52
 241    22.705 57042.20726188 18.13  54.829019  65.734943  6.284 -100.00 -100.00 -100.00
 241    23.677 57042.20726247 17.80  54.835293  65.734460  5.956 -100.00 -100.00 -100.00
 241    24.364 57042.20726306 17.94  54.841567  65.733975  5.895 -100.00 -100.00 -100.00
 242    23.683 57052.12290626 16.31  54.828872  65.735380  5.805  249.63  244.24  232.84
 242    23.690 57052.12290685 16.59  54.835146  65.734896  5.589  249.63  244.24  232.84
 242    24.590 57052.12290744 16.40  54.841420  65.734412  4.926  249.63  244.24  232.84
 243    23.755 57062.03854650 15.46  54.830032  65.734605  4.570 -100.00 -100.00 -100.00
 243    23.795 57062.03854709 16.52  54.836305  65.734122  5.657 -100.00 -100.00 -100.00
 243    24.398 57062.03854768 17.22  54.842578  65.733638  7.742 -100.00 -100.00 -100.00
 244    21.426 57071.95418096 18.68  54.827158  65.734380 10.155 -100.00 -100.00 -100.00
 244    24.288 57071.95418156 16.13  54.833431  65.733896  5.786 -100.00 -100.00 -100.00
 244    24.569 57071.95418215 16.06  54.839704  65.733413  6.180 -100.00 -100.00 -100.00
 245    24.492 57081.86981196 15.07  54.831939  65.734795  3.677  246.54  241.45  232.20
 245    24.802 57081.86981255 15.95  54.838213  65.734312  4.399  246.54  241.45  232.20
 245    25.557 57081.86981315 16.00  54.844486  65.733828  4.190  246.54  241.45  232.20
 246    24.325 57091.78545631 17.18  54.829078  65.736666  4.659 -100.00 -100.00 -100.00
 246    24.463 57091.78545690 16.86  54.835352  65.736183  3.971 -100.00 -100.00 -100.00
 246    24.709 57091.78545749 17.24  54.841625  65.735699  4.953 -100.00 -100.00 -100.00
 247    24.086 57101.70111395 10.96  54.832878  65.737720  3.478 -100.00 -100.00 -100.00
 247    24.570 57101.70111454 10.93  54.839152  65.737236  3.349 -100.00 -100.00 -100.00
 247    24.449 57101.70111513 11.42  54.845426  65.736752  3.752 -100.00 -100.00 -100.00
 248    24.736 57111.61676803 11.99  54.834424  65.737678  2.682  240.23  235.31  221.98
 248    25.056 57111.61676862 12.18  54.840698  65.737194  2.764  240.23  235.31  221.98
 248    25.729 57111.61676921 12.31  54.846972  65.736710  2.732  240.23  235.31  221.98
 249    20.596 57121.53241586 18.25  54.830715  65.736663 10.140 -100.00 -100.00 -100.00
 249    24.633 57121.53241645 17.23  54.836989  65.736179  7.184 -100.00 -100.00 -100.00
 249    24.977 57121.53241705 18.39  54.843263  65.735695  9.811 -100.00 -100.00 -100.00
 250    24.231 57131.44805848 10.13  54.831281  65.735058  2.959 -100.00 -100.00 -100.00
 250    24.736 57131.44805907 10.91  54.837554  65.734575  3.834 -100.00 -100.00 -100.00
 250    25.360 57131.44805966 11.07  54.843828  65.734090  3.778 -100.00 -100.00 -100.00
