# NaN NaN NaN ;Mean Elev.(m), Avg Gradient(m/km), RMS Gradient(m/km) - SRTM1     
#   39.893  -0.647   2.289 ;Mean Elev.(m), Avg Gradient(m/km), RMS Gradient(m/km) - ASTER GDEM
#   38.798  -0.915   2.561 ;Mean Elev.(m), Avg Gradient(m/km), RMS Gradient(m/km) - GMTED2010 
   1  52.226540  65.417952    12.948    12.670 14 54666.35438057 29.980
   2  52.201033  65.416486    16.743    16.891  7 54676.27002275 26.572
   3  52.188723  65.417004     8.740     8.679  6 54686.18566482 17.641
   4  52.183427  65.417358    14.378    14.136  6 54696.10130587 28.815
   5  52.191141  65.416976    11.778    11.837  5 54706.01694606 16.832
   6  52.215748  65.417207    14.386    14.355 11 54715.93260065 54.392
   7  52.259731  65.419538    13.433    13.256 21 54725.84825465 51.558
   8  52.258454  65.419206    15.523    15.982 21 54735.76390256 40.770
   9  52.226282  65.417756    17.285    17.265 14 54745.67954679 24.943
  10  52.197767  65.416573    15.212    15.157  7 54755.59519093 46.899
  11  52.198172  65.416348    17.544    17.385  7 54765.51083637 27.359
  12  52.255044  65.419934    15.418    15.424 21 54775.42648419 51.452
  13  52.262643  65.418633    13.767    13.740 20 54785.34212478 56.444
  14  52.262329  65.418615    13.010    13.005 20 54795.25776318 47.554
  17  52.200713  65.416495    16.090    16.205  7 54825.00467839 17.686
  18  52.211337  65.417045    17.616    17.555 10 54834.92031901 14.232
  19  52.211327  65.417257    17.562    17.548 10 54844.83596880 13.462
  20  52.195518  65.416755    17.870    17.872  6 54854.75161631 15.604
  21  52.181725  65.417103    17.233    17.263  5 54864.66726392 13.984
  22  52.179593  65.417506    17.258    17.221  5 54874.58291229 13.361
  23  52.188658  65.417385    17.623    17.740  5 54884.49855902 13.717
  24  52.208690  65.416978    17.724    17.666  9 54894.41420331 15.908
  25  52.254777  65.419679    17.091    16.766 21 54904.32984744 16.907
  26  52.256262  65.419555    15.317    15.594 21 54914.24548618 19.493
  27  52.228457  65.417881    16.314    16.904 15 54924.16112159 15.677
  28  52.212481  65.417317    18.295    18.354 10 54934.07675736 11.962
  29  52.217620  65.417362    17.540    17.595 11 54943.99239313 10.600
  30  52.258131  65.419452    12.513    12.008 21 54953.90803008 18.582
  31  52.260421  65.418026    13.875    12.628 19 54963.82367527 36.880
  32  52.262324  65.418535    15.878    15.814 20 54973.73932384 56.008
  33  52.254066  65.419620    18.911    18.829 21 54983.65497087 27.292
  34  52.212219  65.417312    84.127    86.655 10 54993.57061448  9.694
  35  52.197325  65.416661    18.955    18.936  7 55003.48625952 31.513
  36  52.197141  65.416525    17.944    17.970  6 55013.40190393 26.225
  37  52.201438  65.416582    13.398    13.411  7 55023.31754735 49.002
  38  52.195855  65.416613    13.620    13.638  6 55033.23318914 53.472
  39  52.190879  65.417003    12.306    12.509  6 55043.14883028 41.140
  40  52.189863  65.416898    16.663    16.732  6 55053.06447016 25.282
  41  52.203038  65.416690    16.756    16.708  8 55062.98010911 23.393
  42  52.235436  65.418115    13.918    13.923 16 55072.89575672 33.257
  43  52.259429  65.419338    11.900    11.936 21 55082.81140725 52.308
  44  52.257127  65.419370    14.060    14.681 21 55092.72705376 42.300
  45  52.233118  65.418037    13.198    13.184 16 55102.64269801 43.936
  46  52.213818  65.417115    16.902    17.266 11 55112.55834241 26.525
  47  52.220923  65.417525    17.173    17.184 13 55122.47398694 25.433
  48  52.254921  65.419672    12.817    12.812 22 55132.38963110 52.034
  49  52.262104  65.419092    12.126    12.063 20 55142.30527062 48.554
  50  52.259356  65.419008    12.031    12.047 21 55152.22090863 48.045
  51  52.255220  65.419900    13.872    13.913 21 55162.13654681 33.086
  52  52.217595  65.417384    13.676    13.907 11 55172.05218139 25.818
  53  52.210208  65.417110    15.519    15.489  9 55181.96781726 21.366
  54  52.200834  65.416401    16.720    16.807  8 55191.88346654 14.792
  55  52.195517  65.416481    16.587    16.588  7 55201.79911618 14.064
  56  52.189878  65.416702    16.839    16.825  6 55211.71476517 13.459
  57  52.188783  65.417051    17.248    17.182  6 55221.63041414 14.021
  58  52.190632  65.416538    17.459    17.423  6 55231.54606216 13.596
  59  52.209049  65.416937    17.988    17.973 10 55241.46170852 13.172
  60  52.233438  65.417990    17.385    17.367 16 55251.37735196 12.768
  61  52.256755  65.419803    16.656    16.579 22 55261.29299304 13.181
  62  52.237158  65.418214    17.331    17.370 16 55271.20862913 14.139
  63  52.231428  65.418080    17.523    17.591 15 55281.12426646 12.224
  64  52.232858  65.418033    16.816    17.869 16 55291.03990325 19.474
  65  52.255439  65.419425    15.805    15.713 21 55300.95553974 15.774
  66  52.259641  65.419081    15.463    15.761 20 55310.87118679 31.789
  67  52.258716  65.418897    16.961    16.923 21 55320.78683222 56.315
  68  52.256821  65.419571    18.565    18.575 21 55330.70247654 43.946
  69  52.227703  65.417958    19.304    19.316 14 55340.61811819 49.847
  70  52.210698  65.417072    14.398    14.407 10 55350.53376076 42.273
  71  52.203350  65.416626    17.239    17.267  8 55360.44940212 28.998
  72  52.200091  65.416472    14.451    14.449  7 55370.36504169 38.636
  73  52.197244  65.416631    15.704    15.907  7 55380.28067982 31.275
  74  52.193848  65.416844    14.015    14.031  6 55390.19631718 46.361
  75  52.196156  65.416790    15.459    15.382  6 55400.11195393 27.524
  76  52.213089  65.417214    12.176    12.143 11 55410.02760317 49.721
  77  52.255067  65.419673    12.334    11.997 21 55419.94325741 42.418
  78  52.259654  65.419053    14.551    15.357 21 55429.85890489 34.504
  79  52.255901  65.419286    12.753    12.682 21 55439.77454918 49.637
  80  52.232779  65.418252    15.889    15.723 15 55449.69019020 27.386
  81  52.219480  65.417418    14.422    13.614 12 55459.60583172 39.512
  82  52.233050  65.418043    15.215    15.614 16 55469.52147488 32.763
  83  52.256957  65.419038    15.323    15.491 20 55479.43711583 47.842
  84  52.262407  65.418691    17.325    17.503 20 55489.35275224 23.290
  85  52.260958  65.418832    13.624    13.581 20 55499.26838577 53.779
  86  52.256733  65.419920    13.542    13.538 22 55509.18402556 51.199
  87  52.218096  65.417367    13.625    13.576 11 55519.09967191 42.168
  88  52.202016  65.416370    14.718    14.703  8 55529.01531946 34.529
  89  52.203883  65.416572    15.895    16.095  8 55538.93096691 24.067
  90  52.202088  65.416561    16.830    16.763  7 55548.84661177 20.762
  91  52.194524  65.416640    16.940    16.909  7 55558.76225440 18.581
  92  52.189860  65.417178    16.913    16.865  5 55568.67789647 17.685
  93  52.192039  65.417135    17.013    16.978  6 55578.59353828 17.110
  94  52.211298  65.417088    17.399    17.498 11 55588.50917927 16.194
  95  52.256810  65.418976    16.830    16.695 21 55598.42481970 17.704
  96  52.262452  65.418072    16.986    16.982 19 55608.34045376 17.878
  97  52.262802  65.418658    16.644    16.761 20 55618.25608553 16.825
  98  52.238363  65.418386    17.022    16.999 16 55628.17173001 15.585
  99  52.220618  65.417570    17.083    17.177 12 55638.08737958 15.762
 100  52.233091  65.417948    16.967    17.006 16 55648.00302988 15.017
 101  52.261200  65.418942    12.298    12.296 20 55657.91867867 39.779
 102  52.260823  65.418111    15.137    15.603 20 55667.83432070 31.223
 103  52.258876  65.419081    15.958    15.702 20 55677.74996006 34.879
 104  52.226851  65.417868    16.974    16.967 15 55687.66559468 53.629
 105  52.202191  65.416651    17.620    17.584  7 55697.58122870 30.607
 106  52.205155  65.416638    16.896    16.952  8 55707.49686421 40.502
 107  52.217538  65.417360    18.402    18.424 11 55717.41251665 29.350
 108  52.216449  65.417346    17.316    17.294 12 55727.32816507 26.618
 109  52.198354  65.416534    16.523    16.665  6 55737.24381024 27.241
 110  52.189350  65.416779    16.070    16.547  6 55747.15945502 26.491
 111  52.190290  65.416680    14.703    14.388  6 55757.07509859 28.513
 112  52.215544  65.417251    16.213    16.483 12 55766.99074180 24.827
 113  52.257599  65.418862    12.792    11.842 20 55776.90638362 42.794
 114  52.263301  65.417926    11.496    11.472 19 55786.82201931 45.328
 115  52.259715  65.418477    13.086    13.585 20 55796.73765257 39.840
 116  52.243787  65.418842    12.886    12.604 19 55806.65329288 34.748
 117  52.217975  65.417437    16.138    16.307 12 55816.56893956 24.886
 118  52.237950  65.418367    12.644    11.974 16 55826.48458735 39.751
 119  52.259068  65.418604    11.931    11.889 20 55836.40023080 39.779
 120  52.264656  65.417992    15.837    15.852 19 55846.31586949 27.282
 121  52.261604  65.418853    16.060    16.158 20 55856.23150488 30.429
 122  52.230965  65.418152    13.657    13.644 15 55866.14714452 50.667
 123  52.196361  65.416722    12.474    12.494  6 55876.06279384 50.872
 133  52.259079  65.418883    16.031    15.981 20 55975.21923223 18.207
 134  52.234361  65.418260    17.125    17.166 15 55985.13486618 17.805
 135  52.220104  65.417488    16.645    16.583 13 55995.05049905 18.506
 136  52.234816  65.418214    17.970    18.641 15 56004.96615252 17.667
 137  52.256885  65.418639    15.515    15.670 20 56014.88180275 18.212
 139  52.253964  65.419393    11.408    11.426 21 56034.71309085 31.526
 141  52.194199  65.417008    17.182    17.145  6 56054.54436474 48.454
 142  52.194135  65.416651    18.307    18.315  6 56064.45999936 47.817
 143  52.204533  65.416677    18.465    18.555  8 56074.37564414 30.743
 144  52.208468  65.416889    17.246    17.237 10 56084.29129419 27.365
 145  52.202238  65.416564    17.374    17.547  7 56094.20694089 27.699
 146  52.197542  65.416583    17.352    17.327  6 56104.12258559 24.997
 147  52.201837  65.416465    17.544    17.582  8 56114.03821659 24.158
 148  52.227833  65.417793    12.939    12.935 15 56123.95385746 49.862
 149  52.257061  65.418822    14.959    15.331 20 56133.86949463 31.876
 150  52.260228  65.418332    12.603    12.585 19 56143.78513417 44.375
 151  52.256762  65.418873    15.916    16.315 20 56153.70078433 25.026
 152  52.234803  65.418228    12.607    12.472 16 56163.61643144 49.750
 153  52.216725  65.417286    12.290    12.277 11 56173.53207682 51.215
 154  52.228290  65.417953    15.357    16.409 15 56183.44771992 34.750
 155  52.254155  65.419233    15.570    15.719 21 56193.36336060 31.531
 156  52.259723  65.419087    13.821    13.775 21 56203.27899658 42.770
 157  52.258732  65.419833    13.369    13.374 21 56213.19463032 42.968
 158  52.217028  65.417261    17.526    17.569 12 56223.11025913 25.516
 159  52.194742  65.416768    12.915    12.962  6 56233.02591331 48.953
 160  52.189652  65.416547    11.684    11.672  6 56242.94156504 46.387
 161  52.197486  65.416712    12.304    12.281  7 56252.85721342 46.531
 162  52.200413  65.416449    13.142    13.108  7 56262.77285685 37.023
 164  52.203154  65.416626    13.348    12.938  8 56282.60414082 22.586
 165  52.211278  65.417086    14.625    14.938 10 56292.51979349 21.389
 166  52.232036  65.418015    15.380    15.601 16 56302.43544286 20.366
 167  52.258440  65.419632    14.395    14.704 21 56312.35108857 21.381
 168  52.259123  65.419620    15.373    15.478 21 56322.26672967 19.714
 169  52.237580  65.418284    18.810    19.258 16 56332.18236808 19.304
 170  52.228785  65.418034    16.974    17.073 14 56342.09800724 19.278
 171  52.230293  65.418025    17.177    17.216 14 56352.01364506 17.235
 172  52.256910  65.419929    16.480    16.467 21 56361.92928792 16.650
 173  52.255619  65.419568    16.562    16.554 22 56371.84493709 16.675
 174  52.234411  65.418161    16.941    16.839 16 56381.76058176 16.631
 175  52.205195  65.416737    17.865    17.839  8 56391.67622358 15.647
 176  52.193474  65.416643    11.432    11.428  6 56401.59186545 50.264
 177  52.191263  65.416697    17.241    17.258  6 56411.50750545 29.733
 178  52.196174  65.416557    17.057    17.272  6 56421.42314113 31.114
 179  52.202011  65.416720    16.940    16.964  7 56431.33878098 46.621
 180  52.197280  65.416657    16.942    16.865  7 56441.25443337 28.796
 181  52.193233  65.416526    16.490    16.520  6 56451.17008331 53.335
 182  52.198061  65.416439    16.216    16.211  7 56461.08573172 55.828
 183  52.222602  65.417611    14.428    14.409 13 56471.00137869 44.298
 184  52.256455  65.419831    14.662    14.924 22 56480.91702294 43.360
 185  52.254216  65.419130    12.974    12.019 21 56490.83265987 45.008
 187  52.236270  65.418155    11.084    11.104 16 56510.66392615 51.350
 188  52.233196  65.418059    10.942    10.934 16 56520.57956980 41.355
 189  52.235460  65.418174    14.118    13.846 16 56530.49522339 27.275
 191  52.250542  65.419472    12.756    12.041 21 56550.32651948 35.411
 192  52.216442  65.417186    17.229    17.142 12 56560.24215909 21.026
 193  52.196214  65.416619    17.153    17.196  7 56570.15779901 24.482
 194  52.192477  65.417215    16.505    16.728  6 56580.07343911 24.057
 195  52.194855  65.416827    11.927    11.845  7 56589.98907572 40.303
 196  52.202021  65.416637    12.406    12.405  8 56599.90472244 41.029
 197  52.206252  65.416783    15.482    15.478  8 56609.82037332 51.995
 198  52.197124  65.416555    15.229    15.210  6 56619.73601819 47.680
 199  52.192528  65.416660    14.453    14.463  6 56629.65166034 36.396
 200  52.200565  65.416696    14.004    13.716  7 56639.56730036 25.184
 201  52.234417  65.418198    16.581    16.348 15 56649.48294896 20.506
 202  52.257336  65.418939    16.120    15.935 21 56659.39860224 14.880
 203  52.257958  65.419005    15.634    15.631 21 56669.31424959 15.951
 205  52.200404  65.416444    16.515    16.475  7 56689.14553247 15.878
 206  52.202819  65.416562    16.556    16.683  8 56699.06117332 16.502
 207  52.235606  65.418271    15.883    15.923 15 56708.97681237 16.504
 208  52.259793  65.419577    12.743    12.073 21 56718.89245397 23.689
 209  52.208002  65.415100    88.358    89.380  4 56728.80810145  2.351
 211  52.185468  65.417230    17.327    17.411  5 56748.63939273 13.107
 212  52.182932  65.417204    17.059    17.065  5 56758.55503258 12.669
 213  52.195783  65.417048    16.900    17.041  6 56768.47066771 30.772
 214  52.204515  65.416626    16.310    16.734  8 56778.38631571 27.536
 215  52.202550  65.416499    16.224    15.840  7 56788.30197140 36.944
 216  52.196302  65.416894    20.606    20.608  6 56798.21762323 50.528
 217  52.187731  65.416957    20.489    20.503  6 56808.13326908 40.665
 219  52.220230  65.417414    17.491    17.482 13 56827.96455007 50.018
 220  52.258549  65.418955    88.054    89.912 20 56837.88018764 10.679
 221  52.261711  65.418701    17.320    17.315 20 56847.79581911 27.508
 222  52.255050  65.419916    15.893    15.994 22 56857.71147134 28.847
 223  52.201524  65.416617    16.525    17.124  8 56867.62711976 27.307
 224  52.196313  65.416621    17.206    17.283  6 56877.54277105 25.309
 225  52.209808  65.417071    17.374    17.414  9 56887.45842087 24.132
 226  52.231036  65.417942    13.927    13.568 15 56897.37406872 38.576
 227  52.228694  65.418074    12.005    11.981 14 56907.28971164 40.531
 228  52.196771  65.416806    15.878    16.682  7 56917.20534965 29.322
 229  52.184698  65.417607    13.570    13.315  5 56927.12098761 39.729
 230  52.183247  65.417753    16.756    16.777  5 56937.03662278 25.780
 231  52.194049  65.416960    12.935    12.923  6 56946.95225411 47.691
 232  52.213117  65.417219    12.078    12.080 11 56956.86790999 39.857
 233  52.223231  65.417613    12.691    12.655 14 56966.78355957 38.768
 234  52.202863  65.416443    12.916    12.925  8 56976.69920215 33.326
 235  52.193937  65.416634    13.691    12.957  7 56986.61484135 28.929
 236  52.199324  65.416555    13.845    14.053  7 56996.53047607 28.223
 237  52.234740  65.418214    14.812    15.161 15 57006.44612410 26.005
 238  52.259519  65.418998    13.853    14.311 21 57016.36178073 26.208
 239  52.258538  65.418847    16.214    16.184 21 57026.27743110 18.135
 240  52.230914  65.418041    16.971    16.881 15 57036.19307700 16.491
 241  52.197705  65.416524    17.707    17.655  6 57046.10871975 15.397
 242  52.195810  65.416713    17.916    17.949  7 57056.02436204 14.621
 243  52.216658  65.417354    19.352    19.420 11 57065.94000125 12.796
 244  52.239216  65.418471    19.822    19.907 16 57075.85563613 13.993
 245  52.239451  65.418437    19.790    20.122 17 57085.77126588 13.018
 246  52.198505  65.416654    26.434    29.591  7 57095.68691885 12.589
 247  52.185706  65.417545    22.795    23.342  5 57105.60257407 11.740
 248  52.181426  65.417655    15.558    14.234  5 57115.51822549 18.954
 249  52.190316  65.417178    15.132    14.519  6 57125.43387181 19.096
 250  52.200766  65.416442    17.954    17.902  8 57135.34951296 12.415
