# NaN NaN NaN ;Mean Elev.(m), Avg Gradient(m/km), RMS Gradient(m/km) - SRTM1     
#  -12.985     NaN     NaN ;Mean Elev.(m), Avg Gradient(m/km), RMS Gradient(m/km) - ASTER GDEM
#   24.043  -1.995   4.593 ;Mean Elev.(m), Avg Gradient(m/km), RMS Gradient(m/km) - GMTED2010 
   1    13.117 54665.41932942 26.49  52.523939  66.034625 13.453  280.17  280.40  279.04
   1     8.583 54665.41933001 30.33  52.530366  66.034368   -100  280.17  280.40  279.04
   1     8.691 54665.41933060 34.80  52.536793  66.034111   -100  280.17  280.40  279.04
   1     8.600 54665.41933119 35.30  52.543219  66.033854   -100  280.17  280.40  279.04
   1     8.810 54665.41933178 30.19  52.549646  66.033597 32.573  280.17  280.40  279.04
   2     8.092 54675.33497427 32.86  52.526213  66.035564 23.793 -100.00 -100.00 -100.00
   2     8.206 54675.33497486 32.46  52.532640  66.035308 23.577 -100.00 -100.00 -100.00
   2     8.176 54675.33497545 35.19  52.539067  66.035051 29.791 -100.00 -100.00 -100.00
   2     8.089 54675.33497604 32.62  52.545494  66.034794 23.402 -100.00 -100.00 -100.00
   3     5.578 54685.25061742 25.78  52.525423  66.037224 17.340  268.48  267.26  267.72
   3     6.639 54685.25061801 28.78  52.531850  66.036967 18.457 -100.00 -100.00 -100.00
   3     7.486 54685.25061860 34.71  52.538278  66.036711   -100 -100.00 -100.00 -100.00
   3     7.396 54685.25061920 33.49  52.544705  66.036453 29.816 -100.00 -100.00 -100.00
   4    82.412 54695.16625847 18.66  52.518075  66.038566  8.107 -100.00 -100.00 -100.00
   4    78.821 54695.16625907 20.73  52.524503  66.038310  7.699 -100.00 -100.00 -100.00
   4    75.372 54695.16625966  2.51  52.530931  66.038054 32.000 -100.00 -100.00 -100.00
   5     9.105 54705.08189837 27.86  52.525071  66.037558 21.038  266.31  266.19  265.62
   5     8.328 54705.08189896 30.83  52.531499  66.037302 32.109  266.31  266.19  265.62
   5     8.046 54705.08189955 33.34  52.537926  66.037045   -100 -100.00 -100.00 -100.00
   5     8.873 54705.08190014 25.71  52.544353  66.036788 18.503 -100.00 -100.00 -100.00
   6    10.390 54714.99755022 43.92  52.525742  66.035018 18.267  263.07  262.68  263.15
   6     9.316 54714.99755081 47.23  52.532168  66.034761   -100  263.07  262.68  263.15
   6     9.214 54714.99755140 52.08  52.538595  66.034504 16.323  263.07  262.68  263.15
   6     9.477 54714.99755199 52.71  52.545021  66.034247   -100  263.07  262.68  263.15
   7    10.971 54724.91320044 29.15  52.524881  66.032628 31.579  260.49  260.10  260.89
   7    11.390 54724.91320103 25.36  52.531307  66.032371 18.063 -100.00 -100.00 -100.00
   7    11.234 54724.91320162 25.34  52.537732  66.032114 18.332 -100.00 -100.00 -100.00
   7    11.308 54724.91320221 23.07  52.544158  66.031857 12.810 -100.00 -100.00 -100.00
   7    10.859 54724.91320280 23.49  52.550583  66.031600 12.862 -100.00 -100.00 -100.00
   7    11.412 54724.91320339 23.75  52.557008  66.031342 14.960 -100.00 -100.00 -100.00
   8     8.928 54734.82884920 35.62  52.531015  66.031678   -100  258.38  257.38  258.56
   8     8.855 54734.82884979 32.26  52.537440  66.031421 27.687  258.38  257.38  258.56
   8     8.570 54734.82885038 34.44  52.543866  66.031163   -100  258.38  257.38  258.56
   8     8.640 54734.82885097 31.44  52.550291  66.030906 29.566  258.38  257.38  258.56
   8     8.452 54734.82885156 30.34  52.556716  66.030648 26.251  258.38  257.38  258.56
   9     8.568 54744.74449609 38.75  52.529619  66.033122   -100  261.08  260.83  260.12
   9     8.827 54744.74449668 38.72  52.536045  66.032865   -100  261.08  260.83  260.12
   9     8.805 54744.74449727 36.86  52.542471  66.032608 32.503  261.08  260.83  260.12
   9     8.482 54744.74449786 34.48  52.548896  66.032350 26.839  261.08  260.83  260.12
  10    10.678 54754.66014227 36.93  52.525161  66.034771 24.918  254.66  253.46  255.62
  10    10.668 54754.66014286 37.58  52.531588  66.034514 28.114  254.66  253.46  255.62
  10    10.732 54754.66014345 35.60  52.538015  66.034257 18.605  254.66  253.46  255.62
  10    10.593 54754.66014404 39.62  52.544441  66.034000   -100  254.66  253.46  255.62
  11     8.845 54764.57578783 32.88  52.524578  66.034576   -100  257.06  257.73  259.11
  11     8.627 54764.57578842 34.14  52.531005  66.034319   -100  257.06  257.73  259.11
  11     8.551 54764.57578901 32.99  52.537432  66.034062   -100  257.06  257.73  259.11
  11     8.872 54764.57578960 29.36  52.543859  66.033805 30.132  257.06  257.73  259.11
  11     8.482 54764.57579019 30.70  52.550286  66.033547   -100  257.06  257.73  259.11
  12    73.764 54774.49143084 11.86  52.526004  66.032481 15.487  255.66  254.53  255.39
  12    76.702 54774.49143143  7.65  52.532430  66.032224  9.163 -100.00 -100.00 -100.00
  12    77.557 54774.49143202  3.59  52.538857  66.031967  6.846 -100.00 -100.00 -100.00
  12    77.310 54774.49143262  3.64  52.545283  66.031710  7.139 -100.00 -100.00 -100.00
  12    78.735 54774.49143321  1.62  52.551710  66.031452  4.073 -100.00 -100.00 -100.00
  13     9.302 54784.40707149 41.01  52.529725  66.030544  5.829 -100.00 -100.00 -100.00
  13     9.357 54784.40707208 38.73  52.536151  66.030287   -100 -100.00 -100.00 -100.00
  13     9.388 54784.40707267 36.36  52.542577  66.030030   -100 -100.00 -100.00 -100.00
  13     9.530 54784.40707326 34.35  52.549003  66.029773 28.625 -100.00 -100.00 -100.00
  13     9.241 54784.40707385 35.93  52.555429  66.029515   -100 -100.00 -100.00 -100.00
  13     9.441 54784.40707444 39.60  52.561855  66.029257   -100 -100.00 -100.00 -100.00
  14     8.553 54794.32271021 37.98  52.532757  66.030690   -100  251.52  248.94  243.58
  14     8.912 54794.32271080 40.92  52.539183  66.030433   -100  251.52  248.94  243.58
  14     8.543 54794.32271139 38.70  52.545610  66.030176   -100 -100.00 -100.00 -100.00
  14     8.669 54794.32271198 41.30  52.552036  66.029918   -100 -100.00 -100.00 -100.00
  14     8.709 54794.32271257 44.08  52.558462  66.029660   -100 -100.00 -100.00 -100.00
  17    10.305 54824.06962892 21.40  52.524766  66.035703  9.569 -100.00 -100.00 -100.00
  17     9.999 54824.06962951 21.44  52.531193  66.035446  9.003 -100.00 -100.00 -100.00
  17     9.570 54824.06963010 22.30  52.537620  66.035190 11.899 -100.00 -100.00 -100.00
  17     9.421 54824.06963069 22.22  52.544047  66.034933 10.542 -100.00 -100.00 -100.00
  18    10.667 54833.98526883 20.61  52.523795  66.034694  8.326 -100.00 -100.00 -100.00
  18     9.969 54833.98526942 20.96  52.530222  66.034437  9.596 -100.00 -100.00 -100.00
  18     9.847 54833.98527001 20.62  52.536648  66.034181  9.223 -100.00 -100.00 -100.00
  18     9.488 54833.98527060 20.27  52.543075  66.033924  8.156 -100.00 -100.00 -100.00
  18     9.344 54833.98527119 21.21  52.549501  66.033666  9.840 -100.00 -100.00 -100.00
  19    11.178 54843.90091885 18.24  52.524446  66.034351  5.483  244.84  240.53  226.37
  19    10.872 54843.90091944 17.94  52.530872  66.034094  5.281  244.84  240.53  226.37
  19    10.176 54843.90092003 19.33  52.537299  66.033837  8.443  244.84  240.53  226.37
  19     9.619 54843.90092062 18.84  52.543725  66.033580  6.922  244.84  240.53  226.37
  19     9.197 54843.90092121 19.06  52.550151  66.033322  8.164  244.84  240.53  226.37
  20    11.029 54853.81656784 18.77  52.524875  66.035301  5.819  244.13  237.69  222.68
  20    10.429 54853.81656843 19.15  52.531302  66.035044  7.196  244.13  237.69  222.68
  20    10.236 54853.81656903 19.52  52.537728  66.034787  7.690  244.13  237.69  222.68
  20     9.431 54853.81656962 19.22  52.544155  66.034529  6.422  244.13  237.69  222.68
  21    11.028 54863.73221617 19.11  52.520733  66.037207  6.495  246.22  240.29  222.51
  21    10.855 54863.73221676 18.33  52.527160  66.036951  5.694  246.22  240.29  222.51
  21    10.700 54863.73221735 18.53  52.533588  66.036694  5.661  246.22  240.29  222.51
  21    10.011 54863.73221794 19.60  52.540015  66.036436  8.105  246.22  240.29  222.51
  22    12.100 54873.64786482 17.04  52.522116  66.037839  4.715  249.30  243.77  227.45
  22    11.093 54873.64786541 17.11  52.528544  66.037583  4.490  249.30  243.77  227.45
  22    10.725 54873.64786600 17.40  52.534972  66.037326  4.983  249.30  243.77  227.45
  22    10.829 54873.64786659 16.72  52.541399  66.037068  4.233  249.30  243.77  227.45
  23    10.969 54883.56351121 18.29  52.524449  66.036657  5.359  248.50  241.17  222.74
  23    10.532 54883.56351180 19.36  52.530876  66.036400  7.448 -100.00 -100.00 -100.00
  23    10.544 54883.56351239 17.97  52.537304  66.036143  5.257 -100.00 -100.00 -100.00
  23    10.435 54883.56351298 17.80  52.543731  66.035885  4.990 -100.00 -100.00 -100.00
  24    10.315 54893.47915410 20.89  52.525085  66.034021 10.707  250.26  241.51  222.40
  24    10.691 54893.47915469 18.54  52.531513  66.033764  6.129 -100.00 -100.00 -100.00
  24    10.668 54893.47915528 18.66  52.537940  66.033507  7.429 -100.00 -100.00 -100.00
  24    10.184 54893.47915587 17.90  52.544366  66.033250  6.494 -100.00 -100.00 -100.00
  24    11.316 54893.47915646 17.31  52.550793  66.032992  5.094 -100.00 -100.00 -100.00
  25    11.276 54903.39479449 18.34  52.528050  66.031672  6.067 -100.00 -100.00 -100.00
  25    10.584 54903.39479508 18.03  52.534476  66.031415  5.468 -100.00 -100.00 -100.00
  25    10.605 54903.39479567 18.30  52.540903  66.031158  6.620 -100.00 -100.00 -100.00
  25    10.724 54903.39479626 18.09  52.547329  66.030900  5.212 -100.00 -100.00 -100.00
  25    11.422 54903.39479685 17.32  52.553755  66.030642  4.676 -100.00 -100.00 -100.00
  26    10.637 54913.31043338 19.45  52.528615  66.031519  8.230 -100.00 -100.00 -100.00
  26    10.505 54913.31043397 18.96  52.535042  66.031262  6.949 -100.00 -100.00 -100.00
  26     9.499 54913.31043456 18.44  52.541468  66.031005  7.225 -100.00 -100.00 -100.00
  26     9.378 54913.31043515 19.25  52.547894  66.030747  8.709 -100.00 -100.00 -100.00
  26     9.157 54913.31043574 18.48  52.554320  66.030489  7.194 -100.00 -100.00 -100.00
  27    19.960 54923.22607150 13.24  52.529327  66.033029  3.991  253.35  246.37  233.33
  27    18.223 54923.22607209 14.28  52.535754  66.032772  5.261  253.35  246.37  233.33
  27    16.286 54923.22607268 14.83  52.542180  66.032514  6.254  253.35  246.37  233.33
  27    15.096 54923.22607327 15.08  52.548607  66.032257  6.224  253.35  246.37  233.33
  27    13.917 54923.22607386 15.87  52.555033  66.031999  7.290  253.35  246.37  233.33
  28    19.005 54933.14170869 14.21  52.528493  66.034589  3.978  247.66  238.12  218.57
  28    17.906 54933.14170929 14.34  52.534920  66.034332  3.990  247.66  238.12  218.57
  28    17.181 54933.14170988 14.42  52.541346  66.034075  4.035  247.66  238.12  218.57
  28    15.385 54933.14171047 14.15  52.547773  66.033817  4.506  247.66  238.12  218.57
  29    13.483 54943.05734408 12.72  52.527792  66.034527  4.313 -100.00 -100.00 -100.00
  29    12.343 54943.05734467 13.08  52.534218  66.034271  4.644 -100.00 -100.00 -100.00
  29    15.375 54943.05734526 12.73  52.540644  66.034014  4.306 -100.00 -100.00 -100.00
  29    13.468 54943.05734585 13.14  52.547071  66.033756  4.612 -100.00 -100.00 -100.00
  30    13.720 54952.97297772 13.83  52.528936  66.032851  3.935  235.96  220.64  199.49
  30    14.319 54952.97297831 13.97  52.535362  66.032595  4.826  235.96  220.64  199.49
  30    14.743 54952.97297890 15.63  52.541787  66.032338  6.125  235.96  220.64  199.49
  30    10.748 54952.97297949 15.82  52.548213  66.032081  6.916  235.96  220.64  199.49
  30    11.629 54952.97298008 15.86  52.554638  66.031824  6.506  235.96  220.64  199.49
  31     7.756 54962.88862168 30.94  52.531223  66.030913   -100  266.90  266.17  264.81
  31     7.784 54962.88862228 32.24  52.537648  66.030657 32.323 -100.00 -100.00 -100.00
  31     7.709 54962.88862287 32.59  52.544073  66.030400   -100 -100.00 -100.00 -100.00
  31     7.799 54962.88862346 28.81  52.550498  66.030143 25.663 -100.00 -100.00 -100.00
  31     8.292 54962.88862405 27.44  52.556923  66.029885 20.097 -100.00 -100.00 -100.00
  32    13.662 54972.80427037 44.92  52.532759  66.030949   -100 -100.00 -100.00 -100.00
  32    13.851 54972.80427096 44.09  52.539185  66.030692 25.494 -100.00 -100.00 -100.00
  32    13.586 54972.80427155 47.38  52.545610  66.030435 30.704 -100.00 -100.00 -100.00
  32    13.530 54972.80427215 51.91  52.552034  66.030177   -100 -100.00 -100.00 -100.00
  32    13.197 54972.80427274 55.06  52.558459  66.029920  5.386 -100.00 -100.00 -100.00
  34    15.579 54992.63556440 41.46  52.523539  66.035151 26.497  249.96  249.48  252.50
  34    15.358 54992.63556499 42.68  52.529965  66.034894 28.855  249.96  249.48  252.50
  34    15.502 54992.63556558 47.94  52.536392  66.034638   -100  249.96  249.48  252.50
  34    15.683 54992.63556617 48.99  52.542818  66.034381   -100 -100.00 -100.00 -100.00
  35    15.042 55002.55121107 37.29  52.525411  66.035711 32.627  255.09  254.84  256.60
  35    14.970 55002.55121166 36.97  52.531838  66.035455   -100  255.09  254.84  256.60
  35    14.891 55002.55121225 34.21  52.538265  66.035198 20.323  255.09  254.84  256.60
  35    14.806 55002.55121284 35.09  52.544691  66.034941 24.611  255.09  254.84  256.60
  37     9.361 55022.38249879 31.19  52.523697  66.034749 26.373 -100.00 -100.00 -100.00
  37     8.899 55022.38249938 37.26  52.530124  66.034492   -100 -100.00 -100.00 -100.00
  37     8.755 55022.38249997 36.67  52.536550  66.034235   -100 -100.00 -100.00 -100.00
  37     9.055 55022.38250056 34.39  52.542977  66.033978   -100 -100.00 -100.00 -100.00
  37     8.734 55022.38250115 32.74  52.549404  66.033720   -100 -100.00 -100.00 -100.00
  39     8.154 55042.21378277 37.45  52.523129  66.036625   -100  273.44  272.37  272.80
  39     8.046 55042.21378336 41.79  52.529557  66.036369   -100 -100.00 -100.00 -100.00
  39     8.046 55042.21378395 42.18  52.535984  66.036112   -100 -100.00 -100.00 -100.00
  39     7.936 55042.21378454 42.57  52.542411  66.035855   -100 -100.00 -100.00 -100.00
  40     7.416 55052.12942308 35.94  52.524986  66.037305   -100 -100.00 -100.00 -100.00
  40     7.108 55052.12942367 37.23  52.531413  66.037048   -100 -100.00 -100.00 -100.00
  40     7.121 55052.12942426 35.91  52.537840  66.036791   -100 -100.00 -100.00 -100.00
  40     7.440 55052.12942485 30.74  52.544267  66.036534 29.484 -100.00 -100.00 -100.00
  41     6.896 55062.04506110 43.33  52.525291  66.036276 30.698  270.25  270.75  270.26
  41     6.716 55062.04506169 37.75  52.531718  66.036020   -100 -100.00 -100.00 -100.00
  41     6.967 55062.04506228 34.30  52.538145  66.035763 30.567 -100.00 -100.00 -100.00
  41     7.163 55062.04506287 33.05  52.544572  66.035506 28.490 -100.00 -100.00 -100.00
  42     7.520 55071.96070442 41.05  52.524575  66.033950 23.018  264.41  264.32  263.88
  42     6.884 55071.96070501 41.84  52.531001  66.033693   -100  264.41  264.32  263.88
  42     6.991 55071.96070560 38.39  52.537427  66.033436   -100  264.41  264.32  263.88
  42     7.374 55071.96070619 36.84  52.543853  66.033179   -100 -100.00 -100.00 -100.00
  42     7.123 55071.96070678 45.17  52.550279  66.032922   -100 -100.00 -100.00 -100.00
  43     7.271 55081.87635378 43.14  52.532565  66.031485   -100 -100.00 -100.00 -100.00
  43     7.191 55081.87635437 38.72  52.538991  66.031228   -100 -100.00 -100.00 -100.00
  43     7.387 55081.87635497 37.52  52.545416  66.030971   -100 -100.00 -100.00 -100.00
  43     7.323 55081.87635556 41.73  52.551841  66.030713   -100 -100.00 -100.00 -100.00
  43     7.146 55081.87635615 32.81  52.558266  66.030456 27.144 -100.00 -100.00 -100.00
  44     7.106 55091.79200076 43.29  52.532852  66.031166   -100 -100.00 -100.00 -100.00
  44     7.653 55091.79200135 35.96  52.539278  66.030908   -100 -100.00 -100.00 -100.00
  44     7.467 55091.79200194 32.97  52.545703  66.030651 30.007 -100.00 -100.00 -100.00
  44     8.573 55091.79200253 28.97  52.552128  66.030393 22.756 -100.00 -100.00 -100.00
  44     8.455 55091.79200312 27.07  52.558553  66.030136 18.746 -100.00 -100.00 -100.00
  45     9.183 55101.70764654 41.11  52.525765  66.032700 23.158 -100.00 -100.00 -100.00
  45     8.770 55101.70764713 41.13  52.532191  66.032444 24.338 -100.00 -100.00 -100.00
  45     8.588 55101.70764772 44.27  52.538617  66.032187   -100 -100.00 -100.00 -100.00
  45     8.565 55101.70764831 44.87  52.545043  66.031929   -100 -100.00 -100.00 -100.00
  45     8.421 55101.70764891 37.77  52.551469  66.031671   -100 -100.00 -100.00 -100.00
  46     9.650 55111.62329277 41.08  52.527690  66.034081 21.299 -100.00 -100.00 -100.00
  46     8.859 55111.62329336 45.55  52.534117  66.033824   -100 -100.00 -100.00 -100.00
  46     8.689 55111.62329395 39.74  52.540543  66.033567   -100 -100.00 -100.00 -100.00
  46     8.946 55111.62329454 33.18  52.546970  66.033310 23.351 -100.00 -100.00 -100.00
  47     9.689 55121.53893665 32.46  52.526984  66.034036 17.495  256.03  255.51  257.17
  47    10.251 55121.53893724 26.90  52.533411  66.033779  6.691  256.03  255.51  257.17
  47     9.827 55121.53893783 27.77  52.539838  66.033522  5.760  256.03  255.51  257.17
  47     9.871 55121.53893842 27.40  52.546265  66.033264  6.022  256.03  255.51  257.17
  48     8.701 55131.45457797 40.87  52.529079  66.032409 26.420 -100.00 -100.00 -100.00
  48     8.546 55131.45457856 43.16  52.535506  66.032152   -100 -100.00 -100.00 -100.00
  48     8.661 55131.45457915 46.87  52.541932  66.031895   -100 -100.00 -100.00 -100.00
  48     8.766 55131.45457974 48.29  52.548359  66.031637   -100 -100.00 -100.00 -100.00
  48     8.588 55131.45458033 50.45  52.554785  66.031380   -100 -100.00 -100.00 -100.00
  49     7.385 55141.37021711 32.77  52.528931  66.030782 17.045  260.31  258.68  257.75
  49     7.051 55141.37021770 34.25  52.535358  66.030525 24.394  260.31  258.68  257.75
  49     7.304 55141.37021829 33.56  52.541784  66.030267 19.749  260.31  258.68  257.75
  49     7.347 55141.37021888 37.09  52.548210  66.030010   -100  260.31  258.68  257.75
  49     7.545 55141.37021947 39.80  52.554636  66.029752   -100  260.31  258.68  257.75
  49     8.040 55141.37022006 41.12  52.561062  66.029494 22.734  260.31  258.68  257.75
  50     9.052 55151.28585563 31.68  52.529987  66.030932 18.884  254.95  251.88  248.60
  50     8.044 55151.28585622 34.74  52.536414  66.030675   -100 -100.00 -100.00 -100.00
  50     8.617 55151.28585681 30.02  52.542840  66.030418 15.053 -100.00 -100.00 -100.00
  50     8.301 55151.28585740 33.70  52.549266  66.030160 26.715 -100.00 -100.00 -100.00
  50     8.196 55151.28585799 36.05  52.555692  66.029903   -100 -100.00 -100.00 -100.00
  50     8.613 55151.28585858 37.98  52.562118  66.029645 27.783 -100.00 -100.00 -100.00
  51    10.158 55161.20149392 26.77  52.527485  66.032913  9.595 -100.00 -100.00 -100.00
  51     9.591 55161.20149451 26.40  52.533912  66.032656 10.106 -100.00 -100.00 -100.00
  51     9.039 55161.20149510 27.27  52.540339  66.032399 11.400 -100.00 -100.00 -100.00
  51     8.665 55161.20149569 28.05  52.546765  66.032142 12.961 -100.00 -100.00 -100.00
  51     8.422 55161.20149628 31.66  52.553192  66.031884 21.315 -100.00 -100.00 -100.00
  52    10.708 55171.11713186 25.04  52.525585  66.035042  8.417 -100.00 -100.00 -100.00
  52    10.409 55171.11713245 25.42  52.532012  66.034785  9.378 -100.00 -100.00 -100.00
  52     9.756 55171.11713305 26.13  52.538439  66.034529 11.497 -100.00 -100.00 -100.00
  52     9.048 55171.11713364 25.51  52.544866  66.034271  9.714 -100.00 -100.00 -100.00
  53    11.051 55181.03276833 21.22  52.523593  66.036082  7.719 -100.00 -100.00 -100.00
  53    10.824 55181.03276892 20.88  52.530020  66.035826  6.144 -100.00 -100.00 -100.00
  53    10.224 55181.03276951 21.16  52.536447  66.035569  6.117 -100.00 -100.00 -100.00
  53     9.576 55181.03277010 20.90  52.542875  66.035312  6.254 -100.00 -100.00 -100.00
  54    11.182 55190.94841745 18.46  52.526732  66.035479  5.693 -100.00 -100.00 -100.00
  54    10.561 55190.94841804 18.99  52.533159  66.035223  6.156 -100.00 -100.00 -100.00
  54     9.939 55190.94841863 19.29  52.539586  66.034966  5.362 -100.00 -100.00 -100.00
  54     9.398 55190.94841922 19.24  52.546012  66.034709  6.373 -100.00 -100.00 -100.00
  55    11.197 55200.86406744 17.88  52.523699  66.035383  4.138 -100.00 -100.00 -100.00
  55    10.797 55200.86406803 18.80  52.530126  66.035126  5.908 -100.00 -100.00 -100.00
  55    10.493 55200.86406862 18.49  52.536552  66.034869  5.215 -100.00 -100.00 -100.00
  55    10.108 55200.86406921 18.37  52.542979  66.034612  5.653 -100.00 -100.00 -100.00
  56    11.173 55210.77971721 18.23  52.525713  66.035669  6.557 -100.00 -100.00 -100.00
  56    11.020 55210.77971780 18.52  52.532140  66.035412  5.557 -100.00 -100.00 -100.00
  56    10.895 55210.77971839 17.90  52.538567  66.035155  5.702 -100.00 -100.00 -100.00
  56    11.436 55210.77971898 17.88  52.544993  66.034898  6.237 -100.00 -100.00 -100.00
  57    10.984 55220.69536627 18.38  52.525341  66.036340  5.654 -100.00 -100.00 -100.00
  57    10.631 55220.69536686 19.19  52.531768  66.036083  6.808 -100.00 -100.00 -100.00
  57    10.774 55220.69536746 18.62  52.538195  66.035826  6.106 -100.00 -100.00 -100.00
  57    11.191 55220.69536805 18.22  52.544622  66.035568  5.571 -100.00 -100.00 -100.00
  58    10.912 55230.61101444 18.64  52.526320  66.035901  5.491  253.37  245.84  225.57
  58    10.611 55230.61101503 18.93  52.532748  66.035644  6.655  253.37  245.84  225.57
  58    10.003 55230.61101562 18.68  52.539175  66.035387  5.798  253.37  245.84  225.57
  58    10.909 55230.61101621 19.22  52.545602  66.035130  7.743  253.37  245.84  225.57
  59    11.035 55240.52665904 18.52  52.523377  66.034801  4.827 -100.00 -100.00 -100.00
  59    10.699 55240.52665963 18.91  52.529805  66.034544  5.474 -100.00 -100.00 -100.00
  59    10.353 55240.52666022 19.11  52.536232  66.034287  6.781 -100.00 -100.00 -100.00
  59    10.630 55240.52666081 18.96  52.542659  66.034030  6.520 -100.00 -100.00 -100.00
  59    10.725 55240.52666140 18.82  52.549085  66.033772  5.713 -100.00 -100.00 -100.00
  60    10.996 55250.44230079 18.62  52.528136  66.032842  5.315 -100.00 -100.00 -100.00
  60    10.256 55250.44230138 18.99  52.534563  66.032585  5.502 -100.00 -100.00 -100.00
  60     9.879 55250.44230197 19.03  52.540989  66.032328  6.623 -100.00 -100.00 -100.00
  60     9.821 55250.44230256 17.99  52.547416  66.032070  5.040 -100.00 -100.00 -100.00
  60     9.130 55250.44230315 18.18  52.553842  66.031812  5.334 -100.00 -100.00 -100.00
  61    10.307 55260.35794002 19.16  52.530363  66.031620  9.032 -100.00 -100.00 -100.00
  61    10.208 55260.35794061 17.46  52.536790  66.031363  6.479 -100.00 -100.00 -100.00
  61    10.205 55260.35794120 16.85  52.543216  66.031105  4.947 -100.00 -100.00 -100.00
  61    11.010 55260.35794179 16.49  52.549642  66.030847  5.223 -100.00 -100.00 -100.00
  61    11.040 55260.35794238 16.95  52.556068  66.030589  5.735 -100.00 -100.00 -100.00
  62     9.948 55270.27357790 19.37  52.526885  66.031946  9.107  252.49  241.45  217.04
  62     9.540 55270.27357849 21.72  52.533312  66.031689 13.100  252.49  241.45  217.04
  62     9.598 55270.27357908 20.08  52.539738  66.031432  8.831  252.49  241.45  217.04
  62     8.763 55270.27357967 21.17  52.546164  66.031175 12.628  252.49  241.45  217.04
  62    10.134 55270.27358026 16.55  52.552590  66.030917  4.199  252.49  241.45  217.04
  62     9.178 55270.27358085 17.60  52.559016  66.030659  6.478  252.49  241.45  217.04
  63    11.144 55280.18921613 15.62  52.528210  66.032846  4.445  250.23  237.54  212.64
  63    10.671 55280.18921672 15.96  52.534636  66.032589  4.785  250.23  237.54  212.64
  63    10.191 55280.18921731 15.67  52.541063  66.032332  4.640  250.23  237.54  212.64
  63    10.323 55280.18921790 15.42  52.547489  66.032074  3.935  250.23  237.54  212.64
  63    11.349 55280.18921849 15.48  52.553915  66.031817  4.423  250.23  237.54  212.64
  64     9.528 55290.10485304 15.51  52.528630  66.033545 12.213  265.81  264.75  264.08
  64     4.977 55290.10485363 20.00  52.535056  66.033288 23.929  265.81  264.75  264.08
  64    10.389 55290.10485422 13.02  52.541483  66.033031  7.221 -100.00 -100.00 -100.00
  64    11.772 55290.10485481 11.37  52.547909  66.032774  5.861 -100.00 -100.00 -100.00
  65    11.377 55300.02048742 15.39  52.526903  66.033569  6.686  246.92  229.67  201.38
  65    10.432 55300.02048801 16.74  52.533329  66.033312  8.916  246.92  229.67  201.38
  65    10.825 55300.02048860 16.06  52.539755  66.033055  7.188  246.92  229.67  201.38
  65    10.027 55300.02048919 16.90  52.546181  66.032798  8.820  246.92  229.67  201.38
  65    11.126 55300.02048978 17.09  52.552607  66.032541 10.609 -100.00 -100.00 -100.00
  66    13.668 55309.93613274 34.13  52.526788  66.032466 14.790 -100.00 -100.00 -100.00
  66     9.232 55309.93613333 35.15  52.533214  66.032209 17.473 -100.00 -100.00 -100.00
  66     8.961 55309.93613392 36.90  52.539639  66.031952 26.404 -100.00 -100.00 -100.00
  66     8.763 55309.93613451 37.61  52.546065  66.031695 26.649 -100.00 -100.00 -100.00
  66     8.771 55309.93613510 33.68  52.552490  66.031438 17.266 -100.00 -100.00 -100.00
  67    11.726 55319.85177899 37.05  52.532065  66.031390 28.772  250.21  250.09  250.80
  67    11.787 55319.85177958 44.07  52.538490  66.031133   -100  250.21  250.09  250.80
  67    11.961 55319.85178017 43.29  52.544915  66.030876   -100  250.21  250.09  250.80
  67    12.017 55319.85178076 45.63  52.551340  66.030618 30.155  250.21  250.09  250.80
  67    11.879 55319.85178135 47.45  52.557765  66.030361   -100 -100.00 -100.00 -100.00
  68    14.169 55329.76742343 48.82  52.529588  66.031762   -100 -100.00 -100.00 -100.00
  68    14.189 55329.76742402 46.09  52.536013  66.031505   -100 -100.00 -100.00 -100.00
  68    14.221 55329.76742462 51.56  52.542438  66.031248   -100 -100.00 -100.00 -100.00
  68    14.285 55329.76742521 50.50  52.548863  66.030990   -100 -100.00 -100.00 -100.00
  68    14.281 55329.76742580 53.50  52.555288  66.030733   -100 -100.00 -100.00 -100.00
  70    13.547 55349.59871136 30.73  52.523242  66.034873 25.205  261.68  260.87  262.44
  70    13.415 55349.59871195 30.42  52.529668  66.034616 27.527  261.68  260.87  262.44
  70    13.263 55349.59871254 26.90  52.536095  66.034360 16.732  261.68  260.87  262.44
  70    13.284 55349.59871313 24.47  52.542521  66.034102  9.951  261.68  260.87  262.44
  70    13.349 55349.59871372 25.32  52.548947  66.033845 10.261  261.68  260.87  262.44
  71    79.451 55359.51435345  0.79  52.523037  66.035631  2.279 -100.00 -100.00 -100.00
  71    57.429 55359.51435404 13.20  52.529464  66.035375  6.493 -100.00 -100.00 -100.00
  71    56.051 55359.51435463 11.72  52.535890  66.035118  4.148 -100.00 -100.00 -100.00
  71    55.167 55359.51435522 15.52  52.542317  66.034861  8.482 -100.00 -100.00 -100.00
  72    12.303 55369.42999335 30.50  52.522345  66.035742 26.267 -100.00 -100.00 -100.00
  72    11.367 55369.42999394 29.11  52.528772  66.035485 26.276 -100.00 -100.00 -100.00
  72    12.360 55369.42999453 24.14  52.535199  66.035229 12.530 -100.00 -100.00 -100.00
  72    11.046 55369.42999512 25.73  52.541625  66.034972 14.939 -100.00 -100.00 -100.00
  73    11.921 55379.34563184 30.08  52.522317  66.035851 14.467  268.80  269.22  269.06
  73     9.722 55379.34563243 29.82  52.528744  66.035595 13.741  268.80  269.22  269.06
  73     9.834 55379.34563302 30.76  52.535171  66.035338 13.705 -100.00 -100.00 -100.00
  73     9.578 55379.34563361 34.07  52.541598  66.035081 24.532 -100.00 -100.00 -100.00
  74    12.110 55389.26126962 28.47  52.522361  66.036313 18.428 -100.00 -100.00 -100.00
  74     9.587 55389.26127021 27.74  52.528788  66.036057 24.952 -100.00 -100.00 -100.00
  74    11.169 55389.26127080 25.19  52.535215  66.035800 18.128 -100.00 -100.00 -100.00
  74    10.444 55389.26127139 24.89  52.541642  66.035543 17.418 -100.00 -100.00 -100.00
  75     7.843 55399.17690676 37.44  52.526316  66.036420 27.693 -100.00 -100.00 -100.00
  75     8.125 55399.17690736 37.75  52.532743  66.036164 30.230 -100.00 -100.00 -100.00
  75     8.069 55399.17690795 38.18  52.539170  66.035907 32.373 -100.00 -100.00 -100.00
  75     8.012 55399.17690854 42.41  52.545597  66.035650   -100 -100.00 -100.00 -100.00
  76     7.604 55409.09255267 39.02  52.522165  66.035779   -100 -100.00 -100.00 -100.00
  76     7.614 55409.09255326 35.61  52.528591  66.035523   -100 -100.00 -100.00 -100.00
  76     7.622 55409.09255385 34.58  52.535018  66.035266   -100 -100.00 -100.00 -100.00
  76     7.690 55409.09255444 33.84  52.541444  66.035010   -100 -100.00 -100.00 -100.00
  77     8.180 55419.00820370 41.24  52.525717  66.033839 19.990 -100.00 -100.00 -100.00
  77     7.107 55419.00820429 42.03  52.532143  66.033583   -100 -100.00 -100.00 -100.00
  77     7.471 55419.00820488 36.47  52.538569  66.033326 27.317 -100.00 -100.00 -100.00
  77     7.777 55419.00820547 39.11  52.544995  66.033069 30.189 -100.00 -100.00 -100.00
  77     7.375 55419.00820606 41.11  52.551421  66.032812   -100 -100.00 -100.00 -100.00
  78     7.483 55428.92385124 40.37  52.528286  66.032119 29.608 -100.00 -100.00 -100.00
  78     7.259 55428.92385183 37.60  52.534712  66.031862   -100 -100.00 -100.00 -100.00
  78     7.834 55428.92385242 34.21  52.541137  66.031605 32.201 -100.00 -100.00 -100.00
  78     7.553 55428.92385301 35.09  52.547562  66.031348   -100 -100.00 -100.00 -100.00
  78     7.264 55428.92385360 39.86  52.553987  66.031090  2.411 -100.00 -100.00 -100.00
  79     9.908 55438.83949608 28.40  52.530321  66.031733 20.778 -100.00 -100.00 -100.00
  79     9.202 55438.83949667 29.36  52.536746  66.031476 24.175 -100.00 -100.00 -100.00
  79     7.885 55438.83949726 33.34  52.543172  66.031219   -100 -100.00 -100.00 -100.00
  79     7.980 55438.83949785 33.29  52.549597  66.030961   -100 -100.00 -100.00 -100.00
  79     8.555 55438.83949844 28.37  52.556022  66.030703 24.110 -100.00 -100.00 -100.00
  80    11.119 55448.75513925 25.10  52.529908  66.032535 14.337  259.54  258.44  259.59
  80     9.739 55448.75513984 27.72  52.536333  66.032278 21.933  259.54  258.44  259.59
  80    10.128 55448.75514043 26.21  52.542759  66.032020 16.514  259.54  258.44  259.59
  80     9.786 55448.75514102 26.34  52.549184  66.031763 16.814  259.54  258.44  259.59
  80    10.423 55448.75514161 23.89  52.555610  66.031505 12.292  259.54  258.44  259.59
  81     9.157 55458.67078214 41.32  52.529773  66.033216 18.544 -100.00 -100.00 -100.00
  81     8.557 55458.67078273 45.38  52.536199  66.032959   -100 -100.00 -100.00 -100.00
  81     8.789 55458.67078332 50.91  52.542625  66.032702 14.464 -100.00 -100.00 -100.00
  81     8.727 55458.67078391 50.80  52.549051  66.032444   -100 -100.00 -100.00 -100.00
  82    55.240 55468.58642383 16.33  52.524797  66.033378  7.055 -100.00 -100.00 -100.00
  82    55.866 55468.58642442 19.73  52.531223  66.033121  8.042 -100.00 -100.00 -100.00
  82    55.325 55468.58642501 20.88  52.537650  66.032864   -100 -100.00 -100.00 -100.00
  82    73.161 55468.58642561  0.17  52.544076  66.032607 11.130 -100.00 -100.00 -100.00
  82    53.280 55468.58642620  1.53  52.550502  66.032350 10.105 -100.00 -100.00 -100.00
  83    49.985 55478.50206320 15.89  52.529622  66.032387 25.588 -100.00 -100.00 -100.00
  83    52.497 55478.50206379 16.90  52.536048  66.032130 15.696 -100.00 -100.00 -100.00
  83    52.454 55478.50206438  3.14  52.542474  66.031873 14.105 -100.00 -100.00 -100.00
  84    10.155 55488.41769927 28.99  52.531044  66.031697 23.840 -100.00 -100.00 -100.00
  84    10.755 55488.41769986 25.68  52.537470  66.031440 16.000 -100.00 -100.00 -100.00
  84    10.248 55488.41770045 26.55  52.543897  66.031183 19.574 -100.00 -100.00 -100.00
  84     9.966 55488.41770104 25.48  52.550323  66.030926 16.164 -100.00 -100.00 -100.00
  84     9.913 55488.41770163 25.43  52.556749  66.030668 16.232 -100.00 -100.00 -100.00
  85    84.611 55498.33333245 11.18  52.525849  66.031976  8.358  256.14  255.08  255.26
  85    83.844 55498.33333304  5.12  52.532276  66.031720  8.858  256.14  255.08  255.26
  86     9.297 55508.24897132 42.52  52.529107  66.032984 29.690 -100.00 -100.00 -100.00
  86     9.143 55508.24897191 42.97  52.535534  66.032727   -100 -100.00 -100.00 -100.00
  86     9.244 55508.24897250 45.56  52.541960  66.032470   -100 -100.00 -100.00 -100.00
  86     9.235 55508.24897309 47.61  52.548387  66.032213 32.534 -100.00 -100.00 -100.00
  86     9.258 55508.24897369 50.19  52.554813  66.031956   -100 -100.00 -100.00 -100.00
  87     9.649 55518.16462134 42.39  52.526717  66.034126   -100  257.35  255.79  255.48
  87     9.554 55518.16462193 43.39  52.533144  66.033870   -100  257.35  255.79  255.48
  87     9.486 55518.16462252 43.63  52.539571  66.033613   -100 -100.00 -100.00 -100.00
  87     9.508 55518.16462311 37.57  52.545998  66.033356 27.966 -100.00 -100.00 -100.00
  88    10.546 55528.08027029 29.10  52.522612  66.035098 13.399  246.54  243.09  240.42
  88    10.288 55528.08027088 31.89  52.529039  66.034842 21.659  246.54  243.09  240.42
  88    10.438 55528.08027147 31.20  52.535466  66.034585 20.862  246.54  243.09  240.42
  88    10.520 55528.08027206 30.81  52.541892  66.034328 19.679  246.54  243.09  240.42
  88    10.447 55528.08027265 32.69  52.548319  66.034070 23.885  246.54  243.09  240.42
  89    10.085 55537.99591821 28.81  52.527998  66.035092 16.074  253.56  251.12  248.39
  89    10.036 55537.99591880 27.17  52.534425  66.034835 12.288  253.56  251.12  248.39
  89     9.808 55537.99591939 28.47  52.540852  66.034578 15.022  253.56  251.12  248.39
  89     9.894 55537.99591998 27.60  52.547279  66.034321 13.818  253.56  251.12  248.39
  90    10.836 55547.91156301 23.73  52.524142  66.035349  8.533 -100.00 -100.00 -100.00
  90    10.594 55547.91156360 23.20  52.530569  66.035093  8.096 -100.00 -100.00 -100.00
  90     9.874 55547.91156419 23.59  52.536996  66.034836  8.477 -100.00 -100.00 -100.00
  90     9.532 55547.91156479 23.39  52.543422  66.034578  8.479 -100.00 -100.00 -100.00
  91    10.912 55557.82720644 22.28  52.524764  66.035761  6.711 -100.00 -100.00 -100.00
  91    10.311 55557.82720703 22.91  52.531191  66.035504  8.343 -100.00 -100.00 -100.00
  91    10.266 55557.82720762 22.45  52.537618  66.035247  6.774 -100.00 -100.00 -100.00
  91     9.446 55557.82720821 22.68  52.544044  66.034990  7.791 -100.00 -100.00 -100.00
  92    10.793 55567.74284915 21.88  52.527271  66.036341  6.733  252.79  248.11  239.28
  92    10.372 55567.74284974 21.83  52.533698  66.036085  6.284  252.79  248.11  239.28
  92     9.793 55567.74285033 22.00  52.540125  66.035827  7.506  252.79  248.11  239.28
  92     9.308 55567.74285092 22.06  52.546552  66.035570  7.644  252.79  248.11  239.28
  93    10.458 55577.65849072 20.95  52.525748  66.036248  6.651  257.34  252.95  244.17
  93    10.438 55577.65849131 20.85  52.532176  66.035991  5.788  257.34  252.95  244.17
  93    10.131 55577.65849191 20.41  52.538603  66.035734  6.081  257.34  252.95  244.17
  93     9.366 55577.65849250 21.34  52.545030  66.035477  7.421 -100.00 -100.00 -100.00
  94    10.648 55587.57413047 20.94  52.527310  66.034708  6.211  253.08  247.46  233.33
  94    10.761 55587.57413106 20.58  52.533737  66.034452  6.232  253.08  247.46  233.33
  94     9.738 55587.57413165 21.32  52.540164  66.034195  8.123  253.08  247.46  233.33
  94     9.196 55587.57413224 21.32  52.546591  66.033937  7.702  253.08  247.46  233.33
  95    10.924 55597.48976677 20.10  52.524657  66.032783  5.355 -100.00 -100.00 -100.00
  95    10.237 55597.48976736 20.63  52.531083  66.032527  6.670 -100.00 -100.00 -100.00
  95    10.085 55597.48976795 20.10  52.537510  66.032270  5.429 -100.00 -100.00 -100.00
  95     9.388 55597.48976854 20.53  52.543937  66.032013  6.385 -100.00 -100.00 -100.00
  95     9.243 55597.48976913 19.59  52.550363  66.031756  5.548 -100.00 -100.00 -100.00
  95     9.934 55597.48976972 19.53  52.556790  66.031498  6.275 -100.00 -100.00 -100.00
  96    10.730 55607.40540102 20.79  52.530153  66.031536  7.963 -100.00 -100.00 -100.00
  96    10.111 55607.40540161 19.74  52.536579  66.031279  5.416 -100.00 -100.00 -100.00
  96     9.588 55607.40540220 19.60  52.543006  66.031023  5.438 -100.00 -100.00 -100.00
  96     9.352 55607.40540279 18.91  52.549432  66.030765  4.576 -100.00 -100.00 -100.00
  96     9.346 55607.40540338 18.87  52.555858  66.030508  5.006 -100.00 -100.00 -100.00
  97    10.657 55617.32103260 19.12  52.528723  66.032091  5.597  252.89  243.69  222.87
  97     9.959 55617.32103319 19.87  52.535149  66.031834  7.773  252.89  243.69  222.87
  97     9.867 55617.32103378 19.27  52.541576  66.031578  5.625  252.89  243.69  222.87
  97     9.577 55617.32103437 18.77  52.548002  66.031321  4.743  252.89  243.69  222.87
  97     9.233 55617.32103496 18.76  52.554429  66.031063  5.788  252.89  243.69  222.87
  98    10.942 55627.23667698 18.52  52.525518  66.033735  6.717  253.50  244.04  223.48
  98    10.344 55627.23667757 18.67  52.531945  66.033479  6.215 -100.00 -100.00 -100.00
  98     9.835 55627.23667816 18.66  52.538372  66.033222  6.562 -100.00 -100.00 -100.00
  98     9.553 55627.23667875 17.84  52.544798  66.032965  5.111 -100.00 -100.00 -100.00
  98     9.299 55627.23667934 18.03  52.551225  66.032708  5.319 -100.00 -100.00 -100.00
  99    10.436 55637.15232849 19.06  52.524853  66.034279  8.589 -100.00 -100.00 -100.00
  99    10.570 55637.15232908 18.29  52.531279  66.034022  5.746 -100.00 -100.00 -100.00
  99     9.978 55637.15232967 17.65  52.537706  66.033766  5.735 -100.00 -100.00 -100.00
  99     9.449 55637.15233026 17.98  52.544133  66.033509  5.880 -100.00 -100.00 -100.00
  99     9.319 55637.15233085 17.70  52.550559  66.033251  6.290 -100.00 -100.00 -100.00
 100    10.449 55647.06797852 17.65  52.529868  66.033347  5.960  252.84  241.65  217.87
 100    10.180 55647.06797911 17.06  52.536294  66.033091  5.221  252.84  241.65  217.87
 100     9.717 55647.06797970 16.74  52.542720  66.032834  4.628 -100.00 -100.00 -100.00
 100     9.546 55647.06798029 17.45  52.549146  66.032576  5.916 -100.00 -100.00 -100.00
 101     9.407 55656.98362511 41.16  52.528180  66.031848 30.047  264.89  263.79  263.14
 101     9.381 55656.98362570 43.63  52.534605  66.031592   -100  264.89  263.79  263.14
 101     9.405 55656.98362629 40.61  52.541031  66.031335 32.146  264.89  263.79  263.14
 101     9.267 55656.98362688 38.27  52.547456  66.031077 26.235  264.89  263.79  263.14
 101     7.824 55656.98362747 43.51  52.553881  66.030820   -100 -100.00 -100.00 -100.00
 102    14.413 55666.89926788 23.89  52.532058  66.030983  8.459  262.10  258.43  251.25
 102    14.049 55666.89926847 22.92  52.538483  66.030726  7.116 -100.00 -100.00 -100.00
 102    13.639 55666.89926906 22.48  52.544908  66.030469  7.383 -100.00 -100.00 -100.00
 102    12.674 55666.89926965 23.40  52.551333  66.030211  8.312 -100.00 -100.00 -100.00
 102    11.512 55666.89927024 25.13  52.557758  66.029954 12.407 -100.00 -100.00 -100.00
 103    10.936 55676.81490734 30.85  52.531368  66.031810 21.097 -100.00 -100.00 -100.00
 103    10.752 55676.81490793 32.76  52.537794  66.031553 27.685 -100.00 -100.00 -100.00
 103    10.866 55676.81490852 30.94  52.544219  66.031296 22.588 -100.00 -100.00 -100.00
 103    10.802 55676.81490911 29.45  52.550644  66.031038 18.328 -100.00 -100.00 -100.00
 103    10.838 55676.81490970 31.23  52.557069  66.030781 23.905 -100.00 -100.00 -100.00
 104    13.568 55686.73054459 50.60  52.527230  66.033796   -100  256.01  257.91  259.37
 104    13.264 55686.73054518 49.84  52.533657  66.033539   -100  256.01  257.91  259.37
 104    13.337 55686.73054577 53.52  52.540082  66.033282   -100  256.01  257.91  259.37
 104    13.265 55686.73054636 50.39  52.546508  66.033025   -100 -100.00 -100.00 -100.00
 104    13.274 55686.73054695 52.35  52.552934  66.032768  1.180 -100.00 -100.00 -100.00
 105    14.236 55696.64618110 50.66  52.527995  66.035247   -100  247.95  246.90  250.28
 105    14.022 55696.64618169 51.94  52.534422  66.034990   -100  247.95  246.90  250.28
 105    13.972 55696.64618229 53.56  52.540848  66.034733  3.134  247.95  246.90  250.28
 105    14.018 55696.64618288 53.16  52.547275  66.034476  1.141  247.95  246.90  250.28
 106    12.117 55706.56181621 36.34  52.527135  66.035679 16.472 -100.00 -100.00 -100.00
 106    12.328 55706.56181680 37.23  52.533562  66.035423 15.608 -100.00 -100.00 -100.00
 106    12.311 55706.56181739 42.86  52.539988  66.035166 31.539 -100.00 -100.00 -100.00
 106    12.267 55706.56181798 42.51  52.546415  66.034909 30.089 -100.00 -100.00 -100.00
 107    13.381 55716.47746619 32.58  52.526299  66.035154 31.779  266.68  267.52  267.66
 107    13.367 55716.47746678 28.84  52.532726  66.034898 16.959  266.68  267.52  267.66
 107    12.905 55716.47746737 30.98  52.539152  66.034641 23.396  266.68  267.52  267.66
 107    13.042 55716.47746796 30.90  52.545579  66.034384 22.667  266.68  267.52  267.66
 109    12.200 55736.30876135 33.99  52.521596  66.035866 21.419  279.23  278.17  279.12
 109     9.335 55736.30876194 41.08  52.528023  66.035610   -100  279.23  278.17  279.12
 109     9.318 55736.30876253 40.68  52.534450  66.035353   -100  279.23  278.17  279.12
 109     9.078 55736.30876312 38.76  52.540877  66.035096   -100  279.23  278.17  279.12
 109     9.250 55736.30876371 32.15  52.547304  66.034839 24.843  279.23  278.17  279.12
 110    11.999 55746.22440712 30.91  52.522907  66.036693 24.843  266.04  265.25  266.55
 110     8.098 55746.22440771 33.37  52.529334  66.036437   -100  266.04  265.25  266.55
 110     8.211 55746.22440830 31.87  52.535761  66.036180   -100  266.04  265.25  266.55
 110     8.253 55746.22440889 30.90  52.542188  66.035923 32.116  266.04  265.25  266.55
 111    12.076 55756.14005078 29.66  52.521774  66.036491 19.180  275.62  275.61  275.08
 111     8.690 55756.14005137 29.13  52.528201  66.036235 20.483 -100.00 -100.00 -100.00
 111     7.981 55756.14005196 31.96  52.534628  66.035978 26.677 -100.00 -100.00 -100.00
 111     8.048 55756.14005255 29.81  52.541055  66.035721 23.596 -100.00 -100.00 -100.00
 112     8.916 55766.05569275 31.09  52.528723  66.034393 18.445 -100.00 -100.00 -100.00
 112     7.773 55766.05569334 32.22  52.535149  66.034136 21.578 -100.00 -100.00 -100.00
 112     7.869 55766.05569393 31.20  52.541575  66.033879 19.200 -100.00 -100.00 -100.00
 112     7.946 55766.05569452 31.01  52.548001  66.033622 19.010 -100.00 -100.00 -100.00
 113    10.889 55775.97133146 26.77  52.531790  66.031906 15.127 -100.00 -100.00 -100.00
 113     8.153 55775.97133205 29.69  52.538215  66.031649 19.859 -100.00 -100.00 -100.00
 113     8.158 55775.97133264 29.32  52.544640  66.031392 22.697 -100.00 -100.00 -100.00
 113     8.727 55775.97133323 28.04  52.551066  66.031135 22.873 -100.00 -100.00 -100.00
 113     8.294 55775.97133382 28.26  52.557491  66.030877 25.699 -100.00 -100.00 -100.00
 114     7.004 55785.88696667 43.32  52.528594  66.030841   -100 -100.00 -100.00 -100.00
 114     8.035 55785.88696726 38.00  52.535019  66.030585   -100 -100.00 -100.00 -100.00
 114     7.527 55785.88696785 36.66  52.541444  66.030328   -100 -100.00 -100.00 -100.00
 114     8.972 55785.88696844 29.23  52.547869  66.030071 20.000 -100.00 -100.00 -100.00
 114     8.643 55785.88696903 28.06  52.554294  66.029813 19.269 -100.00 -100.00 -100.00
 114     8.059 55785.88696962 30.58  52.560719  66.029555 28.666 -100.00 -100.00 -100.00
 115    11.027 55795.80259997 31.90  52.526467  66.032111 31.723 -100.00 -100.00 -100.00
 115     6.925 55795.80260056 35.38  52.532893  66.031855   -100 -100.00 -100.00 -100.00
 115     7.996 55795.80260115 31.30  52.539318  66.031598 28.444 -100.00 -100.00 -100.00
 115     8.571 55795.80260174 28.83  52.545744  66.031341 22.417 -100.00 -100.00 -100.00
 115     8.358 55795.80260234 30.36  52.552169  66.031084 31.766 -100.00 -100.00 -100.00
 115     8.235 55795.80260293 28.74  52.558594  66.030826 23.987 -100.00 -100.00 -100.00
 116     9.449 55805.71823964 32.26  52.524218  66.034137 24.186  266.51  266.11  266.80
 116    10.152 55805.71824023 27.33  52.530644  66.033881 10.914  266.51  266.11  266.80
 116     7.864 55805.71824082 31.24  52.537071  66.033624 17.982  266.51  266.11  266.80
 116     7.836 55805.71824142 30.81  52.543497  66.033367 20.278  266.51  266.11  266.80
 116     7.345 55805.71824201 31.96  52.549923  66.033110 24.954 -100.00 -100.00 -100.00
 117     7.412 55815.63388902 40.53  52.526689  66.034903 21.368  268.28  268.36  268.42
 117     6.714 55815.63388961 37.22  52.533116  66.034647 31.737 -100.00 -100.00 -100.00
 117     7.280 55815.63389020 34.25  52.539543  66.034390 21.854 -100.00 -100.00 -100.00
 117     7.400 55815.63389079 42.29  52.545970  66.034133   -100 -100.00 -100.00 -100.00
 119     9.194 55835.46517765 32.28  52.528755  66.031857 25.822  262.17  261.42  263.17
 119     7.645 55835.46517824 35.68  52.535181  66.031601 31.682  262.17  261.42  263.17
 119     7.920 55835.46517884 35.30  52.541608  66.031344   -100  262.17  261.42  263.17
 119     7.529 55835.46517943 34.56  52.548034  66.031087   -100  262.17  261.42  263.17
 119     7.279 55835.46518002 32.46  52.554460  66.030829 29.122  262.17  261.42  263.17
 120     8.747 55845.38081654 35.46  52.533326  66.030786   -100  256.80  256.18  255.81
 120     8.196 55845.38081713 35.54  52.539752  66.030529   -100  256.80  256.18  255.81
 120     8.095 55845.38081772 33.64  52.546179  66.030272 32.508  256.80  256.18  255.81
 120     7.869 55845.38081831 32.99  52.552605  66.030015   -100  256.80  256.18  255.81
 120     8.119 55845.38081890 29.03  52.559031  66.029757 21.538  256.80  256.18  255.81
 121     9.671 55855.29645201 27.74  52.531165  66.032233 23.764 -100.00 -100.00 -100.00
 121     9.403 55855.29645260 28.86  52.537592  66.031976 30.503 -100.00 -100.00 -100.00
 121     9.593 55855.29645319 27.35  52.544019  66.031720 22.253 -100.00 -100.00 -100.00
 121     9.697 55855.29645378 26.72  52.550445  66.031462 21.983 -100.00 -100.00 -100.00
 121     9.777 55855.29645437 25.46  52.556872  66.031205 18.675 -100.00 -100.00 -100.00
 122    10.112 55865.21209176 40.64  52.523683  66.034793 26.801  254.24  252.14  251.04
 122     9.356 55865.21209235 41.49  52.530111  66.034537   -100  254.24  252.14  251.04
 122     9.505 55865.21209294 37.74  52.536538  66.034281   -100 -100.00 -100.00 -100.00
 122     9.679 55865.21209353 35.32  52.542965  66.034024   -100 -100.00 -100.00 -100.00
 122     9.554 55865.21209413 34.60  52.549392  66.033767   -100 -100.00 -100.00 -100.00
 123     7.461 55875.12774509 33.61  52.527310  66.036150 24.600 -100.00 -100.00 -100.00
 123     7.419 55875.12774568 34.34  52.533737  66.035894 27.567 -100.00 -100.00 -100.00
 123     7.800 55875.12774627 35.62  52.540165  66.035637 29.108 -100.00 -100.00 -100.00
 123     7.763 55875.12774686 39.13  52.546592  66.035380   -100 -100.00 -100.00 -100.00
 133    10.468 55974.28417922 18.81  52.527309  66.031658  5.431 -100.00 -100.00 -100.00
 133    10.602 55974.28417981 18.31  52.533735  66.031402  4.633 -100.00 -100.00 -100.00
 133     9.938 55974.28418040 18.73  52.540161  66.031145  4.974 -100.00 -100.00 -100.00
 133     9.778 55974.28418099 18.40  52.546588  66.030887  4.758 -100.00 -100.00 -100.00
 133     9.318 55974.28418158 18.73  52.553014  66.030630  5.709 -100.00 -100.00 -100.00
 133     8.766 55974.28418217 19.12  52.559440  66.030372  7.058 -100.00 -100.00 -100.00
 134    10.759 55984.19981544 18.87  52.527651  66.034050  6.268 -100.00 -100.00 -100.00
 134    10.246 55984.19981603 19.46  52.534078  66.033794  6.904 -100.00 -100.00 -100.00
 134     9.519 55984.19981662 18.73  52.540505  66.033537  5.423 -100.00 -100.00 -100.00
 134     9.724 55984.19981721 18.59  52.546932  66.033280  5.582 -100.00 -100.00 -100.00
 135    11.044 55994.11544904 19.89  52.524192  66.035486  6.831  249.34  239.89  215.23
 135    10.489 55994.11544963 19.62  52.530619  66.035230  6.265  249.34  239.89  215.23
 135     9.789 55994.11545023 19.10  52.537046  66.034974  5.963 -100.00 -100.00 -100.00
 135     9.279 55994.11545082 19.79  52.543473  66.034717  6.463 -100.00 -100.00 -100.00
 136    10.444 56004.03110002 19.19  52.523651  66.034312  5.707 -100.00 -100.00 -100.00
 136    10.710 56004.03110061 18.69  52.530077  66.034056  5.034 -100.00 -100.00 -100.00
 136    10.024 56004.03110120 18.40  52.536504  66.033799  4.917 -100.00 -100.00 -100.00
 136     9.445 56004.03110179 18.25  52.542930  66.033543  4.527 -100.00 -100.00 -100.00
 136     8.944 56004.03110238 18.53  52.549356  66.033285  5.610 -100.00 -100.00 -100.00
 137    10.361 56013.94674918 19.13  52.527103  66.031826  5.493 -100.00 -100.00 -100.00
 137    10.060 56013.94674977 18.94  52.533529  66.031570  5.257 -100.00 -100.00 -100.00
 137     9.872 56013.94675036 18.79  52.539954  66.031313  4.759 -100.00 -100.00 -100.00
 137     9.577 56013.94675095 19.04  52.546380  66.031056  5.201 -100.00 -100.00 -100.00
 137     9.225 56013.94675155 19.15  52.552805  66.030798  5.759 -100.00 -100.00 -100.00
 137     9.157 56013.94675214 18.93  52.559230  66.030541  6.226 -100.00 -100.00 -100.00
 139    11.213 56033.77803792 15.09  52.526148  66.032353  7.884  268.49  266.62  264.57
 139     8.736 56033.77803851 19.15  52.532574  66.032097 15.880  268.49  266.62  264.57
 139     8.648 56033.77803910 24.06  52.538999  66.031840 23.364  268.49  266.62  264.57
 139     8.988 56033.77803969 20.83  52.545424  66.031583 15.682  268.49  266.62  264.57
 139     8.689 56033.77804028 25.20  52.551850  66.031325   -100  268.49  266.62  264.57
 141    12.932 56053.60931716 34.00  52.523424  66.036944 24.445 -100.00 -100.00 -100.00
 141    12.841 56053.60931776 37.37  52.529851  66.036687   -100 -100.00 -100.00 -100.00
 141    12.921 56053.60931835 34.47  52.536278  66.036431 23.662 -100.00 -100.00 -100.00
 141    12.972 56053.60931894 36.14  52.542704  66.036174   -100 -100.00 -100.00 -100.00
 143    14.020 56073.44059451 39.17  52.524289  66.035662   -100 -100.00 -100.00 -100.00
 143    14.234 56073.44059510 35.30  52.530716  66.035406 23.976 -100.00 -100.00 -100.00
 143    13.995 56073.44059569 34.04  52.537143  66.035150 21.112 -100.00 -100.00 -100.00
 143    13.611 56073.44059628 37.37  52.543570  66.034893   -100 -100.00 -100.00 -100.00
 144    12.325 56083.35624448 50.80  52.524302  66.034879   -100  266.59  266.63  268.20
 144    12.445 56083.35624507 48.70  52.530729  66.034622   -100  266.59  266.63  268.20
 144    12.280 56083.35624566 50.00  52.537156  66.034366   -100  266.59  266.63  268.20
 144    12.238 56083.35624625 49.75  52.543582  66.034109   -100  266.59  266.63  268.20
 145    12.600 56093.27189230 25.26  52.527190  66.035044 15.203 -100.00 -100.00 -100.00
 145    13.429 56093.27189289 23.98  52.533617  66.034787 11.302 -100.00 -100.00 -100.00
 145    12.037 56093.27189348 24.58  52.540044  66.034530 12.976 -100.00 -100.00 -100.00
 145    12.924 56093.27189407 24.16  52.546470  66.034273 10.812 -100.00 -100.00 -100.00
 146    10.338 56103.18753750 46.00  52.525702  66.035943 24.984 -100.00 -100.00 -100.00
 146     9.494 56103.18753809 50.98  52.532129  66.035686  8.299 -100.00 -100.00 -100.00
 146     9.936 56103.18753868 50.24  52.538555  66.035429   -100 -100.00 -100.00 -100.00
 146    10.042 56103.18753927 53.09  52.544982  66.035172   -100 -100.00 -100.00 -100.00
 147     9.157 56113.10316830 40.68  52.524515  66.035718   -100 -100.00 -100.00 -100.00
 147     9.316 56113.10316889 39.48  52.530942  66.035462   -100 -100.00 -100.00 -100.00
 147     9.302 56113.10316948 40.47  52.537368  66.035205   -100 -100.00 -100.00 -100.00
 147     9.096 56113.10317008 33.60  52.543795  66.034948   -100 -100.00 -100.00 -100.00
 148     8.466 56123.01880741 40.77  52.527934  66.034217   -100  267.64  269.14  267.75
 148     8.361 56123.01880800 38.47  52.534360  66.033960   -100  267.64  269.14  267.75
 148     8.670 56123.01880859 41.06  52.540786  66.033703   -100  267.64  269.14  267.75
 148     8.238 56123.01880918 44.95  52.547212  66.033446 15.004  267.64  269.14  267.75
 149    51.535 56132.93444265 10.72  52.531597  66.032054 11.388 -100.00 -100.00 -100.00
 149    51.417 56132.93444324  9.24  52.538023  66.031798 10.263 -100.00 -100.00 -100.00
 149    52.214 56132.93444383  8.17  52.544448  66.031541 11.579 -100.00 -100.00 -100.00
 150     8.264 56142.85008043 32.76  52.532223  66.031085   -100 -100.00 -100.00 -100.00
 150     8.748 56142.85008103 30.19  52.538648  66.030829 27.368 -100.00 -100.00 -100.00
 150     9.315 56142.85008162 29.69  52.545074  66.030572 23.122 -100.00 -100.00 -100.00
 150     9.316 56142.85008221 28.34  52.551498  66.030315 22.249 -100.00 -100.00 -100.00
 150     9.978 56142.85008280 28.05  52.557923  66.030057 22.175 -100.00 -100.00 -100.00
 151    11.598 56152.76573054 26.82  52.526307  66.032011 15.345 -100.00 -100.00 -100.00
 151     8.315 56152.76573113 33.61  52.532732  66.031754   -100 -100.00 -100.00 -100.00
 151     8.627 56152.76573172 30.76  52.539158  66.031497 29.899 -100.00 -100.00 -100.00
 151     9.271 56152.76573231 28.78  52.545583  66.031240 23.759 -100.00 -100.00 -100.00
 151    10.003 56152.76573290 25.87  52.552008  66.030983 15.597 -100.00 -100.00 -100.00
 151     9.562 56152.76573349 27.63  52.558433  66.030725 20.690 -100.00 -100.00 -100.00
 152     8.969 56162.68137950 40.71  52.524738  66.033818 18.644  267.34  267.30  267.34
 152     7.714 56162.68138009 41.81  52.531165  66.033561 31.752  267.34  267.30  267.34
 152     7.933 56162.68138068 36.18  52.537591  66.033304 20.786  267.34  267.30  267.34
 152     7.753 56162.68138127 35.45  52.544017  66.033047 22.091  267.34  267.30  267.34
 152     8.070 56162.68138186 37.87  52.550442  66.032790 31.147  267.34  267.30  267.34
 153     8.498 56172.59702697 40.73  52.528528  66.034740 22.325 -100.00 -100.00 -100.00
 153     8.003 56172.59702756 38.75  52.534955  66.034483   -100 -100.00 -100.00 -100.00
 153     8.228 56172.59702815 40.11  52.541382  66.034226   -100 -100.00 -100.00 -100.00
 153     8.331 56172.59702874 48.11  52.547808  66.033969   -100 -100.00 -100.00 -100.00
 154    10.862 56182.51266901 30.30  52.525434  66.034273 22.164  263.58  263.43  264.50
 154     8.276 56182.51266960 31.62  52.531861  66.034016 28.687  263.58  263.43  264.50
 154     8.450 56182.51267019 30.43  52.538288  66.033759 25.492  263.58  263.43  264.50
 154     8.897 56182.51267078 29.56  52.544715  66.033502 21.789  263.58  263.43  264.50
 154    10.501 56182.51267137 24.82  52.551141  66.033245 10.744  263.58  263.43  264.50
 155    65.570 56192.42830805 15.24  52.530293  66.032510 10.334  262.90  262.11  260.24
 155    61.296 56192.42830864 14.17  52.536719  66.032253 10.311  262.90  262.11  260.24
 155    57.074 56192.42830923  7.26  52.543146  66.031996 24.667  262.90  262.11  260.24
 156     9.473 56202.34394402 42.83  52.531309  66.031620 23.827 -100.00 -100.00 -100.00
 156     9.257 56202.34394461 46.33  52.537735  66.031363   -100 -100.00 -100.00 -100.00
 156     9.018 56202.34394520 41.24  52.544162  66.031106   -100 -100.00 -100.00 -100.00
 156     9.447 56202.34394579 38.01  52.550588  66.030849 22.680 -100.00 -100.00 -100.00
 156     9.310 56202.34394638 34.78  52.557014  66.030591 15.225 -100.00 -100.00 -100.00
 157     9.156 56212.25957783 33.25  52.529400  66.032939   -100  255.40  255.20  257.21
 157     9.106 56212.25957842 36.03  52.535827  66.032682   -100  255.40  255.20  257.21
 157     8.856 56212.25957901 33.91  52.542254  66.032425   -100  255.40  255.20  257.21
 157     8.966 56212.25957960 29.60  52.548680  66.032168 27.561  255.40  255.20  257.21
 157     9.209 56212.25958019 27.77  52.555107  66.031911 22.102  255.40  255.20  257.21
 158     8.120 56222.17520965 40.69  52.527019  66.035518   -100  253.55  252.50  254.48
 158     8.340 56222.17521024 34.74  52.533447  66.035262   -100  253.55  252.50  254.48
 158     8.358 56222.17521083 35.38  52.539874  66.035005   -100  253.55  252.50  254.48
 158     8.258 56222.17521142 37.22  52.546301  66.034748   -100  253.55  252.50  254.48
 159     8.414 56232.09086416 42.16  52.524136  66.037289   -100 -100.00 -100.00 -100.00
 159     8.249 56232.09086475 41.27  52.530564  66.037033   -100 -100.00 -100.00 -100.00
 159     8.486 56232.09086534 40.66  52.536991  66.036777   -100 -100.00 -100.00 -100.00
 159     8.490 56232.09086593 45.84  52.543418  66.036520   -100 -100.00 -100.00 -100.00
 160     6.850 56242.00651688 38.15  52.526305  66.037124   -100 -100.00 -100.00 -100.00
 160     7.126 56242.00651747 36.41  52.532733  66.036868 31.612 -100.00 -100.00 -100.00
 160     7.470 56242.00651806 34.64  52.539160  66.036611 25.419 -100.00 -100.00 -100.00
 160     7.490 56242.00651865 41.16  52.545587  66.036354   -100 -100.00 -100.00 -100.00
 161     8.538 56251.92216506 35.65  52.525647  66.036018   -100 -100.00 -100.00 -100.00
 161     8.445 56251.92216565 35.50  52.532074  66.035762   -100 -100.00 -100.00 -100.00
 161     8.807 56251.92216624 37.78  52.538501  66.035505   -100 -100.00 -100.00 -100.00
 161     8.571 56251.92216683 38.82  52.544927  66.035248   -100 -100.00 -100.00 -100.00
 162     8.544 56261.83780888 26.29  52.528271  66.034921  9.740 -100.00 -100.00 -100.00
 162     8.775 56261.83780947 26.57  52.534698  66.034665  8.916 -100.00 -100.00 -100.00
 162     8.669 56261.83781006 26.86  52.541124  66.034408 11.322 -100.00 -100.00 -100.00
 162     8.753 56261.83781065 26.62  52.547550  66.034150 11.140 -100.00 -100.00 -100.00
 163     8.708 56271.75345029 25.27  52.527989  66.034904  8.000 -100.00 -100.00 -100.00
 163     8.682 56271.75345088 25.63  52.534416  66.034647  8.729 -100.00 -100.00 -100.00
 163     8.754 56271.75345147 24.77  52.540843  66.034390  7.534 -100.00 -100.00 -100.00
 163     8.518 56271.75345206 25.39  52.547269  66.034133  9.749 -100.00 -100.00 -100.00
 164     8.041 56281.66909130 25.42  52.526065  66.035337  8.605 -100.00 -100.00 -100.00
 164     8.652 56281.66909189 25.28  52.532492  66.035080  8.305 -100.00 -100.00 -100.00
 164     8.718 56281.66909248 24.90  52.538919  66.034823  7.709 -100.00 -100.00 -100.00
 164     8.571 56281.66909307 24.82  52.545346  66.034566  7.675 -100.00 -100.00 -100.00
 165     7.802 56291.58474343 24.38  52.526031  66.035135  7.849 -100.00 -100.00 -100.00
 165     9.316 56291.58474402 24.50  52.532458  66.034879  8.135 -100.00 -100.00 -100.00
 165     9.060 56291.58474461 24.25  52.538885  66.034622  8.331 -100.00 -100.00 -100.00
 165     8.441 56291.58474520 24.03  52.545312  66.034364  7.460 -100.00 -100.00 -100.00
 166     9.881 56301.50039146 23.45  52.529784  66.033644  6.942 -100.00 -100.00 -100.00
 166    10.621 56301.50039205 22.74  52.536211  66.033387  6.364 -100.00 -100.00 -100.00
 166     8.863 56301.50039264 23.03  52.542638  66.033130  6.257 -100.00 -100.00 -100.00
 166    10.234 56301.50039323 22.55  52.549065  66.032872  6.169 -100.00 -100.00 -100.00
 167    10.271 56311.41603502 22.04  52.530322  66.031958  7.120  250.15  243.69  226.80
 167     9.348 56311.41603561 22.17  52.536749  66.031701  6.083  250.15  243.69  226.80
 167    10.633 56311.41603620 21.38  52.543175  66.031444  5.221  250.15  243.69  226.80
 167     8.745 56311.41603679 21.69  52.549602  66.031186  5.851  250.15  243.69  226.80
 167     8.577 56311.41603738 21.54  52.556028  66.030928  6.228 -100.00 -100.00 -100.00
 168    10.159 56321.33167615 22.26  52.528564  66.031403  6.787 -100.00 -100.00 -100.00
 168     9.646 56321.33167674 22.62  52.534991  66.031146  6.556 -100.00 -100.00 -100.00
 168    10.291 56321.33167733 22.38  52.541417  66.030889  6.611 -100.00 -100.00 -100.00
 168    11.049 56321.33167792 21.49  52.547843  66.030631  5.570 -100.00 -100.00 -100.00
 168    10.581 56321.33167851 21.96  52.554269  66.030374  6.027 -100.00 -100.00 -100.00
 168    10.592 56321.33167910 22.02  52.560695  66.030116  6.889 -100.00 -100.00 -100.00
 169    10.487 56331.24731687 22.72  52.529204  66.032328  9.161 -100.00 -100.00 -100.00
 169    10.286 56331.24731746 22.75  52.535630  66.032071  8.258 -100.00 -100.00 -100.00
 169    10.567 56331.24731805 21.57  52.542057  66.031814  6.906 -100.00 -100.00 -100.00
 169    10.546 56331.24731864 21.36  52.548483  66.031557  6.774 -100.00 -100.00 -100.00
 169     8.386 56331.24731923 21.98  52.554909  66.031299  8.349 -100.00 -100.00 -100.00
 170    10.411 56341.16295651 22.23  52.523603  66.033993  7.529  252.99  246.02  226.90
 170    10.041 56341.16295710 22.64  52.530030  66.033737  8.207  252.99  246.02  226.90
 170     8.990 56341.16295769 22.59  52.536457  66.033480  7.884  252.99  246.02  226.90
 170     8.605 56341.16295828 22.28  52.542883  66.033223  7.592  252.99  246.02  226.90
 170     8.457 56341.16295887 22.35  52.549310  66.032965  7.812  252.99  246.02  226.90
 171    10.437 56351.07859459 18.92  52.525557  66.034723  5.716 -100.00 -100.00 -100.00
 171     9.799 56351.07859518 19.63  52.531984  66.034466  6.657 -100.00 -100.00 -100.00
 171    10.057 56351.07859577 19.43  52.538411  66.034209  6.103 -100.00 -100.00 -100.00
 171     8.987 56351.07859636 18.96  52.544837  66.033952  6.188 -100.00 -100.00 -100.00
 172    10.840 56360.99423331 18.56  52.524113  66.034154  4.963 -100.00 -100.00 -100.00
 172    10.364 56360.99423390 18.47  52.530540  66.033898  5.437 -100.00 -100.00 -100.00
 172     9.566 56360.99423449 18.41  52.536966  66.033641  5.439 -100.00 -100.00 -100.00
 172     9.088 56360.99423508 18.29  52.543392  66.033384  4.914 -100.00 -100.00 -100.00
 172     8.591 56360.99423567 19.41  52.549818  66.033127  7.842 -100.00 -100.00 -100.00
 173    10.405 56370.90988349 17.74  52.529578  66.032730  4.632 -100.00 -100.00 -100.00
 173     9.869 56370.90988408 18.12  52.536004  66.032473  4.896 -100.00 -100.00 -100.00
 173    10.069 56370.90988467 17.68  52.542430  66.032216  4.409 -100.00 -100.00 -100.00
 173     9.920 56370.90988526 17.39  52.548855  66.031959  4.198 -100.00 -100.00 -100.00
 173    10.308 56370.90988585 17.76  52.555280  66.031701  5.348 -100.00 -100.00 -100.00
 174    10.875 56380.82553061 17.09  52.530883  66.032463  4.775 -100.00 -100.00 -100.00
 174    10.097 56380.82553120 17.49  52.537309  66.032206  4.985 -100.00 -100.00 -100.00
 174    10.078 56380.82553179 17.51  52.543734  66.031949  4.310 -100.00 -100.00 -100.00
 174    10.661 56380.82553238 16.93  52.550160  66.031692  3.645 -100.00 -100.00 -100.00
 174    10.342 56380.82553298 18.24  52.556585  66.031434  6.057 -100.00 -100.00 -100.00
 175    11.218 56390.74117497 17.34  52.526400  66.034006  4.822 -100.00 -100.00 -100.00
 175    10.309 56390.74117556 16.97  52.532826  66.033749  4.987 -100.00 -100.00 -100.00
 175    10.029 56390.74117615 16.84  52.539252  66.033492  4.417 -100.00 -100.00 -100.00
 175    11.461 56390.74117674 16.41  52.545678  66.033235  3.415 -100.00 -100.00 -100.00
 175    10.214 56390.74117733 16.79  52.552104  66.032977  4.017 -100.00 -100.00 -100.00
 176     6.695 56400.65681791 38.72  52.524852  66.035795   -100 -100.00 -100.00 -100.00
 176     8.715 56400.65681850 36.27  52.531278  66.035539 28.444 -100.00 -100.00 -100.00
 176     8.690 56400.65681909 36.69  52.537705  66.035282 25.616 -100.00 -100.00 -100.00
 176     8.388 56400.65681968 38.68  52.544132  66.035024 32.016 -100.00 -100.00 -100.00
 177     8.240 56410.57245826 40.42  52.523985  66.036872   -100  253.35  253.26  255.02
 177     7.895 56410.57245885 38.66  52.530413  66.036615   -100  253.35  253.26  255.02
 177     8.578 56410.57245944 33.08  52.536840  66.036358 19.349  253.35  253.26  255.02
 177     8.702 56410.57246003 31.69  52.543267  66.036101 18.087  253.35  253.26  255.02
 178    13.108 56420.48809370 37.19  52.522134  66.036875 30.559  252.22  252.01  254.99
 178    13.147 56420.48809429 37.33  52.528561  66.036619 31.815  252.22  252.01  254.99
 178    13.139 56420.48809488 38.12  52.534988  66.036362 32.442  252.22  252.01  254.99
 178    12.801 56420.48809547 35.50  52.541416  66.036106 31.875  252.22  252.01  254.99
 179    13.030 56430.40373117 30.85  52.525204  66.036153 25.428  253.91  252.61  256.15
 179    12.866 56430.40373176 29.18  52.531632  66.035897 20.015  253.91  252.61  256.15
 179    12.661 56430.40373236 27.53  52.538059  66.035640 15.679  253.91  252.61  256.15
 179    12.625 56430.40373295 29.34  52.544486  66.035383 21.906  253.91  252.61  256.15
 180    11.678 56440.31938416 45.08  52.523728  66.035651   -100  263.50  262.34  265.45
 180    11.957 56440.31938475 44.78  52.530155  66.035395 28.055  263.50  262.34  265.45
 180    11.519 56440.31938534 50.43  52.536582  66.035138   -100  263.50  262.34  265.45
 180    11.484 56440.31938593 54.15  52.543009  66.034881   -100  263.50  262.34  265.45
 181    11.851 56450.23503516 29.75  52.527359  66.035255   -100 -100.00 -100.00 -100.00
 181    12.049 56450.23503575 25.83  52.533786  66.034998 17.842 -100.00 -100.00 -100.00
 181    11.874 56450.23503634 25.88  52.540213  66.034741 15.842 -100.00 -100.00 -100.00
 181    11.872 56450.23503693 25.82  52.546640  66.034483 18.224 -100.00 -100.00 -100.00
 182    57.558 56460.15068327  6.40  52.523914  66.035064  9.325 -100.00 -100.00 -100.00
 182    55.737 56460.15068386 19.50  52.530341  66.034808 10.091 -100.00 -100.00 -100.00
 182    55.880 56460.15068445 17.30  52.536767  66.034551  7.962 -100.00 -100.00 -100.00
 182    55.699 56460.15068504 18.46  52.543193  66.034294 18.051 -100.00 -100.00 -100.00
 183    11.406 56470.06632893 23.58  52.529716  66.033849 17.691 -100.00 -100.00 -100.00
 183    10.725 56470.06632952 26.47  52.536142  66.033592 25.443 -100.00 -100.00 -100.00
 183    10.618 56470.06633011 26.43  52.542568  66.033334 23.579 -100.00 -100.00 -100.00
 183    10.517 56470.06633070 26.51  52.548994  66.033077 23.002 -100.00 -100.00 -100.00
 184     8.854 56479.98197017 40.84  52.528643  66.032957 20.123 -100.00 -100.00 -100.00
 184     8.107 56479.98197076 43.85  52.535069  66.032700   -100 -100.00 -100.00 -100.00
 184     8.846 56479.98197135 43.11  52.541495  66.032443   -100 -100.00 -100.00 -100.00
 184     8.510 56479.98197194 48.04  52.547920  66.032185   -100 -100.00 -100.00 -100.00
 184     8.415 56479.98197253 47.11  52.554345  66.031928   -100 -100.00 -100.00 -100.00
 185     7.497 56489.89760738 40.00  52.527050  66.032436   -100 -100.00 -100.00 -100.00
 185     7.979 56489.89760797 39.11  52.533475  66.032179   -100 -100.00 -100.00 -100.00
 185     8.053 56489.89760856 35.00  52.539901  66.031922   -100 -100.00 -100.00 -100.00
 185     9.534 56489.89760915 29.88  52.546326  66.031665 18.847 -100.00 -100.00 -100.00
 185     9.357 56489.89760974 31.87  52.552751  66.031407 31.540 -100.00 -100.00 -100.00
 187     6.488 56509.72887596 38.82  52.530052  66.033406 28.224 -100.00 -100.00 -100.00
 187     7.664 56509.72887655 32.22  52.536478  66.033149 18.895 -100.00 -100.00 -100.00
 187     8.674 56509.72887714 30.43  52.542904  66.032892 12.162 -100.00 -100.00 -100.00
 187     6.867 56509.72887773 41.87  52.549330  66.032635   -100 -100.00 -100.00 -100.00
 188     6.721 56519.64451738 38.70  52.524783  66.034265 26.832 -100.00 -100.00 -100.00
 188     5.989 56519.64451798 39.28  52.531210  66.034009   -100 -100.00 -100.00 -100.00
 188     8.295 56519.64451857 29.34  52.537636  66.033753 13.545 -100.00 -100.00 -100.00
 188     8.934 56519.64451916 26.99  52.544063  66.033496 10.883 -100.00 -100.00 -100.00
 188     8.627 56519.64451975 30.36  52.550489  66.033239 18.781 -100.00 -100.00 -100.00
 189    10.941 56529.56017113 26.16  52.525790  66.034186 14.222  266.50  266.60  267.58
 189    10.570 56529.56017172 24.93  52.532217  66.033929 11.134  266.50  266.60  267.58
 189    10.381 56529.56017231 25.10  52.538644  66.033673 13.367  266.50  266.60  267.58
 189    10.176 56529.56017290 25.07  52.545070  66.033416 13.067  266.50  266.60  267.58
 189    11.418 56529.56017349 23.14  52.551497  66.033158  9.046 -100.00 -100.00 -100.00
 190     7.653 56539.47582057 40.10  52.523917  66.033872 26.225  267.30  266.09  266.71
 190     7.064 56539.47582116 37.70  52.530344  66.033616   -100  267.30  266.09  266.71
 190     7.623 56539.47582175 33.35  52.536771  66.033359 27.429  267.30  266.09  266.71
 190     7.382 56539.47582235 33.22  52.543198  66.033102 27.752 -100.00 -100.00 -100.00
 190     8.525 56539.47582294 29.10  52.549624  66.032845 15.768 -100.00 -100.00 -100.00
 191     7.630 56549.39146650 39.78  52.529946  66.033241 27.870  269.45  268.44  269.23
 191     7.033 56549.39146709 39.04  52.536373  66.032984   -100  269.45  268.44  269.23
 191     7.592 56549.39146768 35.10  52.542800  66.032727 26.195  269.45  268.44  269.23
 191     7.763 56549.39146827 44.15  52.549227  66.032470   -100  269.45  268.44  269.23
 192    10.035 56559.30710938 26.57  52.529054  66.033770 15.124  258.15  257.37  259.19
 192     9.084 56559.30710997 29.70  52.535481  66.033513 22.519  258.15  257.37  259.19
 192     9.323 56559.30711056 27.18  52.541907  66.033256 17.379  258.15  257.37  259.19
 192    11.516 56559.30711115 24.61  52.548334  66.032998 13.419  258.15  257.37  259.19
 194     7.281 56579.13839183 35.65  52.525836  66.036493   -100 -100.00 -100.00 -100.00
 194     7.366 56579.13839242 34.83  52.532264  66.036236   -100 -100.00 -100.00 -100.00
 194     7.139 56579.13839301 38.98  52.538691  66.035979   -100 -100.00 -100.00 -100.00
 194     7.781 56579.13839360 33.35  52.545118  66.035722   -100 -100.00 -100.00 -100.00
 195     7.518 56589.05402822 37.31  52.520256  66.037205   -100  261.41  259.47  260.09
 195     7.346 56589.05402881 34.52  52.526684  66.036949 23.970  261.41  259.47  260.09
 195     8.319 56589.05402940 33.11  52.533112  66.036693 22.069  261.41  259.47  260.09
 195     7.843 56589.05402999 33.50  52.539539  66.036436 19.938  261.41  259.47  260.09
 195     8.300 56589.05403059 33.84  52.545966  66.036179 20.468  261.41  259.47  260.09
 196     8.182 56598.96967313 35.58  52.527030  66.036410 25.789 -100.00 -100.00 -100.00
 196     8.534 56598.96967372 33.56  52.533457  66.036154 23.106 -100.00 -100.00 -100.00
 196     8.614 56598.96967431 35.91  52.539884  66.035897 30.427 -100.00 -100.00 -100.00
 196     8.409 56598.96967490 37.74  52.546311  66.035640   -100 -100.00 -100.00 -100.00
 197    11.812 56608.88532373 43.47  52.523353  66.035664   -100  257.13  255.50  255.33
 197    11.738 56608.88532432 40.87  52.529780  66.035407   -100  257.13  255.50  255.33
 197    11.631 56608.88532491 39.59  52.536207  66.035150   -100  257.13  255.50  255.33
 197    11.715 56608.88532550 39.51  52.542634  66.034893   -100  257.13  255.50  255.33
 198    13.201 56618.80096989 38.50  52.524936  66.035568 27.813 -100.00 -100.00 -100.00
 198    13.248 56618.80097048 37.05  52.531363  66.035312 27.768 -100.00 -100.00 -100.00
 198    13.378 56618.80097107 39.10  52.537790  66.035055 32.524 -100.00 -100.00 -100.00
 198    13.430 56618.80097166 42.18  52.544216  66.034797   -100 -100.00 -100.00 -100.00
 199    11.631 56628.71661248 26.53  52.523264  66.035832 11.761  248.75  244.01  236.11
 199    11.528 56628.71661307 26.42  52.529691  66.035575 11.886  248.75  244.01  236.11
 199    11.383 56628.71661366 27.38  52.536118  66.035319 14.958  248.75  244.01  236.11
 199    11.853 56628.71661425 30.38  52.542545  66.035061 21.700  248.75  244.01  236.11
 200    11.034 56638.63225231 22.43  52.524069  66.035439 10.949  254.74  251.74  245.62
 200    10.627 56638.63225290 22.88  52.530496  66.035183 12.210  254.74  251.74  245.62
 200    10.527 56638.63225349 22.02  52.536924  66.034926 10.237  254.74  251.74  245.62
 200    10.535 56638.63225408 21.40  52.543351  66.034669  9.176  254.74  251.74  245.62
 201    11.026 56648.54789664 19.62  52.527856  66.033890  7.419  256.25  253.09  246.97
 201    10.678 56648.54789723 19.56  52.534283  66.033633  7.155  256.25  253.09  246.97
 201    10.503 56648.54789782 19.88  52.540710  66.033376  7.797  256.25  253.09  246.97
 201    10.295 56648.54789841 19.29  52.547137  66.033119  7.288  256.25  253.09  246.97
 202    11.043 56658.46354807 16.24  52.526495  66.032331  7.502  237.29  225.69  205.71
 202    10.652 56658.46354866 16.29  52.532922  66.032074  6.946  237.29  225.69  205.71
 202     9.943 56658.46354925 17.61  52.539349  66.031818  9.386 -100.00 -100.00 -100.00
 202    10.190 56658.46354984 16.35  52.545776  66.031560  7.289 -100.00 -100.00 -100.00
 202    10.089 56658.46355043 16.16  52.552202  66.031303  7.050 -100.00 -100.00 -100.00
 203    10.864 56668.37919552 16.21  52.526827  66.031839  6.458  235.10  225.11  205.90
 203    10.777 56668.37919611 16.28  52.533254  66.031582  6.387  235.10  225.11  205.90
 203    10.415 56668.37919670 16.21  52.539680  66.031325  6.534  235.10  225.11  205.90
 203    10.457 56668.37919729 16.09  52.546107  66.031068  6.228  235.10  225.11  205.90
 203    11.024 56668.37919788 15.73  52.552533  66.030810  6.259 -100.00 -100.00 -100.00
 203    11.126 56668.37919847 15.12  52.558959  66.030552  5.414 -100.00 -100.00 -100.00
 205    11.455 56688.21048371 15.88  52.523571  66.034533  4.907 -100.00 -100.00 -100.00
 205    10.863 56688.21048430 15.96  52.529998  66.034276  4.879 -100.00 -100.00 -100.00
 205    10.274 56688.21048489 16.49  52.536425  66.034019  6.279 -100.00 -100.00 -100.00
 205    10.229 56688.21048548 15.80  52.542852  66.033762  5.731 -100.00 -100.00 -100.00
 205    10.457 56688.21048607 16.61  52.549279  66.033504  6.824 -100.00 -100.00 -100.00
 206    11.188 56698.12612524 16.49  52.526668  66.034738  5.126  247.13  239.84  222.77
 206    10.557 56698.12612583 16.86  52.533095  66.034481  5.017  247.13  239.84  222.77
 206    10.533 56698.12612642 16.80  52.539522  66.034224  5.425  247.13  239.84  222.77
 206    10.998 56698.12612702 17.06  52.545948  66.033967  5.730  247.13  239.84  222.77
 207    12.129 56708.04176172 16.29  52.524745  66.034055  4.469 -100.00 -100.00 -100.00
 207    11.105 56708.04176231 16.66  52.531172  66.033798  5.146 -100.00 -100.00 -100.00
 207    11.106 56708.04176290 17.06  52.537598  66.033541  6.847 -100.00 -100.00 -100.00
 207    10.785 56708.04176349 17.20  52.544025  66.033284  6.420 -100.00 -100.00 -100.00
 207    10.368 56708.04176408 17.40  52.550451  66.033027  6.372 -100.00 -100.00 -100.00
 208    11.299 56717.95739905 16.78  52.524340  66.033241  7.346 -100.00 -100.00 -100.00
 208    10.723 56717.95739965 17.54  52.530767  66.032985  8.798 -100.00 -100.00 -100.00
 208    10.129 56717.95740024 17.24  52.537193  66.032728  8.587 -100.00 -100.00 -100.00
 208     9.684 56717.95740083 19.49  52.543619  66.032471 11.627 -100.00 -100.00 -100.00
 208     9.716 56717.95740142 19.33  52.550044  66.032214 12.785 -100.00 -100.00 -100.00
 209     9.851 56727.87305229 30.99  52.530060  66.033156   -100  265.11  261.61  255.00
 209    10.031 56727.87305288 32.89  52.536486  66.032899 29.091  265.11  261.61  255.00
 209     9.714 56727.87305347 34.75  52.542912  66.032642   -100  265.11  261.61  255.00
 209     9.371 56727.87305406 38.28  52.549337  66.032385   -100 -100.00 -100.00 -100.00
 211    14.963 56747.70434569 11.96  52.526105  66.036592  3.427  231.53  218.31  202.50
 211    13.488 56747.70434628 12.21  52.532532  66.036335  3.684  231.53  218.31  202.50
 211    13.905 56747.70434687 12.24  52.538959  66.036078  3.873  231.53  218.31  202.50
 211    15.265 56747.70434746 12.18  52.545386  66.035820  3.582  231.53  218.31  202.50
 212    13.482 56757.61998597 12.87  52.522518  66.037377  3.983  235.50  223.95  208.64
 212    14.093 56757.61998656 12.65  52.528946  66.037120  3.803  235.50  223.95  208.64
 212    13.791 56757.61998715 12.41  52.535373  66.036863  3.503 -100.00 -100.00 -100.00
 212    14.401 56757.61998774 12.79  52.541800  66.036606  3.710 -100.00 -100.00 -100.00
 213     8.175 56767.53562081 40.50  52.524195  66.036779   -100 -100.00 -100.00 -100.00
 213     8.204 56767.53562140 41.17  52.530622  66.036522   -100 -100.00 -100.00 -100.00
 213     8.611 56767.53562199 40.22  52.537049  66.036266 25.265 -100.00 -100.00 -100.00
 213     8.693 56767.53562258 40.91  52.543477  66.036009 26.888 -100.00 -100.00 -100.00
 214    10.879 56777.45126568 40.64  52.526488  66.035528   -100  261.37  261.13  261.72
 214    10.881 56777.45126627 42.21  52.532916  66.035271   -100  261.37  261.13  261.72
 214    10.593 56777.45126686 43.43  52.539343  66.035015   -100 -100.00 -100.00 -100.00
 214    10.509 56777.45126745 42.00  52.545770  66.034757   -100 -100.00 -100.00 -100.00
 215    11.883 56787.36692194 33.60  52.527531  66.035002 23.083 -100.00 -100.00 -100.00
 215    12.051 56787.36692253 33.65  52.533958  66.034745 23.143 -100.00 -100.00 -100.00
 215    11.817 56787.36692312 34.00  52.540385  66.034488 27.128 -100.00 -100.00 -100.00
 215    11.613 56787.36692371 37.42  52.546811  66.034230   -100 -100.00 -100.00 -100.00
 216    17.340 56797.28257432 45.67  52.525117  66.035405   -100 -100.00 -100.00 -100.00
 216    17.352 56797.28257491 44.43  52.531544  66.035148   -100 -100.00 -100.00 -100.00
 216    17.415 56797.28257550 44.07  52.537970  66.034891   -100 -100.00 -100.00 -100.00
 216    17.407 56797.28257609 40.77  52.544397  66.034634 31.778 -100.00 -100.00 -100.00
 217    16.465 56807.19822191 31.53  52.527300  66.035758  9.799  242.38  241.01  245.00
 217    16.100 56807.19822250 33.43  52.533727  66.035501 15.755 -100.00 -100.00 -100.00
 217    16.001 56807.19822309 33.90  52.540154  66.035244 17.309 -100.00 -100.00 -100.00
 217    15.927 56807.19822368 34.43  52.546580  66.034986 16.600 -100.00 -100.00 -100.00
 219    13.700 56827.02950100 31.09  52.527679  66.033506 20.523 -100.00 -100.00 -100.00
 219    13.601 56827.02950159 28.76  52.534105  66.033249 12.549 -100.00 -100.00 -100.00
 219    13.190 56827.02950218 29.03  52.540531  66.032992 15.979 -100.00 -100.00 -100.00
 219    12.930 56827.02950277 28.37  52.546956  66.032734 15.012 -100.00 -100.00 -100.00
 219    12.547 56827.02950336 30.26  52.553382  66.032476 21.571 -100.00 -100.00 -100.00
 220    13.385 56836.94513551 36.74  52.528356  66.031932 22.278  252.50  252.30  253.80
 220    13.407 56836.94513610 40.55  52.534782  66.031675   -100  252.50  252.30  253.80
 220    13.540 56836.94513669 39.19  52.541207  66.031418 28.652 -100.00 -100.00 -100.00
 220    13.666 56836.94513728 37.28  52.547632  66.031161 18.972 -100.00 -100.00 -100.00
 220    13.374 56836.94513787 37.69  52.554057  66.030903 25.053 -100.00 -100.00 -100.00
 222     9.563 56856.77641721 35.25  52.528482  66.033376   -100 -100.00 -100.00 -100.00
 222     9.810 56856.77641781 36.34  52.534908  66.033120   -100 -100.00 -100.00 -100.00
 222    10.332 56856.77641840 34.16  52.541334  66.032863 26.559 -100.00 -100.00 -100.00
 222    10.398 56856.77641899 30.26  52.547759  66.032606 17.709 -100.00 -100.00 -100.00
 222    11.902 56856.77641958 28.58  52.554185  66.032348 15.385 -100.00 -100.00 -100.00
 223     7.745 56866.69207056 41.09  52.528378  66.034918 25.304 -100.00 -100.00 -100.00
 223     9.433 56866.69207116 33.81  52.534805  66.034661 18.378 -100.00 -100.00 -100.00
 223     9.096 56866.69207175 32.98  52.541231  66.034404 17.346 -100.00 -100.00 -100.00
 223     8.048 56866.69207234 34.17  52.547657  66.034147 20.291 -100.00 -100.00 -100.00
 224     8.067 56876.60772242 41.20  52.526411  66.035096   -100 -100.00 -100.00 -100.00
 224     9.149 56876.60772301 34.98  52.532837  66.034839 24.089 -100.00 -100.00 -100.00
 224     8.419 56876.60772360 33.37  52.539264  66.034582 23.486 -100.00 -100.00 -100.00
 224     8.163 56876.60772419 37.80  52.545690  66.034325   -100 -100.00 -100.00 -100.00
 225    11.098 56886.52337146 26.53  52.527517  66.034108 11.429 -100.00 -100.00 -100.00
 225    10.726 56886.52337205 26.49  52.533944  66.033851 14.308 -100.00 -100.00 -100.00
 225     9.741 56886.52337264 27.77  52.540370  66.033594 16.067 -100.00 -100.00 -100.00
 225     9.428 56886.52337323 27.31  52.546797  66.033337 14.842 -100.00 -100.00 -100.00
 226     7.978 56896.43901783 33.90  52.529505  66.032823   -100 -100.00 -100.00 -100.00
 226     7.435 56896.43901842 34.29  52.535932  66.032566   -100 -100.00 -100.00 -100.00
 226    11.005 56896.43901901 27.23  52.542358  66.032308 17.571 -100.00 -100.00 -100.00
 226    10.301 56896.43901960 25.47  52.548784  66.032051 14.400 -100.00 -100.00 -100.00
 226    11.343 56896.43902019 23.42  52.555210  66.031793 11.021 -100.00 -100.00 -100.00
 227    10.979 56906.35466089 29.64  52.527458  66.033208 28.241  262.39  261.82  263.16
 227     9.882 56906.35466148 29.76  52.533884  66.032951 25.879  262.39  261.82  263.16
 227    10.828 56906.35466207 25.98  52.540311  66.032694 15.931  262.39  261.82  263.16
 227    10.769 56906.35466266 25.12  52.546737  66.032437 15.754  262.39  261.82  263.16
 227    11.381 56906.35466325 23.40  52.553163  66.032179 11.829  262.39  261.82  263.16
 228    11.490 56916.27030194 23.46  52.527463  66.035032 10.562 -100.00 -100.00 -100.00
 228    10.567 56916.27030253 26.31  52.533890  66.034775 20.150 -100.00 -100.00 -100.00
 228    10.905 56916.27030312 24.46  52.540317  66.034517 13.320 -100.00 -100.00 -100.00
 228    11.347 56916.27030371 23.72  52.546744  66.034260 12.292 -100.00 -100.00 -100.00
 229    11.453 56926.18594050 30.22  52.521078  66.037391 14.705 -100.00 -100.00 -100.00
 229     8.994 56926.18594109 33.13  52.527506  66.037134 21.650 -100.00 -100.00 -100.00
 229     8.858 56926.18594168 33.34  52.533934  66.036877 23.634 -100.00 -100.00 -100.00
 229     9.241 56926.18594227 33.55  52.540361  66.036620 19.354 -100.00 -100.00 -100.00
 231     8.267 56946.01720709 43.32  52.523151  66.037211   -100  255.39  252.77  252.87
 231     8.184 56946.01720768 43.92  52.529579  66.036955   -100  255.39  252.77  252.87
 231     8.373 56946.01720827 41.08  52.536006  66.036698   -100  255.39  252.77  252.87
 231     8.492 56946.01720886 48.28  52.542433  66.036442   -100 -100.00 -100.00 -100.00
 232     7.765 56955.93285978 37.57  52.525062  66.035169 28.326 -100.00 -100.00 -100.00
 232     7.542 56955.93286037 37.31  52.531489  66.034912 28.500 -100.00 -100.00 -100.00
 232     8.134 56955.93286096 34.52  52.537915  66.034656 20.317 -100.00 -100.00 -100.00
 232     8.045 56955.93286155 36.69  52.544342  66.034399 25.343 -100.00 -100.00 -100.00
 233     8.290 56965.84850931 46.56  52.529215  66.034026   -100  251.42  252.34  254.89
 233     8.402 56965.84850990 44.24  52.535642  66.033770 28.522  251.42  252.34  254.89
 233     8.406 56965.84851049 44.70  52.542068  66.033513   -100  251.42  252.34  254.89
 233     8.590 56965.84851108 46.16  52.548494  66.033255   -100  251.42  252.34  254.89
 234    10.926 56975.76415389 28.29  52.527581  66.034860  8.655  255.00  252.22  248.27
 234    10.303 56975.76415448 28.72  52.534007  66.034603  9.786  255.00  252.22  248.27
 234     8.921 56975.76415507 28.79  52.540434  66.034346 10.299  255.00  252.22  248.27
 234     8.784 56975.76415566 30.95  52.546860  66.034088 15.195  255.00  252.22  248.27
 235    10.739 56985.67979403 27.59  52.526562  66.036115  9.190 -100.00 -100.00 -100.00
 235    10.482 56985.67979462 27.27  52.532989  66.035859  8.559 -100.00 -100.00 -100.00
 235     9.201 56985.67979521 27.94  52.539416  66.035602 11.557 -100.00 -100.00 -100.00
 235     8.961 56985.67979580 28.97  52.545843  66.035344 12.301 -100.00 -100.00 -100.00
 236    10.989 56995.59542890 26.27  52.527704  66.035913  7.081 -100.00 -100.00 -100.00
 236    10.348 56995.59542949 25.99  52.534131  66.035656  7.563 -100.00 -100.00 -100.00
 236     9.291 56995.59543008 26.71  52.540558  66.035399  8.059 -100.00 -100.00 -100.00
 236     8.796 56995.59543067 27.07  52.546985  66.035142  9.983 -100.00 -100.00 -100.00
 237    10.713 57005.51107102 25.52  52.525691  66.034019  8.002  256.54  254.42  249.63
 237    10.538 57005.51107161 26.21  52.532119  66.033763  8.479  256.54  254.42  249.63
 237    10.913 57005.51107220 25.60  52.538545  66.033506  7.704  256.54  254.42  249.63
 237     9.130 57005.51107279 25.97  52.544972  66.033249  7.820 -100.00 -100.00 -100.00
 237     8.851 57005.51107338 26.01  52.551399  66.032992  8.814 -100.00 -100.00 -100.00
 238    11.007 57015.42672618 26.79  52.527064  66.031694  9.325 -100.00 -100.00 -100.00
 238    10.536 57015.42672677 26.01  52.533491  66.031437  8.280 -100.00 -100.00 -100.00
 238     9.643 57015.42672736 26.55  52.539917  66.031180  9.307 -100.00 -100.00 -100.00
 238     9.062 57015.42672795 26.29  52.546343  66.030923  9.097 -100.00 -100.00 -100.00
 238     8.553 57015.42672854 27.05  52.552770  66.030666  9.694 -100.00 -100.00 -100.00
 238     8.117 57015.42672913 27.38  52.559196  66.030408 12.222 -100.00 -100.00 -100.00
 239    10.799 57025.34237720 24.22  52.530350  66.031242  7.136 -100.00 -100.00 -100.00
 239     9.868 57025.34237779 25.63  52.536777  66.030985 10.433 -100.00 -100.00 -100.00
 239    10.581 57025.34237839 24.76  52.543203  66.030728  7.030 -100.00 -100.00 -100.00
 239    10.891 57025.34237898 24.48  52.549629  66.030471  7.577 -100.00 -100.00 -100.00
 239     8.503 57025.34237957 26.19  52.556055  66.030213 11.471 -100.00 -100.00 -100.00
 240    11.027 57035.25802523 23.73  52.525008  66.033444  7.044 -100.00 -100.00 -100.00
 240    10.380 57035.25802582 24.07  52.531435  66.033188  7.455 -100.00 -100.00 -100.00
 240     9.821 57035.25802641 24.40  52.537862  66.032931  7.992 -100.00 -100.00 -100.00
 240     9.129 57035.25802700 23.64  52.544289  66.032673  7.107 -100.00 -100.00 -100.00
 240     8.710 57035.25802759 23.98  52.550715  66.032416  8.736 -100.00 -100.00 -100.00
 241    10.966 57045.17367131 22.01  52.526134  66.035427  6.665 -100.00 -100.00 -100.00
 241    10.356 57045.17367190 22.91  52.532561  66.035170  7.610 -100.00 -100.00 -100.00
 241    10.011 57045.17367249 22.22  52.538988  66.034913  7.923 -100.00 -100.00 -100.00
 241     8.990 57045.17367308 22.96  52.545415  66.034655  9.066 -100.00 -100.00 -100.00
 242    11.139 57055.08931396 20.96  52.523206  66.035983  5.543  254.28  250.21  238.55
 242    10.843 57055.08931455 21.11  52.529633  66.035727  5.502  254.28  250.21  238.55
 242    10.402 57055.08931514 21.26  52.536060  66.035470  6.700  254.28  250.21  238.55
 242    10.800 57055.08931573 20.61  52.542487  66.035213  6.061  254.28  250.21  238.55
 243    10.811 57065.00495221 21.28  52.525659  66.034502  8.860  254.39  248.93  233.97
 243    10.375 57065.00495280 20.21  52.532086  66.034245  7.649  254.39  248.93  233.97
 243     9.946 57065.00495339 20.79  52.538512  66.033988  8.520  254.39  248.93  233.97
 243     8.755 57065.00495398 22.45  52.544938  66.033731 11.157  254.39  248.93  233.97
 244    10.464 57074.92058575 21.48  52.528260  66.033401  9.967 -100.00 -100.00 -100.00
 244     9.949 57074.92058634 20.61  52.534686  66.033145  9.069 -100.00 -100.00 -100.00
 244     8.860 57074.92058693 22.69  52.541112  66.032888 12.967 -100.00 -100.00 -100.00
 244     8.842 57074.92058752 21.15  52.547538  66.032631 10.664 -100.00 -100.00 -100.00
 244    11.166 57074.92058811 18.92  52.553964  66.032373  6.250 -100.00 -100.00 -100.00
 245     7.021 57084.83621538 21.14  52.524240  66.034159 11.230  244.37  237.98  224.24
 245    10.907 57084.83621597 18.55  52.530666  66.033903  7.850  244.37  237.98  224.24
 245    13.750 57084.83621656 16.33  52.537092  66.033646  4.933  244.37  237.98  224.24
 245    14.567 57084.83621715 16.15  52.543518  66.033389  4.186  244.37  237.98  224.24
 245    12.401 57084.83621774 17.21  52.549944  66.033132  5.775 -100.00 -100.00 -100.00
 246    13.862 57094.75186931 17.05  52.525434  66.036140  3.955 -100.00 -100.00 -100.00
 246    12.720 57094.75186990 17.72  52.531861  66.035884  4.687 -100.00 -100.00 -100.00
 246    13.090 57094.75187049 18.45  52.538287  66.035627  5.423 -100.00 -100.00 -100.00
 246    13.237 57094.75187108 17.77  52.544714  66.035370  4.523 -100.00 -100.00 -100.00
 247    13.123 57104.66752553 15.30  52.522320  66.038050  5.023  229.03  214.82  195.46
 247    14.356 57104.66752612 14.58  52.528748  66.037793  4.303  229.03  214.82  195.46
 247    18.132 57104.66752671 14.59  52.535175  66.037537  4.264  229.03  214.82  195.46
 247    17.725 57104.66752731 14.46  52.541602  66.037280  4.397  229.03  214.82  195.46
 248     5.938 57114.58317748 21.27  52.518922  66.038488 20.603 -100.00 -100.00 -100.00
 248    14.883 57114.58317807 13.04  52.525350  66.038232  4.942 -100.00 -100.00 -100.00
 248    15.138 57114.58317866 14.01  52.531777  66.037975  6.781 -100.00 -100.00 -100.00
 248    18.312 57114.58317925 13.34  52.538205  66.037718  5.197 -100.00 -100.00 -100.00
 248    18.425 57114.58317984 13.02  52.544632  66.037461  4.730 -100.00 -100.00 -100.00
 249    11.508 57124.49882406 16.44  52.524293  66.036733 10.754 -100.00 -100.00 -100.00
 249    10.862 57124.49882465 16.40  52.530720  66.036476  9.672 -100.00 -100.00 -100.00
 249    10.348 57124.49882524 18.15  52.537148  66.036220 12.977 -100.00 -100.00 -100.00
 249    10.732 57124.49882584 16.14  52.543575  66.035962  8.132 -100.00 -100.00 -100.00
 250    11.329 57134.41446515 14.78  52.527257  66.034788  6.403 -100.00 -100.00 -100.00
 250     6.514 57134.41446574 16.90  52.533684  66.034531  9.939 -100.00 -100.00 -100.00
 250    10.874 57134.41446633 15.61  52.540110  66.034274  7.718 -100.00 -100.00 -100.00
 250     9.140 57134.41446692 17.11  52.546537  66.034017 10.316 -100.00 -100.00 -100.00
