# NaN NaN NaN ;Mean Elev.(m), Avg Gradient(m/km), RMS Gradient(m/km) - SRTM1     
#   -6.105  -2.230  10.585 ;Mean Elev.(m), Avg Gradient(m/km), RMS Gradient(m/km) - ASTER GDEM
#   22.080  -1.685   5.608 ;Mean Elev.(m), Avg Gradient(m/km), RMS Gradient(m/km) - GMTED2010 
   1  52.502503  66.120038     8.445     8.086  4 54668.38595380 27.134
   2  52.501125  66.120860     7.370     7.395  5 54678.30159796 29.252
   3  52.503780  66.122421     5.543     5.793  4 54688.21724125 29.759
   4  52.500021  66.123531     7.858     7.848  4 54698.13288201 43.464
   6  52.502055  66.120425    10.039    10.023  5 54717.96417643 20.633
   7  52.502438  66.118107     9.462     9.455  4 54727.87982567 33.971
   8  52.505379  66.117380     8.631     8.168  5 54737.79547352 25.273
   9  52.503504  66.118448    39.604    39.684  4 54747.71112065 29.134
  10  52.502786  66.119757    10.182    10.194  4 54757.62676752 24.937
  11  52.501189  66.119941    39.519    39.564  4 54767.54241227 27.825
  12  52.501720  66.118498    10.491    10.454  5 54777.45805393 49.930
  13  52.503946  66.116867     8.553     8.667  3 54787.37369334 44.603
  14  52.506968  66.116588     9.577     9.552  4 54797.28933176 45.006
  17  52.501889  66.121160     9.014     9.018  5 54827.03625572 16.328
  18  52.503066  66.120774     9.227     9.050  5 54836.95189496 15.307
  19  52.502532  66.120726     9.598     9.623  5 54846.86754437 15.073
  20  52.502057  66.121218     9.858     9.814  5 54856.78319316 14.745
  21  52.501450  66.122278     9.829     9.862  4 54866.69884195 14.520
  22  52.501322  66.122447     9.508     9.646  4 54876.61449022 14.527
  23  52.499892  66.121514    17.032     9.940  4 54886.53013544 14.913
  24  52.502627  66.119496    21.780    24.968  5 54896.44577762 14.824
  25  52.502064  66.117982    17.160    10.059  4 54906.36141686 14.536
  26  52.502501  66.117822    32.383    39.548  4 54916.27705500 12.997
  27  52.500988  66.118703    39.356    39.240  4 54926.19269277 13.369
  28  52.502100  66.119442    39.384    39.390  5 54936.10833013  9.676
  29  52.501976  66.119409    39.443    39.364  5 54946.02396549 10.335
  30  52.504048  66.118316    38.990    39.033  5 54955.93959845 12.679
  31  52.502322  66.117308    39.453    39.503  5 54965.85524649 26.073
  32  52.505052  66.117356    17.428    12.423  5 54975.77089457 45.823
  33  52.502967  66.118676    19.336    14.617  5 54985.68654207 42.847
  34  52.503561  66.120015    14.074    14.053  4 54995.60218984 28.218
  35  52.501316  66.120794    14.226    14.240  4 55005.51783582 39.075
  36  52.501582  66.120933    11.915    12.019  5 55015.43347984 22.338
  37  52.501565  66.121028     8.300     8.362  4 55025.34912244 49.633
  38  52.502710  66.121747     8.622     8.682  4 55035.26476465 41.030
  39  52.502257  66.122268     7.404     7.402  4 55045.18040594 28.423
  40  52.501485  66.121846     6.196     6.130  5 55055.09604548 30.409
  41  52.502719  66.120155     6.229     6.237  5 55065.01168293 33.138
  42  52.501220  66.118610     6.364     6.450  4 55074.92733042 27.806
  43  52.502937  66.117861     6.592     6.623  4 55084.84297847 30.560
  44  52.500887  66.118333     6.724     6.689  5 55094.75862456 35.075
  45  52.503059  66.118820     7.919     7.864  5 55104.67427087 35.028
  46  52.502715  66.118907     9.971     9.954  5 55114.58991675 19.631
  47  52.502182  66.118260     9.213     9.073  4 55124.50556017 45.051
  48  52.502190  66.117558     7.601     7.626  4 55134.42120088 40.733
  49  52.503019  66.117237     7.392     7.301  4 55144.33683954 47.049
  50  52.502318  66.117987     7.351     7.238  5 55154.25247741 37.069
  51  52.500805  66.119081     7.654     7.707  5 55164.16811554 31.488
  52  52.501339  66.120183     8.073     7.569  5 55174.08375364 25.476
  53  52.501504  66.120589     9.386     9.472  4 55183.99939241 19.115
  54  52.502896  66.120764     9.703     9.696  5 55193.91504373 17.832
  55  52.500767  66.121336     9.190     8.948  4 55203.83069344 17.648
  56  52.501352  66.122174     8.389     8.507  4 55213.74634272 17.327
  57  52.499789  66.122348     8.849     8.900  4 55223.66199134 17.014
  58  52.501256  66.121078    15.059     9.362  5 55233.57763867 16.414
  59  52.502108  66.118969    39.143    38.954  4 55243.49328274 12.582
  60  52.501782  66.117409    15.016     8.596  5 55253.40892355 15.940
  61  52.503649  66.117396     9.525     9.535  5 55263.32456248 15.419
  62  52.502252  66.118823     9.249     9.278  4 55273.24020016 15.982
  63  52.500006  66.119721     8.823     8.852  4 55283.15583743 15.577
  64  52.501296  66.119114     8.007     7.901  4 55293.07147373 13.721
  66  52.506519  66.116608    39.126    39.070  4 55312.90275808 27.138
  67  52.500011  66.117350    29.646    27.309  5 55322.81840288 38.264
  68  52.502277  66.118858    34.049    38.717  5 55332.73404721 27.070
  69  52.501652  66.120185    13.514    13.554  4 55342.64969123 25.970
  70  52.501596  66.120387     9.385     9.468  4 55352.56533500 44.042
  71  52.502476  66.120173    17.276    11.849  5 55362.48097670 27.760
  72  52.503389  66.120343    10.306    10.192  4 55372.39661644 21.546
  74  52.504513  66.122348     8.951     9.019  4 55392.22789236 24.660
  75  52.501571  66.122498     7.599     7.619  5 55402.14352819 26.908
  76  52.503354  66.120745     7.046     7.092  4 55412.05917918 29.520
  77  52.503861  66.118213     7.353     6.619  5 55421.97482875 28.107
  78  52.506574  66.116546     6.777     6.810  4 55431.89047574 45.690
  79  52.502572  66.117266     7.760     7.788  4 55441.80612000 29.465
  80  52.500434  66.118930     7.643     7.611  5 55451.72176288 50.333
  81  52.502405  66.120001     8.582     8.365  5 55461.63740541 50.678
  82  52.500919  66.119169     8.881     8.919  5 55471.55304616 33.687
  83  52.503190  66.117399    14.364     7.975  5 55481.46868437 23.767
  84  52.505349  66.116188    24.540    24.473  4 55491.38432024 22.760
  85  52.505741  66.117068     8.783     8.885  5 55501.29995401 42.466
  86  52.501424  66.119229     8.957     8.987  4 55511.21559724 46.402
  87  52.501088  66.120871     9.968     9.928  5 55521.13124686 45.922
  88  52.501761  66.121185     9.746     9.750  4 55531.04689546 27.664
  89  52.503082  66.120454     9.717     9.682  4 55540.96254247 22.197
  90  52.502093  66.120067     9.491     9.478  4 55550.87818713 22.242
  91  52.502378  66.120775     9.898     9.842  4 55560.79383034 20.740
  92  52.502902  66.122052     9.876     9.962  4 55570.70947277 18.781
  93  52.500678  66.122312     9.900     9.988  4 55580.62511389 18.018
  94  52.502105  66.120496     9.577     9.542  5 55590.54075244 18.201
  95  52.502130  66.117778    15.721     9.806  5 55600.45638773 17.493
  96  52.504904  66.116140    24.627    24.326  4 55610.37202101 16.319
  97  52.500006  66.117123     9.678     9.702  5 55620.28765233 16.248
  98  52.501086  66.119345     9.625     9.696  4 55630.20330383 15.808
  99  52.502007  66.120534     9.657     9.537  5 55640.11895483 15.102
 100  52.501802  66.119515     9.715     9.645  4 55650.03460326 14.579
 101  52.505400  66.117090    39.255    39.251  5 55659.95024862 25.773
 102  52.505210  66.115911    39.348    39.240  4 55669.86589007 32.522
 103  52.504223  66.117104    16.528    10.716  5 55679.78152941 41.162
 104  52.499986  66.119749    13.370    13.191  4 55689.69716653 51.706
 105  52.499779  66.121640    12.624    12.543  4 55699.61280251 33.697
 106  52.502006  66.121748    11.790    11.808  4 55709.52844110 24.802
 107  52.501316  66.120777    13.108    13.095  5 55719.44409147 25.236
 108  52.499994  66.120346    11.348    11.427  4 55729.35973944 49.661
 109  52.502458  66.120746     9.029     9.137  5 55739.27538638 48.667
 110  52.501864  66.121549     7.533     7.547  5 55749.19103180 49.462
 111  52.501529  66.121506     6.740     6.707  5 55759.10667491 32.612
 112  52.502431  66.120141     6.328     6.359  5 55769.02231533 29.017
 113  52.500241  66.117975     6.268     6.344  5 55778.93795225 34.488
 114  52.503161  66.116501     6.946     6.162  5 55788.85358708 27.711
 115  52.501606  66.117133     6.257     6.268  5 55798.76922020 48.949
 116  52.502804  66.118807     6.411     6.109  5 55808.68486576 41.911
 117  52.501844  66.120233     6.049     5.789  5 55818.60051459 41.913
 118  52.501940  66.119737     6.008     6.012  4 55828.51615940 28.771
 119  52.502995  66.117957     7.774     7.047  5 55838.43179993 26.666
 120  52.507608  66.116459     8.517     8.422  4 55848.34743772 24.140
 121  52.500990  66.117492     9.797     9.908  5 55858.26307233 27.159
 122  52.500951  66.119822     8.306     8.322  5 55868.17871918 42.900
 123  52.502605  66.121797    44.127    39.448  4 55878.09437107 21.577
 133  52.502426  66.117694    27.602    24.981  5 55977.25080043 14.086
 134  52.501472  66.119123    33.097    38.346  5 55987.16643655 12.697
 135  52.502908  66.119804    39.316    39.244  4 55997.08207510 11.639
 136  52.502000  66.119158    39.387    39.383  5 56006.99772647 11.045
 137  52.502394  66.117832    39.218    39.257  4 56016.91337382 11.141
 139  52.500963  66.118520     7.043     6.218  5 56036.74466078 21.042
 141  52.500555  66.121672    39.380    39.499  4 56056.57593938 32.693
 142  52.500582  66.122028    39.575    39.641  4 56066.49157307 29.173
 143  52.503079  66.121455    13.796    13.778  4 56076.40722089 25.062
 144  52.501756  66.121138    11.621    11.644  5 56086.32286986 21.920
 145  52.501863  66.121003    39.468    39.497  4 56096.23851655 30.363
 146  52.503499  66.120742    10.182    10.238  4 56106.15416126 21.778
 147  52.501232  66.119905     8.524     8.359  4 56116.06979118 25.953
 148  52.501569  66.118894     7.981     7.887  4 56125.98542917 49.077
 149  52.503100  66.117897    33.960    39.595  5 56135.90106333 26.361
 150  52.504683  66.117752     7.462     7.382  5 56145.81670622 34.742
 151  52.501427  66.118358     7.883     7.932  5 56155.73235560 45.304
 152  52.502753  66.119105     7.535     7.417  5 56165.64800443 50.917
 153  52.501799  66.119314     7.034     7.001  5 56175.56365082 50.763
 154  52.501279  66.118923    39.633    39.634  5 56185.47929219 26.454
 155  52.503754  66.118159    39.480    39.510  5 56195.39493005 30.320
 156  52.502466  66.118349    43.219    39.434  5 56205.31056461 28.892
 157  52.502590  66.119597     8.384     8.372  5 56215.22619783 41.758
 158  52.501875  66.121285    39.496    39.536  4 56225.14183572 22.725
 159  52.502887  66.121922     8.066     8.010  4 56235.05749138 49.043
 160  52.502939  66.121662     7.853     7.818  4 56244.97314305 47.290
 161  52.503736  66.121113     8.440     8.421  4 56254.88878975 35.700
 162  52.501827  66.121213     8.173     8.149  5 56264.80443212 29.792
 165  52.502949  66.119479    38.037    38.021  5 56294.55136887 10.667
 166  52.503003  66.117700    38.597    38.695  5 56304.46701556 11.565
 167  52.500176  66.117225    33.255    38.638  5 56314.38265818 13.857
 168  52.503284  66.118167     6.573     6.555  4 56324.29829931 20.374
 169  52.503097  66.119570    38.724    39.094  4 56334.21393944 11.290
 170  52.501475  66.119879    33.783    39.419  5 56344.12957873 12.028
 171  52.502291  66.119099     7.633     7.024  5 56354.04521594 18.032
 172  52.502655  66.118074     9.031     8.925  5 56363.96085974 17.275
 173  52.502978  66.118048     9.086     9.045  5 56373.87650875 16.574
 175  52.500629  66.121043     8.787     8.755  4 56393.70779862 15.928
 176  52.500156  66.121891    39.415    39.295  4 56403.62344080 31.386
 177  52.501453  66.121875    39.379    39.404  5 56413.53908022 32.337
 178  52.502890  66.121184    23.563    26.613  5 56423.45471472 37.062
 179  52.502085  66.120965    17.130    11.387  5 56433.37035858 31.230
 180  52.501219  66.121155    11.779    11.885  5 56443.28601085 50.939
 181  52.503918  66.121598    11.635    11.485  4 56453.20166090 50.568
 182  52.500237  66.121004    11.150    11.154  4 56463.11730773 22.968
 184  52.504709  66.117385     7.729     7.793  5 56482.94859239 29.684
 185  52.504387  66.117061     6.698     6.806  5 56492.86422926 50.179
 187  52.502275  66.120226     5.813     5.910  5 56512.69549638 50.281
 188  52.502109  66.120634     5.785     5.842  5 56522.61114441 37.990
 189  52.502150  66.119506     6.244     6.398  4 56532.52679679 41.679
 191  52.504690  66.117943     6.777     6.838  5 56552.35809050 46.523
 192  52.501155  66.119765     6.821     6.893  5 56562.27373287 41.669
 193  52.503391  66.121921     6.755     6.680  4 56572.18937459 38.834
 194  52.501578  66.123117     7.749     7.722  4 56582.10501407 48.813
 195  52.502121  66.122403     7.182     7.135  5 56592.02064946 47.560
 196  52.502026  66.120875     8.233     8.224  5 56601.93629944 36.637
 197  52.500422  66.120122    11.808    11.900  4 56611.85194889 47.390
 198  52.502267  66.120860    18.496    13.406  5 56621.76759417 29.703
 199  52.503935  66.121703    10.878    10.758  4 56631.68323646 18.306
 200  52.504243  66.121375    10.202    10.229  4 56641.59887453 15.930
 201  52.501461  66.119342    10.063    10.026  5 56651.51452277 14.290
 202  52.505087  66.117102    15.795     9.791  5 56661.43017317 11.702
 203  52.506128  66.116608    17.497    10.288  4 56671.34582021 11.600
 205  52.502931  66.120524    31.857    38.789  4 56691.17710806 10.397
 206  52.500031  66.121130    31.953    39.148  4 56701.09274729 11.666
 207  52.500629  66.119708    23.807    23.682  4 56711.00838203 13.745
 208  52.503885  66.118258    27.734    29.637  5 56720.92402601 10.791
 209  52.502463  66.118266     8.142     8.142  4 56730.83967772 16.197
 211  52.504235  66.122562    39.246    39.200  4 56750.67096969 10.245
 212  52.500197  66.123547    39.136    39.041  4 56760.58660816 10.974
 213  52.501525  66.122629    39.503    39.533  5 56770.50224058 23.716
 214  52.502656  66.120842    10.455    10.482  5 56780.41789346 22.829
 215  52.501807  66.119882    19.416    12.734  4 56790.33354850 41.081
 216  52.500393  66.120248    39.535    39.710  4 56800.24920029 30.925
 217  52.501410  66.121222    24.735    23.181  5 56810.16484562 29.521
 219  52.501236  66.119673    13.115    13.132  4 56829.99612217 49.407
 220  52.503180  66.117588    12.847    12.738  5 56839.91175545 51.375
 221  52.501839  66.117058    10.094     9.959  5 56849.82738933 52.381
 222  52.502957  66.118405    10.222    10.540  5 56859.74304392 24.424
 223  52.501095  66.120535     7.414     7.431  4 56869.65869735 47.788
 224  52.502364  66.121282     7.524     7.370  4 56879.57434861 25.840
 225  52.503417  66.120264     7.001     7.035  4 56889.48999636 25.172
 226  52.503521  66.118695     8.085     7.378  4 56899.40564126 25.691
 227  52.502958  66.118754     7.099     7.193  5 56909.32128384 29.631
 228  52.503046  66.120552     7.950     7.903  5 56919.23692469 26.966
 229  52.500731  66.122834     8.237     8.213  4 56929.15256324 44.490
 230  52.502575  66.123617     8.075     7.933  5 56939.06819769 27.872
 231  52.499852  66.122721     8.008     7.911  4 56948.98383275 47.753
 232  52.504169  66.120755     7.336     7.327  4 56958.89948592 40.542
 233  52.503037  66.119745     8.390     8.186  5 56968.81513338 28.342
 234  52.501500  66.120071     8.256     8.279  5 56978.73077688 31.765
 235  52.504149  66.120808     8.094     8.109  4 56988.64641629 27.361
 236  52.501592  66.120844    21.868    25.263  5 56998.56204904 16.851
 237  52.501270  66.119632    21.843    14.281  5 57008.47769910 17.899
 238  52.502855  66.117990    28.018    30.105  5 57018.39335223 17.792
 239  52.502161  66.117525    25.025    24.949  4 57028.30900194 16.497
 240  52.503982  66.118614    21.995    14.170  5 57038.22465018 17.705
 241  52.502689  66.120179    17.145    10.142  4 57048.14029567 18.994
 242  52.502224  66.120996     9.609     9.605  5 57058.05593742 18.507
 243  52.501784  66.120489     9.783     9.765  4 57067.97157357 17.569
 244  52.501093  66.119921    15.508     9.860  5 57077.88720539 17.314
 245  52.502766  66.120112    31.779    38.691  4 57087.80283876 14.933
 246  52.502451  66.121434    39.257    39.326  5 57097.71849732 12.025
 247  52.500235  66.122882    39.333    39.304  4 57107.63415278 12.372
 248  52.500504  66.123177    22.752    22.586  4 57117.54980348 11.066
 249  52.501283  66.122153     9.117     9.668  4 57127.46544807 13.183
 250  52.501542  66.120819    31.774    38.347  4 57137.38108716 11.486
