# NaN NaN NaN ;Mean Elev.(m), Avg Gradient(m/km), RMS Gradient(m/km) - SRTM1     
#  -12.969  -0.118  15.872 ;Mean Elev.(m), Avg Gradient(m/km), RMS Gradient(m/km) - ASTER GDEM
#   33.557   0.014   9.565 ;Mean Elev.(m), Avg Gradient(m/km), RMS Gradient(m/km) - GMTED2010 
   3  56.685453  66.088684   -12.133   -12.133  2 54681.26860644 18.329
   4  56.680696  66.089644    79.708    79.708  2 54691.18424864  9.557
   5  56.681309  66.089654    -6.914    -6.914  2 54701.09988902 20.807
   6  56.683028  66.088261   102.236   102.236  2 54711.01553589  1.293
   7  56.684834  66.086611    11.389    11.389  2 54720.93118727 11.832
   8  56.683921  66.085348    98.026    96.415  3 54730.84683578 13.719
   9  56.684991  66.085261    96.289    96.289  2 54740.76248283 16.751
  10  56.685486  66.085652    99.052    99.052  2 54750.67812978  6.298
  11  56.683233  66.085985    85.453    87.602  3 54760.59377632 14.993
  12  56.682297  66.085558    96.557    96.557  2 54770.50942061 23.436
  13  56.682397  66.084861   107.455   107.413  3 54780.42506174 20.868
  14  56.679994  66.084373   108.807   112.518  3 54790.34070008 15.695
  15  56.683029  66.084767    90.214    90.280  3 54800.25633782 12.543
  20  56.680405  66.088131   102.834   102.834  2 54849.83455426  0.728
  24  56.685416  66.086849   102.165   102.165  2 54889.49714402  0.458
  26  56.680162  66.084859   103.109   103.340  3 54909.32842385  1.005
  27  56.684732  66.085800   102.343   102.343  2 54919.24406199  1.636
  28  56.682112  66.086733   103.320   103.320  2 54929.15969920  5.820
  29  56.681446  66.086222   103.043   103.043  2 54939.07533574  0.240
  30  56.682100  66.084935   103.161   103.080  3 54948.99097075  0.614
  32  56.677796  66.084596    94.346    92.965  3 54968.82225621  7.474
  33  56.682645  66.085737    98.504    98.504  2 54978.73790403 10.028
  34  56.685027  66.086699    91.681    91.681  2 54988.65355157 25.975
  35  56.683673  66.086894    96.268    96.268  2 54998.56919891  5.119
  36  56.685697  66.086812   101.779   101.779  2 55008.48484476  0.219
  39  56.682849  66.089371    92.384    92.384  2 55038.23177258  4.797
  41  56.685244  66.088517    28.993    28.993  2 55058.06305233 45.462
  45  56.683123  66.085619   105.380   109.470  3 55097.72563429 23.221
  46  56.680438  66.086882    94.852    94.852  2 55107.64127972 22.179
  47  56.680726  66.086381    95.795    95.795  2 55117.55692470 23.331
  48  56.682319  66.084522   100.923    99.735  3 55127.47256752  2.207
  50  56.679171  66.083647    30.340    30.336  4 55147.30384626 40.450
  51  56.683980  66.085575    31.361    31.361  2 55157.21948462 45.291
  52  56.681958  66.087398    30.733    30.733  2 55167.13512229 27.953
  57  56.680650  66.089372    98.871    98.871  2 55216.71335279  0.328
  60  56.676155  66.085470   103.760   103.760  2 55246.46028964  0.565
  63  56.683188  66.085860   102.295   102.663  3 55276.20720728  0.697
  64  56.684977  66.087177   102.464   102.464  2 55286.12284460  2.604
  66  56.677652  66.084551    29.341    29.426  3 55305.95411899 25.556
  67  56.679489  66.083023    95.552    94.249  3 55315.86976614  6.541
  68  56.676952  66.083847    95.397    95.384  3 55325.78541139 24.291
  69  56.683420  66.085889   100.458   100.458  2 55335.70105627  8.539
  70  56.682195  66.087779    91.528    91.528  2 55345.61670004 20.954
  71  56.680499  66.088106    99.204    99.204  2 55355.53234272 12.541
  72  56.685092  66.087446    98.605    98.605  2 55365.44798397  5.838
  73  56.684457  66.087092    99.289    99.289  2 55375.36362320  2.278
  74  56.683244  66.087795    94.107    94.107  2 55385.27926132 10.433
  79  56.678845  66.083521   102.307   102.387  3 55434.85748349  0.451
  80  56.678030  66.083693   108.225   110.720  4 55444.77312768 19.289
  81  56.683212  66.085212   100.122    99.727  3 55454.68877133  5.629
  82  56.685399  66.086831    99.362    99.362  2 55464.60441396  4.124
  83  56.685354  66.086579    99.297    99.297  2 55474.52005373 14.140
  84  56.680130  66.084870    99.896    99.861  4 55484.43569009  8.490
  85  56.679049  66.083185   100.635   101.570  3 55494.35132474  5.968
  86  56.678338  66.083813    99.758   100.018  4 55504.26695833 10.762
  87  56.682766  66.085904    95.746    95.746  2 55514.18260780 19.534
  88  56.684005  66.088004    31.994    31.994  2 55524.09825750 41.171
  89  56.681637  66.088662    31.507    31.507  2 55534.01390512 32.819
 102  56.682634  66.084602    29.726    29.686  3 55662.91725639 23.678
 103  56.678172  66.084011    95.824    95.849  4 55672.83289637  7.307
 104  56.680523  66.084538    98.616    98.450  3 55682.74853545  6.124
 105  56.682854  66.086288    99.125    98.862  3 55692.66417303  9.368
 107  56.683363  66.088597    99.152    99.152  2 55712.49545215  3.221
 108  56.685667  66.088180   102.827   102.827  2 55722.41110181  1.090
 109  56.682743  66.087962    99.799    99.799  2 55732.32674899  1.678
 111  56.683421  66.087917    29.414    29.414  2 55752.15804015 27.314
 113  56.682787  66.086151    32.414    33.535  3 55771.98932249 26.785
 114  56.681411  66.084749    28.960    28.939  3 55781.90495864 50.725
 115  56.680355  66.084421    29.175    28.958  3 55791.82059219 28.552
 116  56.678728  66.085117    29.344    29.327  3 55801.73622499 47.691
 117  56.681462  66.085933    29.547    29.547  2 55811.65187534 47.478
 118  56.683441  66.086185    31.459    31.459  2 55821.56752407 29.017
 120  56.681765  66.084756   102.189   101.837  3 55841.39880695  1.112
 121  56.678232  66.084622    98.680    98.879  3 55851.31444280 16.903
 123  56.685942  66.087034    30.689    30.689  2 55871.14573064 43.444
 135  56.682735  66.086446   102.451   102.174  3 55990.13344189  0.668
 136  56.682276  66.085873   102.829   102.829  2 56000.04908582  0.510
 137  56.677365  66.084909   103.367   103.652  3 56009.96473607  0.711
 138  56.677532  66.084580   103.455   103.558  3 56019.88038271  1.564
 139  56.681586  66.085221   103.194   103.213  3 56029.79602671  3.022
 142  56.683868  66.088341    99.737    99.737  2 56059.54294533 25.740
 143  56.680661  66.088148    99.571    99.571  2 56069.45858010 10.810
 144  56.680214  66.087931   100.472   100.472  2 56079.37423112  6.420
 145  56.682432  66.088128    99.742    99.742  2 56089.28987967  5.247
 146  56.684010  66.088647    95.895    95.895  2 56099.20552567 19.784
 148  56.683131  66.086441   100.507   110.659  3 56119.03679808 21.912
 149  56.679493  66.084610    98.999   105.026  4 56128.95243467 18.774
 152  56.682019  66.086604   108.773   108.773  2 56158.69936579  3.986
 154  56.682464  66.086016    79.400    79.400  2 56178.53065858  7.766
 155  56.677288  66.084647   102.760   102.760  2 56188.44629857  0.724
 156  56.679599  66.084209   100.506   100.439  4 56198.36193586  6.696
 157  56.685035  66.085632   100.155   100.155  2 56208.27757057  4.641
 158  56.682503  66.088026   100.098   100.098  2 56218.19320290  2.856
 159  56.681351  66.089373    94.105    94.105  2 56228.10884788 18.028
 160  56.682672  66.088842    29.171    29.171  2 56238.02450223 37.245
 163  56.683877  66.087948    30.350    30.350  2 56267.77144021 29.236
 164  56.681342  66.088729    29.976    29.976  2 56277.68708040 26.962
 166  56.683019  66.086268    30.058    30.056  3 56297.51837822 22.141
 170  56.683441  66.086918    88.961    88.961  2 56337.18094716  7.105
 171  56.681451  66.087739   102.258   102.258  2 56347.09658537  1.885
 172  56.684653  66.086410   100.159   100.159  2 56357.01222152  1.761
 173  56.680219  66.084659   102.752   102.420  3 56366.92786944  0.969
 176  56.680755  66.088504   102.905   102.905  2 56396.67480707  3.316
 180  56.681090  66.087098   102.234   102.234  2 56436.33736956 26.387
 181  56.681359  66.087375   100.015   100.015  2 56446.25302131  5.416
 183  56.682288  66.088185    93.994    93.994  2 56466.08431708 21.934
 184  56.683466  66.086447    30.622    30.636  3 56475.99995963 51.733
 185  56.677784  66.084381    29.697    29.631  3 56485.91559800 48.385
 187  56.681288  66.084976    28.872    28.712  3 56505.74686875 35.717
 192  56.680209  66.084851    29.297    29.315  3 56555.32509794 38.019
 194  56.684891  66.088787   101.247   101.247  2 56575.15638252 18.907
 196  56.683341  66.089727   107.270   107.270  2 56594.98765715 16.838
 197  56.683170  66.088140    97.392    97.392  2 56604.90331001 20.122
 198  56.684451  66.086979    95.827    95.827  2 56614.81895817 16.439
 199  56.683132  66.087188    91.873    91.873  2 56624.73460228 15.286
 200  56.685220  66.087649    30.490    30.490  2 56634.65024390 37.219
 202  56.681473  66.086526   102.820   102.820  2 56654.48153368  0.686
 209  56.684819  66.085850    95.453    95.453  2 56723.89103718  3.250
 210  56.683216  66.085633   102.698   102.698  2 56733.80668747  2.600
 211  56.685390  66.087093   102.183   102.183  2 56743.72233466  3.327
 212  56.685149  66.089045   102.193   102.193  2 56753.63797731  3.445
 213  56.682295  66.090075    29.047    29.047  2 56763.55361434 36.727
 215  56.681049  66.088161   100.161   100.161  2 56783.38490549  8.294
 216  56.681346  66.087277    98.986    98.986  2 56793.30055930  6.329
 217  56.682402  66.087161   103.650   103.650  2 56803.21621028  7.610
 218  56.681571  66.087338    98.162    98.162  2 56813.13185325  8.952
 219  56.681109  66.086939    99.327    99.327  2 56823.04749274  3.321
 220  56.684375  66.085907    88.462    88.462  2 56832.96312841 23.787
 221  56.680512  66.085226    95.912    95.889  3 56842.87876000 22.490
 228  56.680697  66.087020   101.343   101.343  2 56912.28829111  2.101
 229  56.680484  66.088159   101.160   101.160  2 56922.20393130  2.914
 230  56.684778  66.089237    99.867    99.867  2 56932.11956964  3.801
 231  56.683121  66.089545   111.266   111.266  2 56942.03520224 17.384
 232  56.681158  66.088939    30.050    30.050  2 56951.95084484 40.753
 233  56.680062  66.087969    30.410    30.410  2 56961.86649580 40.208
 235  56.680500  66.087596    30.550    30.550  2 56981.69778395 27.017
 236  56.685380  66.087293   102.081   102.081  2 56991.61342192  0.745
 238  56.683861  66.085491   102.446   102.346  3 57011.44471149  0.819
 239  56.681873  66.084971   102.801   102.501  3 57021.36036298  1.020
 244  56.682482  66.086577   102.921   102.921  2 57070.93857930  0.781
 245  56.685149  66.086867   102.506   102.506  2 57080.85421034  5.622
 247  56.682648  66.089552   101.924   101.924  2 57100.68550938  2.664
 250  56.685443  66.087591   102.233   102.233  2 57130.43245609  1.082
