# NaN NaN NaN ;Mean Elev.(m), Avg Gradient(m/km), RMS Gradient(m/km) - SRTM1     
#  -11.106  -1.784  11.165 ;Mean Elev.(m), Avg Gradient(m/km), RMS Gradient(m/km) - ASTER GDEM
#   22.064  -1.655   5.852 ;Mean Elev.(m), Avg Gradient(m/km), RMS Gradient(m/km) - GMTED2010 
   1  52.503620  66.122419     8.958     8.997  3 54664.40356441 36.834
   2  52.502397  66.123471     7.759     7.848  5 54674.31920908 32.450
   3  52.503771  66.124972     5.317     5.382  4 54684.23485259 29.929
   4  52.500388  66.125671     6.714     6.730  4 54694.15049424 35.523
   5  52.500080  66.124790     7.293     7.338  4 54704.06613365 39.593
   6  52.500122  66.122567     9.254     9.399  4 54713.98178413 21.803
   7  52.501716  66.120599     9.575     9.533  4 54723.89743482 31.911
   8  52.502707  66.120131     8.361     8.262  5 54733.81308321 32.772
   9  52.503345  66.121500     8.262     8.261  4 54743.72873022 50.013
  10  52.501789  66.122709    10.498    10.450  4 54753.64437669 49.477
  11  52.500491  66.122379     8.766     8.771  4 54763.56002254 48.880
  12  52.503184  66.120504    10.145    10.077  4 54773.47566612 22.654
  13  52.500722  66.118884     9.245     9.260  4 54783.39130651 40.423
  14  52.501566  66.119089     8.506     8.580  4 54793.30694502 47.475
  17  52.502352  66.122990     9.069     9.047  5 54823.05386306 16.774
  18  52.502608  66.122242     8.700     8.637  4 54832.96950332 16.237
  19  52.503690  66.122223    10.019    10.059  4 54842.88515350 14.570
  20  52.502924  66.123453     9.137     9.145  4 54852.80080240 14.781
  21  52.500017  66.125241     9.535     9.534  4 54862.71645082 15.050
  22  52.504922  66.126111     9.684     9.816  4 54872.63209986 15.704
  23  52.502642  66.124823    15.403    10.421  5 54882.54774618 15.052
  24  52.503105  66.122108     9.921     9.608  4 54892.46338939 14.659
  25  52.501003  66.119854    32.134    38.903  4 54902.37902959 13.965
  26  52.500675  66.119917    16.984    10.093  4 54912.29466851 14.565
  27  52.503677  66.121628    38.788    38.833  4 54922.21030679 10.929
  28  52.499847  66.122844    39.171    39.119  4 54932.12594371 13.658
  29  52.501372  66.122226    39.231    39.206  5 54942.04157943 10.869
  30  52.501278  66.120212    31.600    38.526  4 54951.95721324 14.676
  31  52.501669  66.118542     7.463     7.451  5 54961.87285542 21.117
  32  52.503011  66.119099    13.441    13.306  4 54971.78850420 40.694
  33  52.502781  66.121013    39.445    39.550  4 54981.70415175 30.385
  34  52.504397  66.122928    26.811    26.513  4 54991.61979916 31.392
  35  52.500185  66.123251    14.126    14.046  4 55001.53544551 28.135
  36  52.504310  66.122992    12.439    12.364  4 55011.45109080 25.084
  37  52.502436  66.122464    11.586    11.644  5 55021.36673408 22.778
  38  52.499972  66.123200    10.220    10.537  4 55031.28237630 21.436
  39  52.502732  66.124569     7.915     7.932  4 55041.19801830 28.668
  40  52.503788  66.125296     6.539     6.592  4 55051.11365867 31.597
  41  52.502213  66.124070     6.313     6.391  5 55061.02929662 30.804
  42  52.501989  66.121540     6.245     6.224  4 55070.94493853 48.899
  43  52.503003  66.119403     6.762     6.762  4 55080.86058758 41.896
  44  52.501640  66.119243     6.453     6.567  4 55090.77623468 28.699
  45  52.500380  66.120852     8.635     8.692  4 55100.69188103 20.655
  46  52.500572  66.122566     8.247     8.219  4 55110.60752705 36.376
  47  52.500578  66.122364     9.674     9.674  4 55120.52317121 28.780
  48  52.500658  66.120396     8.307     8.163  4 55130.43881266 35.539
  49  52.500349  66.118490     6.928     6.925  4 55140.35445209 40.777
  50  52.501522  66.118763     7.766     7.764  5 55150.27009075 37.079
  51  52.500080  66.120834    31.796    38.632  4 55160.18572908 15.226
  52  52.500822  66.122904     8.621     8.755  4 55170.10136722 24.799
  53  52.502934  66.123614     9.428     9.465  4 55180.01700418 20.086
  54  52.503422  66.122978     9.208     9.227  4 55189.93265158 17.961
  55  52.502074  66.122794     9.192     9.209  4 55199.84830188 18.004
  56  52.502234  66.123461     8.252     8.745  5 55209.76395159 17.613
  57  52.503863  66.124546     7.696     7.917  4 55219.67960096 17.347
  58  52.503834  66.124446     7.171     7.093  4 55229.59524925 17.876
  59  52.501946  66.123175     9.304     9.294  4 55239.51089418 17.561
  60  52.501596  66.121096     9.249     9.339  4 55249.42653563 17.080
  61  52.502843  66.119726    27.748    35.248  5 55259.34217491 12.574
  62  52.502336  66.119787     9.154     8.924  4 55269.25781329 15.552
  63  52.502033  66.120965     9.394     9.485  4 55279.17345153 14.325
  64  52.502334  66.121816    39.370    39.317  5 55289.08908853  8.880
  65  52.503367  66.121628     7.283     7.277  4 55299.00472319 14.568
  66  52.502180  66.120216    39.399    39.426  4 55308.92036685 18.075
  67  52.500476  66.119084    22.395    20.775  5 55318.83601270 40.922
  68  52.503610  66.119426    13.959    13.898  4 55328.75165797 51.620
  69  52.502459  66.121089    14.043    13.923  5 55338.66730238 27.347
  70  52.502665  66.122801    11.705    11.722  5 55348.58294654 23.447
  71  52.504171  66.123609    25.521    25.618  4 55358.49858894 24.934
  72  52.502036  66.123478    10.232    10.256  4 55368.41422890 29.321
  73  52.502764  66.123276     9.360     9.270  4 55378.32986764 50.730
  74  52.500593  66.123488     9.121     9.090  4 55388.24550535 22.259
  75  52.500165  66.123793     7.686     7.702  4 55398.16114228 40.953
  76  52.501806  66.123399     7.120     7.064  5 55408.07678704 49.528
  77  52.500029  66.122003     6.569     6.546  4 55417.99243779 28.806
  78  52.503586  66.120394     6.960     6.718  4 55427.90808555 29.525
  79  52.502093  66.119685     8.494     8.640  5 55437.82373019 23.220
  80  52.502190  66.120208     7.532     7.511  4 55447.73937364 33.349
  81  52.501912  66.121071     8.413     8.267  5 55457.65501675 48.937
  82  52.502620  66.121518     8.710     8.741  5 55467.57065926 32.684
  83  52.502389  66.120888     8.830     8.836  4 55477.48629842 31.139
  84  52.500652  66.119859     9.586     9.660  4 55487.40193429 39.441
  85  52.500017  66.119264     9.989    10.136  4 55497.31756802 22.783
  86  52.503557  66.120186     8.544     8.548  4 55507.23320532 50.362
  87  52.499941  66.121495     9.287     9.341  4 55517.14885543 47.655
  88  52.502108  66.122784     9.879     9.893  4 55527.06450514 27.389
  89  52.502226  66.123272     9.360     9.387  5 55536.98015265 25.282
  90  52.501129  66.123336     9.208     9.086  4 55546.89579783 21.800
  91  52.500940  66.123628     9.145     9.169  4 55556.81144130 20.542
  92  52.503481  66.124193     9.350     9.067  4 55566.72708414 21.108
  93  52.502122  66.123974     9.792     9.783  4 55576.64272594 18.453
  94  52.500374  66.122569     9.569     9.430  4 55586.55836578 18.346
  95  52.502858  66.120747     9.594     9.575  5 55596.47400283 17.907
  96  52.500205  66.119619     9.642     9.727  4 55606.38963640 16.673
  97  52.502045  66.119766    21.586    19.844  5 55616.30526831 15.302
  98  52.501116  66.120878     9.735     9.697  5 55626.22091076 15.331
  99  52.501594  66.121405     9.421     9.596  5 55636.13656272 15.178
 100  52.501798  66.121062     9.368     9.400  5 55646.05221258 14.648
 101  52.500232  66.120015     7.633     7.553  4 55655.96785949 20.740
 102  52.503005  66.119503    39.365    39.434  4 55665.88350232 28.687
 103  52.501334  66.119898    39.663    39.663  4 55675.79914183 29.832
 104  52.503637  66.121246    11.942    11.946  4 55685.71477995 41.489
 105  52.502047  66.122444    26.437    26.373  4 55695.63041657 30.938
 106  52.500015  66.122933    11.855    11.896  4 55705.54605187 41.076
 107  52.504359  66.122917    12.284    12.281  4 55715.46170065 26.982
 108  52.500445  66.122923    12.752    12.672  4 55725.37734917 23.521
 109  52.501950  66.123613     9.147     9.091  5 55735.29299631 42.913
 110  52.504764  66.124399     7.759     7.768  4 55745.20864229 31.027
 111  52.504956  66.124093     6.718     6.691  4 55755.12428632 35.437
 112  52.503400  66.122265     6.283     6.266  4 55765.03992782 32.027
 113  52.501662  66.120000     6.066     6.101  5 55774.95556646 28.140
 114  52.503229  66.118861     6.058     5.902  5 55784.87120228 50.484
 115  52.501354  66.119802     6.059     6.071  5 55794.78683561 29.756
 116  52.502408  66.121506     6.505     6.451  4 55804.70247377 47.759
 117  52.502038  66.122208     6.509     6.557  4 55814.61812317 41.535
 118  52.502966  66.121130     6.395     6.350  4 55824.53377037 39.013
 119  52.501392  66.119504     6.561     6.742  5 55834.44941272 33.162
 120  52.501384  66.118842     8.287     8.022  4 55844.36505140 24.701
 121  52.501174  66.120011    31.532    38.894  4 55854.28068713 20.575
 122  52.501048  66.122061     9.825     9.822  4 55864.19632546 34.581
 123  52.503225  66.123535     6.951     6.864  4 55874.11197917 43.788
 133  52.503108  66.119737     9.139     9.147  4 55973.26841482 16.468
 134  52.502280  66.121906     7.602     7.736  5 55983.18405089 16.311
 135  52.503240  66.122713    39.086    39.106  4 55993.09968516 12.059
 136  52.501775  66.121530    32.081    39.145  4 56003.01533418 12.818
 137  52.502022  66.119439    39.418    39.479  4 56012.93098352 10.964
 139  52.503882  66.120378     6.642     6.473  4 56032.76227298 18.193
 141  52.500028  66.124415    32.458    39.160  4 56052.59355259 35.486
 142  52.504357  66.124283    39.213    39.149  4 56062.50918864 30.019
 143  52.502035  66.122933    29.097    35.753  5 56072.42482880 26.793
 144  52.504115  66.122437    12.175    12.136  4 56082.34047926 22.272
 145  52.502125  66.122995    10.296    10.306  4 56092.25612685 43.553
 146  52.503487  66.124074    10.075     9.856  4 56102.17177246 21.667
 147  52.499629  66.123741     8.784     8.729  4 56112.08740321 47.972
 148  52.500004  66.121988    41.597    39.945  4 56122.00304236 21.497
 149  52.502024  66.119605     7.642     7.648  4 56131.91867784 27.671
 150  52.501385  66.118539     9.468     9.641  4 56141.83431378 23.547
 151  52.503207  66.119769     7.330     7.268  4 56151.74996483 46.036
 152  52.500777  66.121827     7.118     6.997  4 56161.66561379 49.040
 153  52.501285  66.122865     7.944     7.638  4 56171.58126118 25.298
 154  52.501994  66.121887    39.603    39.594  4 56181.49690409 23.006
 155  52.501053  66.120064     8.486     8.396  4 56191.41254302 46.446
 156  52.501340  66.119239    39.553    39.461  4 56201.32817933 26.611
 157  52.500221  66.120594    39.639    39.622  4 56211.24381338 27.444
 158  52.499562  66.122949    39.710    39.745  4 56221.15944558 29.115
 159  52.503624  66.124820     8.165     8.087  4 56231.07509822 44.245
 160  52.502441  66.124663     6.682     6.748  5 56240.99075095 45.435
 161  52.501081  66.123576     8.176     8.133  4 56250.90639958 30.442
 162  52.504360  66.122648     8.076     8.086  4 56260.82204390 31.206
 163  52.499690  66.122711    38.625    38.627  4 56270.73768516  9.389
 164  52.499681  66.123198    37.960    37.701  4 56280.65332514  9.647
 165  52.504509  66.123409     7.245     7.271  4 56290.56897787 26.258
 166  52.501489  66.121973    38.368    38.737  4 56300.48462556 10.080
 167  52.501171  66.120022    38.559    38.926  4 56310.40026940 12.063
 168  52.502420  66.119113    39.169    39.148  5 56320.31591110 12.222
 169  52.501774  66.120108    39.560    39.593  4 56330.23155191  9.372
 170  52.502225  66.121838    39.068    38.988  4 56340.14719215 13.161
 171  52.501092  66.122724     7.110     6.494  4 56350.06283004 18.492
 172  52.501333  66.121854     8.616     8.636  4 56359.97846719 17.315
 173  52.501682  66.120440     8.644     9.113  5 56369.89411727 16.790
 175  52.501173  66.121674     8.800     8.879  5 56389.72540971 16.542
 176  52.501224  66.123731     6.093     6.120  4 56399.64105304 23.591
 177  52.503818  66.124960    39.174    39.062  4 56409.55669401 32.866
 178  52.502655  66.124608    16.556    10.833  5 56419.47233001 38.918
 179  52.504533  66.123595    39.118    39.085  4 56429.38796513 28.358
 180  52.502685  66.123040    16.251    10.454  5 56439.30361841 27.022
 181  52.501073  66.123001    11.593    11.594  4 56449.21926923 28.621
 182  52.502486  66.123142    11.327    11.395  5 56459.13491813 20.013
 183  52.500050  66.122393    10.623    10.609  4 56469.05056335 47.045
 184  52.503285  66.121441     8.307     8.306  4 56478.96620514 25.686
 185  52.503246  66.120341     6.929     6.959  4 56488.88184269 48.833
 187  52.500166  66.120646     6.026     6.016  4 56508.71311133 33.148
 188  52.504103  66.121656     5.817     5.907  4 56518.62875147 41.902
 189  52.501246  66.122020     5.813     5.817  4 56528.54440522 31.728
 190  52.503409  66.121828     6.127     6.081  4 56538.46005522 27.489
 191  52.501459  66.121190     6.942     6.987  5 56548.37570075 24.475
 192  52.503006  66.121474     5.939     6.042  4 56558.29134409 28.671
 193  52.500599  66.122514     7.135     7.085  4 56568.20698619 44.342
 194  52.502034  66.124076     6.333     6.445  5 56578.12262733 31.114
 195  52.502077  66.124721     7.290     7.214  5 56588.03826467 40.421
 196  52.503920  66.124380     7.835     7.803  4 56597.95390706 36.886
 197  52.500752  66.123499    10.733    10.705  4 56607.86955812 45.255
 198  52.501438  66.123219    13.411    13.418  4 56617.78520463 46.319
 199  52.503511  66.123238    11.390    11.408  4 56627.70084792 20.564
 200  52.501881  66.122928    15.987    10.432  5 56637.61648806 15.534
 201  52.501419  66.121899    10.177    10.189  5 56647.53213038 14.816
 202  52.500998  66.120742    33.716    39.393  5 56657.44778225 11.812
 203  52.502766  66.120129    24.332    24.146  4 56667.36343002 11.655
 205  52.502160  66.121839    32.813    37.410  5 56687.19471886 10.520
 206  52.503119  66.122357    39.600    39.678  4 56697.11036070  8.452
 207  52.500417  66.121867    39.337    39.447  4 56707.02599761 10.393
 208  52.500166  66.121125    16.377     8.906  4 56716.94163265 12.490
 209  52.502583  66.121330     8.625     8.810  5 56726.85728589 26.419
 211  52.501728  66.124227    39.241    39.298  4 56746.68858051  8.840
 212  52.502578  66.124927    39.081    39.155  4 56756.60422185  9.780
 213  52.499575  66.124394    39.456    39.454  4 56766.51985704 29.871
 214  52.500863  66.123447    17.288     9.989  4 56776.43549901 29.397
 215  52.503530  66.123296    10.993    10.969  4 56786.35115569 27.701
 216  52.503687  66.123693    22.841    17.269  4 56796.26680854 39.669
 217  52.502336  66.123957    27.332    27.166  4 56806.18245662 32.982
 219  52.501782  66.121509    12.176    12.212  5 56826.01373650 46.185
 220  52.502962  66.120117    19.517    13.079  4 56835.92937130 35.160
 221  52.500030  66.120100    11.789    11.636  4 56845.84500254 50.349
 222  52.500062  66.121279     8.512     8.506  4 56855.76065034 35.117
 223  52.501174  66.122573     7.044     7.205  4 56865.67630395 27.602
 224  52.504150  66.122703     7.334     7.302  4 56875.59195671 29.246
 225  52.501200  66.122021     7.106     7.033  4 56885.50760581 34.515
 226  52.501106  66.121276     7.401     7.448  4 56895.42325226 34.848
 227  52.503767  66.121790     7.161     7.246  4 56905.33889588 27.445
 228  52.501946  66.123360    10.030     9.887  4 56915.25453694 21.403
 229  52.499844  66.124987     8.590     8.656  4 56925.17017615 50.590
 230  52.502552  66.125540    10.712    10.965  4 56935.08581281 19.914
 231  52.502740  66.124517     7.848     7.723  5 56945.00144394 40.130
 232  52.502449  66.122966    42.227    48.474  4 56954.91709398 15.936
 233  52.501972  66.122286     7.929     7.953  5 56964.83274355 36.313
 234  52.503142  66.123055    25.287    25.198  4 56974.74838873 17.951
 235  52.503488  66.124012     8.279     8.255  4 56984.66402940 27.826
 236  52.502656  66.123489    28.218    30.400  5 56994.57966480 15.391
 237  52.504146  66.121445    17.652    10.623  4 57004.49530467 16.703
 238  52.500740  66.119494    28.043    30.033  5 57014.41096009 16.477
 239  52.500407  66.119451    25.028    25.050  4 57024.32661101 16.500
 240  52.499913  66.121489    32.288    39.290  4 57034.24225954 14.782
 241  52.501147  66.123383    24.880    24.923  4 57044.15790578 14.821
 242  52.500121  66.123538    24.861    24.803  4 57054.07354908 15.396
 243  52.500565  66.122028    10.108    10.011  4 57063.98918782 16.530
 244  52.502177  66.120970     9.770     9.896  4 57073.90482173 17.583
 245  52.500125  66.121521    38.227    38.289  4 57083.82045177 15.093
 246  52.502324  66.123848    39.701    39.678  4 57093.73610270 12.810
 247  52.499873  66.125813    16.640     9.480  4 57103.65175933 15.334
 248  52.502061  66.126072    39.026    38.884  4 57113.56741239 11.896
 249  52.501188  66.124396    32.218    38.876  4 57123.48305906  5.835
 250  52.501174  66.122561    11.147    11.149  4 57133.39870042 11.139
