# NaN NaN NaN ;Mean Elev.(m), Avg Gradient(m/km), RMS Gradient(m/km) - SRTM1     
#   19.978  -3.716   7.888 ;Mean Elev.(m), Avg Gradient(m/km), RMS Gradient(m/km) - ASTER GDEM
#   30.631  -0.552   7.609 ;Mean Elev.(m), Avg Gradient(m/km), RMS Gradient(m/km) - GMTED2010 
   1  55.176703  66.119037    23.660    23.412  3 54667.37043560 38.766
   2  55.176466  66.119971    27.738    27.738  2 54677.28608003 27.182
   3  55.175858  66.121699     2.136     2.136  2 54687.20172311  7.610
   4  55.178115  66.122811    76.263    76.263  2 54697.11736466  7.940
   5  55.175452  66.121861     8.041     8.041  2 54707.03300538 11.720
   6  55.178297  66.119565    72.320    72.320  2 54716.94865764  4.696
   7  55.176901  66.117154     6.110     6.110  2 54726.86430700 25.079
   8  55.176741  66.116614    73.241    72.784  3 54736.77995480 17.600
   9  55.178151  66.118068    28.089    28.089  2 54746.69560225 23.806
  10  55.175161  66.119585    25.178    25.178  2 54756.61124888 39.232
  11  55.176832  66.119611    28.065    28.040  3 54766.52689414 24.115
  12  55.176679  66.117723    26.834    26.674  3 54776.44253608 37.182
  13  55.176023  66.115843    26.206    27.312  3 54786.35817555 29.091
  14  55.176770  66.115749    23.467    23.467  2 54796.27381394 38.465
  17  55.175709  66.120320    27.480    27.480  2 54826.02073662 20.203
  19  55.176880  66.119763    74.768    74.768  2 54845.85202570  0.416
  20  55.179045  66.120506    73.448    73.448  2 54855.76767483  1.525
  21  55.177161  66.121847    73.637    73.637  2 54865.68332354  1.410
  22  55.177694  66.122260    73.169    73.255  3 54875.59897203  2.460
  23  55.177389  66.121332    73.818    73.818  2 54885.51461759  2.085
  24  55.176272  66.119141    74.923    74.971  3 54895.43025963  3.025
  25  55.177520  66.117321    75.843    75.843  2 54905.34589923  1.107
  26  55.177528  66.117011    75.561    75.561  2 54915.26153759  1.767
  27  55.174599  66.117952    75.604    75.604  2 54925.17717535  4.715
  28  55.178069  66.119067    74.908    74.908  2 54935.09281297  4.900
  29  55.176834  66.118994    75.162    75.250  3 54945.00844821  1.323
  30  55.177714  66.117550    75.337    75.337  2 54954.92408121  3.337
  31  55.175128  66.116068    41.535    47.594  3 54964.83972755 18.105
  32  55.176211  66.116123    30.272    30.272  2 54974.75537576 37.998
  33  55.175922  66.117698    72.055    72.973  3 54984.67102348 14.053
  34  55.178440  66.119500    82.069    82.069  2 54994.58667138 25.411
  35  55.177540  66.120358    28.651    28.602  3 55004.50231762 30.396
  36  55.177690  66.120326    25.209    24.896  3 55014.41796182 48.087
  37  55.177300  66.120097    28.141    28.141  2 55024.33360456 26.981
  38  55.177549  66.120719    28.113    28.106  3 55034.24924680 26.159
  39  55.178592  66.121452    22.920    22.907  3 55044.16488838 43.246
  40  55.178544  66.121320    28.053    28.045  3 55054.08052820 25.808
  41  55.176716  66.119764    24.624    23.671  3 55063.99616559 31.305
  42  55.177717  66.118088    27.624    27.624  2 55073.91181175 29.095
  43  55.175432  66.116995    27.421    27.421  2 55083.82745956 26.846
  44  55.177303  66.117280    29.852    28.668  3 55093.74310621 18.495
  45  55.176971  66.117985    75.224    75.224  2 55103.65875252  9.907
  46  55.178601  66.118565    72.558    72.558  2 55113.57439878 10.161
  47  55.178095  66.118154    72.423    72.423  2 55123.49004239  6.709
  48  55.176155  66.117208    23.462    23.462  2 55133.40568299 41.697
  49  55.175860  66.116418    23.276    23.189  3 55143.32132163 38.139
  50  55.174757  66.116780    26.916    26.916  2 55153.23695963 29.068
  51  55.177113  66.117957    27.409    27.559  3 55163.15259830 27.775
  52  55.178948  66.119290    27.741    27.741  2 55173.06823662 24.456
  54  55.179432  66.120152    27.668    27.668  2 55192.89952500 21.436
  64  55.176871  66.118202    75.331    75.331  2 55292.05595666  3.750
  66  55.175336  66.116307    25.646    25.646  2 55311.88723902 26.741
  67  55.175192  66.116556    80.394    80.394  2 55321.80288444 19.577
  68  55.176428  66.117715    72.306    72.306  2 55331.71852881 12.254
  69  55.176317  66.118990    92.278    93.437  3 55341.63417304 22.026
  70  55.176701  66.119507    28.602    28.602  2 55351.54981710 26.054
  71  55.176806  66.119592    71.390    71.532  3 55361.46545896  8.677
  72  55.176942  66.119832    76.452    74.127  3 55371.38109873  5.481
  74  55.178663  66.121486    27.840    27.840  2 55391.21237481 26.664
  75  55.178792  66.121389    27.852    27.852  2 55401.12801115 28.081
  76  55.177830  66.119816    76.799    77.753  3 55411.04366030  6.030
  77  55.177338  66.117527    27.830    27.830  2 55420.95931015 26.063
  78  55.177859  66.116197    77.936    77.936  2 55430.87495712  9.371
  79  55.177968  66.116858    73.043    73.043  2 55440.79060175 12.210
  80  55.177793  66.118340    73.721    73.721  2 55450.70624486 21.109
  81  55.178581  66.119117    24.756    24.756  2 55460.62188747 48.835
  82  55.174748  66.118143    27.672    27.672  2 55470.53752849 23.974
  83  55.176853  66.116624    74.135    74.757  3 55480.45316703  7.897
  84  55.174139  66.115657    27.714    27.714  2 55490.36880259 21.222
  85  55.174813  66.116386    24.353    24.353  2 55500.28443635 42.968
  86  55.178742  66.118266    24.333    24.333  2 55510.20007858 43.271
  87  55.176353  66.119632    25.065    25.065  2 55520.11572819 41.846
  88  55.178132  66.120081    25.389    25.389  2 55530.03137717 30.433
  89  55.176705  66.119675    27.779    27.779  2 55539.94702415 24.666
  90  55.176390  66.119556    37.852    37.852  2 55549.86266903  5.277
  93  55.178525  66.121562    28.141    28.210  3 55579.60959636 15.778
 101  55.175682  66.116252    23.006    23.006  2 55658.93473019 29.587
 102  55.174062  66.115175    25.120    25.120  2 55668.85037185 28.297
 103  55.176090  66.116467    27.395    27.365  3 55678.76601152 32.250
 104  55.176924  66.118907    82.369    82.736  3 55688.68164916 22.081
 105  55.179685  66.120636    72.541    72.541  2 55698.59728557  6.788
 106  55.175670  66.120488    77.081    77.081  2 55708.51292201 21.346
 107  55.176426  66.119611    30.046    30.007  3 55718.42857292 30.089
 108  55.176881  66.119369    28.471    28.439  3 55728.34422127 27.695
 109  55.176985  66.120119    24.494    24.494  2 55738.25986809 41.328
 110  55.177644  66.121139    28.003    28.003  2 55748.17551372 27.142
 111  55.177923  66.121050    25.142    25.142  2 55758.09115705 30.588
 112  55.176359  66.119351    25.190    25.190  2 55768.00679747 32.607
 113  55.175715  66.116873    27.624    27.624  2 55777.92243487 26.626
 114  55.173907  66.115347    27.614    27.614  2 55787.83806959 24.921
 115  55.175018  66.116162    28.291    27.853  3 55797.75370317 25.065
 116  55.176761  66.118096    21.929    21.930  3 55807.66934696 44.437
 117  55.178643  66.119523    27.417    27.417  2 55817.58499613 29.415
 118  55.177291  66.118676    22.000    22.000  2 55827.50064130 44.064
 119  55.177109  66.116799    27.761    27.734  3 55837.41628220 23.239
 120  55.174724  66.115376    73.443    73.443  2 55847.33191978  9.121
 121  55.175299  66.116437    68.402    68.402  2 55857.24755532 20.226
 122  55.175595  66.118886    23.757    23.757  2 55867.16320005 41.312
 123  55.177208  66.120996    23.537    23.537  2 55877.07885236 37.744
 134  55.177816  66.118358    75.146    75.156  3 55986.15091956  0.730
 135  55.176013  66.119243    75.042    75.127  3 55996.06655576  1.505
 136  55.176549  66.118503    75.518    75.518  2 56005.98220755  0.545
 137  55.175751  66.116795    76.106    76.106  2 56015.89785517  0.859
 139  55.176891  66.117479    75.235    75.330  3 56035.72914302  4.458
 141  55.176014  66.121054    28.529    28.529  2 56055.56042208 39.700
 142  55.177373  66.121193    85.002    85.002  2 56065.47605634  8.869
 143  55.175573  66.120383    72.790    72.790  2 56075.39170183  5.392
 144  55.178455  66.120079    72.233    72.233  2 56085.30735146  4.366
 145  55.176843  66.120027    72.867    72.867  2 56095.22299832  6.696
 146  55.179010  66.120183    28.048    28.048  2 56105.13864340 27.592
 147  55.176498  66.119456    80.344    81.076  3 56115.05427356  3.854
 148  55.176043  66.118401    28.046    27.944  3 56124.96991170 23.111
 149  55.175784  66.117020    23.308    23.267  3 56134.88554586 45.760
 150  55.175929  66.116537    78.865    78.865  2 56144.80118685  1.028
 151  55.177349  66.117093    27.717    27.717  2 56154.71683705 26.866
 152  55.175646  66.118173    23.051    23.051  2 56164.63248586 38.130
 153  55.176004  66.118814    23.259    23.259  2 56174.54813272 40.157
 154  55.177175  66.118516    25.305    25.305  2 56184.46377450 31.185
 155  55.175730  66.117459    25.305    25.305  2 56194.37941226 32.490
 156  55.178072  66.117155    28.105    28.105  2 56204.29504752 22.867
 157  55.176711  66.118104    27.761    27.845  3 56214.21068092 25.714
 158  55.177811  66.119950    25.040    25.040  2 56224.12631643 31.594
 159  55.179431  66.121199    23.759    23.759  2 56234.04197252 42.597
 160  55.176225  66.121182    22.945    22.945  2 56243.95762419 33.372
 161  55.179305  66.120599    71.249    71.249  2 56253.87327159 10.310
 162  55.178426  66.120282    24.330    24.330  2 56263.78891433 30.816
 164  55.176160  66.120026    23.247    23.247  2 56283.62019881 27.651
 165  55.175564  66.119043    23.816    23.816  2 56293.53585020 21.643
 166  55.175739  66.117560    26.835    26.702  3 56303.45149727 17.953
 168  55.177423  66.117288    25.959    26.547  3 56323.28278131 18.612
 170  55.176379  66.118799    75.495    75.369  3 56343.11406128  0.893
 171  55.175157  66.118363    75.493    75.493  2 56353.02969863  0.475
 172  55.176914  66.117585    75.658    75.658  2 56362.94534086  1.370
 173  55.177320  66.117481    75.522    75.522  2 56372.86099000  1.293
 175  55.175676  66.119935    74.247    74.247  2 56392.69228051  2.455
 176  55.176910  66.120876    22.194    22.159  3 56402.60792323 41.899
 177  55.178530  66.121085    25.947    25.947  2 56412.52356316 28.535
 178  55.176823  66.120528    68.647    68.647  2 56422.43919779 15.031
 179  55.176779  66.120321    72.344    72.227  3 56432.35483940  9.395
 180  55.178574  66.120565    28.709    28.709  2 56442.27049214 44.994
 181  55.179075  66.120858    27.371    27.371  2 56452.18614223 44.848
 182  55.178030  66.120117    26.776    26.776  2 56462.10178969 35.759
 183  55.175841  66.118539    27.564    27.692  3 56472.01743374 22.255
 184  55.177846  66.117074    23.330    23.330  2 56481.93307469 45.478
 185  55.176628  66.116771    22.065    22.065  2 56491.84871163 38.835
 187  55.178644  66.118919    21.576    21.576  2 56511.67997940 44.067
 188  55.176338  66.119151    27.577    27.577  2 56521.59562517 24.161
 189  55.177264  66.118473    27.391    27.391  2 56531.51127814 27.404
 191  55.177351  66.117580    22.586    22.611  3 56551.34257223 29.782
 192  55.177323  66.119063    25.008    25.008  2 56561.25821498 26.612
 193  55.175487  66.120866    22.015    22.015  2 56571.17385646 40.751
 194  55.176563  66.121948    23.575    23.575  2 56581.08949663 42.087
 195  55.179396  66.121375    22.444    22.444  2 56591.00513278 40.588
 196  55.177904  66.120128    23.456    23.485  3 56600.92078069 33.822
 197  55.178485  66.119564    26.621    26.621  2 56610.83643078 42.520
 198  55.177870  66.120314    24.508    24.429  3 56620.75207613 39.051
 199  55.176969  66.121066    24.191    24.200  3 56630.66771839 30.593
 201  55.174978  66.118366    27.033    27.033  2 56650.49900376 17.582
 203  55.177824  66.116205    76.560    76.560  2 56670.33030173  0.247
 205  55.175786  66.119918    74.998    74.998  2 56690.16158981  1.400
 207  55.176909  66.118540    75.100    75.100  2 56709.99286528  0.705
 208  55.176561  66.117279    75.900    75.900  2 56719.90850676  2.435
 211  55.176903  66.122030    73.963    73.963  2 56749.65545152  2.835
 212  55.176290  66.122603    71.637    71.637  2 56759.57109092 10.889
 213  55.179534  66.121542    27.114    27.114  2 56769.48672431 23.557
 214  55.177995  66.119964    24.045    24.051  3 56779.40237414 23.188
 215  55.175219  66.119349    27.352    27.352  2 56789.31802940 33.985
 216  55.178534  66.120029    67.038    67.038  2 56799.23368188 17.451
 217  55.175799  66.120962    82.267    82.267  2 56809.14932758 22.169
 219  55.177632  66.118896    28.759    28.743  3 56828.98060496 27.959
 220  55.177455  66.116649    74.086    74.086  2 56838.89623848  6.751
 221  55.174960  66.116074    28.074    28.074  2 56848.81186997 27.123
 222  55.174822  66.117697    23.070    23.070  2 56858.72752453 38.158
 223  55.179372  66.120002    82.995    82.995  2 56868.64317850  3.604
 224  55.178062  66.120652    23.491    23.603  3 56878.55882980 38.697
 225  55.177450  66.119565    73.516    73.516  2 56888.47447782  9.802
 226  55.177943  66.118007    80.574    80.574  2 56898.39012323  4.232
 227  55.175929  66.118092    74.201    74.201  2 56908.30576594  3.577
 228  55.178654  66.120115    82.478    82.478  2 56918.22140714  5.062
 229  55.177916  66.122350    28.125    28.279  3 56928.13704601 24.989
 230  55.179502  66.123062    23.865    23.865  2 56938.05268096 36.101
 231  55.179187  66.121747    23.566    23.566  2 56947.96831375 42.887
 232  55.176939  66.119772    23.019    23.000  3 56957.88396696 36.721
 233  55.177561  66.118841    27.873    27.875  3 56967.79961510 21.667
 234  55.177392  66.119440    23.782    23.782  2 56977.71525920 30.137
 235  55.178562  66.120486    24.903    23.780  3 56987.63089893 24.220
 237  55.176227  66.118689    77.517    77.517  2 57007.46217961  0.850
 238  55.178019  66.116913    88.082    88.082  2 57017.37783336  0.157
 241  55.176921  66.119812    74.380    74.478  3 57047.12477753  1.929
 242  55.177150  66.120524    74.635    74.635  2 57057.04041968  1.125
 243  55.176737  66.119545    74.527    74.496  3 57066.95605631  1.741
 244  55.177645  66.118686    74.977    74.977  2 57076.87168871  5.646
 245  55.177206  66.118762    74.253    74.324  3 57086.78731903  5.640
 246  55.175578  66.120507    74.371    74.371  2 57096.70297776  8.502
 247  55.177100  66.122280    73.076    73.076  2 57106.61863393  5.660
 248  55.178900  66.122794    73.540    73.540  2 57116.53428534  1.660
