# NaN NaN NaN ;Mean Elev.(m), Avg Gradient(m/km), RMS Gradient(m/km) - SRTM1     
#    4.135     NaN     NaN ;Mean Elev.(m), Avg Gradient(m/km), RMS Gradient(m/km) - ASTER GDEM
#   39.972   0.336   3.838 ;Mean Elev.(m), Avg Gradient(m/km), RMS Gradient(m/km) - GMTED2010 
   1  54.454280  65.630310    19.731    19.668  4 54666.35459370 45.403
   2  54.456456  65.631657    18.849    18.799  4 54676.27023852 30.625
   3  54.456506  65.633448     5.595     5.605  3 54686.18588178  9.133
   4  54.457350  65.634457    64.027    74.953  3 54696.10152342 19.131
   5  54.455674  65.633184     7.923     6.996  3 54706.01716273 17.621
   6  54.455576  65.630823    20.949    20.878  3 54715.93281495 42.700
   7  54.453443  65.628369    12.194    12.206  4 54725.84846453 19.383
   8  54.452179  65.628000    36.521    39.775  4 54735.76411244 26.244
   9  54.453942  65.629980    45.731    46.142  4 54745.67975991 31.803
  10  54.456310  65.631938    55.559    44.805  3 54755.59540701 20.348
  11  54.456788  65.631731    40.872    43.605  3 54765.51105244 27.427
  12  54.455380  65.629331    21.976    21.977  4 54775.42669466 47.589
  13  54.450535  65.626855    37.690    46.068  3 54785.34233407 22.460
  14  54.450221  65.626857    66.789    63.655  3 54795.25797247 17.938
  17  54.454502  65.631567    20.423    19.984  4 54825.00489401 22.384
  18  54.455450  65.631044    20.190    20.079  3 54834.92053371 21.463
  19  54.455458  65.631194    20.355    19.776  3 54844.83618349 19.766
  20  54.457232  65.632442    30.430    23.413  3 54854.75183269 13.672
  21  54.457371  65.634209    42.882    43.325  3 54864.66748162 13.488
  22  54.458260  65.634903    43.179    43.179  2 54874.58313027 14.487
  23  54.457281  65.633770    43.566    43.616  3 54884.49877604 14.877
  24  54.455705  65.631159    33.618    33.605  4 54894.41441825 16.891
  25  54.452625  65.628812    40.853    46.496  4 54904.33005766 16.301
  26  54.454900  65.628733    29.325    23.777  4 54914.24569648 18.830
  27  54.453609  65.629841    39.332    44.980  4 54924.16133445 16.152
  28  54.456217  65.631203    46.444    46.466  4 54934.07697201 12.396
  29  54.454961  65.630681    44.922    44.780  4 54943.99260718  9.712
  30  54.452246  65.628416    46.067    46.039  4 54953.90823999  9.987
  31  54.450866  65.626624    46.006    46.206  3 54963.82388485 19.161
  32  54.449745  65.626790    30.401    24.211  3 54973.73953313 37.691
  33  54.454020  65.629065    39.990    43.438  4 54983.65518134 32.669
  34  54.455257  65.631199    71.794    71.257  3 54993.57082907 20.832
  35  54.455811  65.632134    33.997    33.998  3 55003.48647560 28.491
  36  54.455996  65.632011    31.232    34.000  3 55013.40212004 24.088
  37  54.455237  65.631537    40.877    43.719  3 55023.31776297 22.259
  38  54.457506  65.632334    38.017    34.776  3 55033.23340551 19.363
  39  54.458690  65.633361    37.288    34.997  3 55043.14904724 17.402
  40  54.456673  65.633246    28.532    18.241  3 55053.06468703 27.836
  41  54.455184  65.631598    30.074    33.487  4 55062.98032459 22.269
  42  54.453707  65.629514    55.088    45.235  3 55072.89596896 15.098
  43  54.453131  65.628142    43.386    46.059  4 55082.81161712 13.313
  44  54.451713  65.628236    37.429    38.920  4 55092.72726372 21.438
  45  54.454660  65.629620    72.064    73.110  4 55102.64291054 21.759
  46  54.453885  65.630630    41.325    44.401  3 55112.55855671 25.813
  47  54.455269  65.630444    41.901    43.933  4 55122.47420068 25.673
  48  54.453756  65.628962    72.029    71.973  3 55132.38984143 15.422
  49  54.454319  65.627699    45.264    44.913  4 55142.30548031 20.268
  50  54.453806  65.627857    23.456    23.743  4 55152.22111854 25.450
  51  54.454625  65.629268    22.821    22.964  4 55162.13675719 26.216
  52  54.454058  65.630650    24.292    24.146  3 55172.05239534 19.872
  53  54.454731  65.631258    24.458    24.499  3 55181.96803200 18.490
  54  54.454769  65.631474    24.344    24.271  3 55191.88368219 17.118
  55  54.455630  65.632103    24.216    24.117  3 55201.79933241 16.781
  56  54.456747  65.632952    23.986    24.036  3 55211.71498204 17.823
  57  54.458344  65.633539    20.291    18.479  3 55221.63063126 20.671
  58  54.456111  65.632647    27.130    22.124  4 55231.54627889 17.054
  59  54.455501  65.631099    28.879    23.296  4 55241.46192342 16.710
  60  54.453552  65.629446    28.211    22.448  4 55251.37756433 18.991
  61  54.454063  65.628866    38.328    45.305  3 55261.29320322 16.145
  62  54.455415  65.629427    34.384    33.938  4 55271.20884132 17.079
  63  54.454974  65.629885    38.189    45.562  3 55281.12447917 16.069
  64  54.455367  65.629788    29.163    22.292  3 55291.04011587 14.305
  65  54.454419  65.628829    19.693    18.012  4 55300.95575012 13.472
  66  54.456398  65.628205    44.576    44.659  4 55310.87139696 33.636
  67  54.452332  65.627728    34.147    33.372  4 55320.78704210 35.268
  68  54.453636  65.628674    25.639    25.487  3 55330.70268671 50.082
  69  54.455315  65.630208    26.531    26.506  4 55340.61833131 45.561
  70  54.453705  65.630964    21.503    21.457  3 55350.53397536 40.713
  71  54.455638  65.631470    24.839    24.828  4 55360.44961760 44.625
  72  54.455483  65.631644    41.874    43.815  4 55370.36525747 24.626
  73  54.455736  65.632120    29.866    33.972  3 55380.28089590 26.311
  74  54.455399  65.632669    34.452    34.392  3 55390.19653355 22.192
  75  54.458233  65.632671    34.182    34.139  3 55400.11217035 27.150
  76  54.456010  65.631159    42.232    43.886  4 55410.02781776 19.492
  77  54.454936  65.629146    43.274    45.629  4 55419.94346788 14.995
  78  54.453864  65.627918    32.423    29.295  4 55429.85911482 26.814
  79  54.455774  65.628647    49.802    45.453  4 55439.77475964 17.923
  80  54.454236  65.629844    34.013    33.903  3 55449.69040273 25.500
  81  54.453286  65.630318    20.608    20.548  4 55459.60604544 42.069
  82  54.454979  65.629719    44.908    45.004  3 55469.52168744 24.142
  83  54.454020  65.628199    46.089    46.304  4 55479.43732600 20.269
  84  54.450202  65.626994    45.998    46.041  3 55489.35296153 25.244
  85  54.451873  65.627454    61.679    64.059  4 55499.26859535 21.723
  86  54.454464  65.629188    60.975    59.576  3 55509.18423578 20.300
  87  54.456159  65.630742    20.386    20.321  4 55519.09988601 40.487
  88  54.455985  65.631383    21.801    21.994  3 55529.01553510 30.798
  89  54.456206  65.631399    21.223    21.214  4 55538.93118239 25.486
  90  54.455322  65.631481    22.876    22.868  3 55548.84682734 21.861
  91  54.457510  65.632502    23.219    23.379  3 55558.76247090 21.284
  92  54.458955  65.633633    23.503    23.493  3 55568.67811354 18.419
  93  54.458035  65.633308    42.889    42.917  3 55578.59375505 17.836
  94  54.456724  65.631199    29.987    23.109  3 55588.50939408 17.284
  95  54.453843  65.628180    44.671    44.294  3 55598.42502986 16.241
  96  54.453240  65.626678    37.819    44.821  3 55608.34066333 17.106
  97  54.451437  65.627090    45.449    45.668  3 55618.25629490 15.905
  98  54.453956  65.629520    39.405    44.210  4 55628.17194196 14.764
  99  54.454886  65.630593    33.964    33.761  4 55638.08759333 15.159
 100  54.455488  65.629724    33.948    33.553  4 55648.00324249 15.485
 101  54.453073  65.627592    35.033    35.004  4 55657.91888837 19.109
 102  54.451304  65.626637    46.030    46.080  3 55667.83453028 21.594
 103  54.455678  65.628174    23.364    22.558  4 55677.75017024 34.463
 104  54.454439  65.630183    24.010    23.935  3 55687.66580780 38.480
 105  54.454402  65.631559    41.176    43.969  3 55697.58144418 26.766
 106  54.454641  65.631319    39.633    39.490  4 55707.49707943 24.691
 107  54.455042  65.630753    26.850    26.812  3 55717.41273071 44.252
 108  54.454813  65.630786    28.952    29.243  4 55727.32837921 25.546
 109  54.453771  65.631725    20.800    20.767  3 55737.24402602 44.855
 110  54.454160  65.632914    37.297    34.028  3 55747.15967170 21.343
 111  54.457989  65.633055    40.752    42.700  3 55757.07531555 14.413
 112  54.454527  65.630739    46.409    50.130  4 55766.99095602 31.099
 113  54.454324  65.628012    69.422    71.109  4 55776.90659379 23.367
 114  54.450635  65.626196    23.666    25.289  4 55786.82222859 29.898
 115  54.453312  65.627372    25.249    25.339  3 55796.73786244 26.233
 116  54.456031  65.629611    20.290    20.180  4 55806.65350453 29.827
 117  54.454881  65.630764    22.025    22.136  3 55816.56915357 25.675
 118  54.453409  65.629503    42.997    45.277  4 55826.48479929 13.811
 119  54.456123  65.627803    18.638    18.666  4 55836.40044097 40.663
 120  54.449305  65.626028    25.221    25.245  3 55846.31607848 26.601
 121  54.455949  65.627792    34.666    33.623  4 55856.23171479 24.710
 122  54.455072  65.630171    70.912    70.989  3 55866.14735729 13.698
 123  54.456977  65.632451    66.405    67.833  3 55876.06301011 22.864
 133  54.450966  65.627548    28.403    22.841  4 55975.21944190 17.999
 134  54.455908  65.629950    21.631    22.221  4 55985.13507870 18.666
 135  54.454078  65.630574    28.019    22.610  4 55995.05071277 18.355
 136  54.456628  65.629963    28.570    22.635  4 56004.96636508 19.752
 137  54.451687  65.627637    28.292    22.955  4 56014.88201274 19.645
 141  54.454028  65.632685    39.670    42.093  3 56054.54458094 33.731
 142  54.455677  65.632541    26.006    26.037  3 56064.46021573 44.011
 143  54.453753  65.631311    26.765    26.847  3 56074.37585933 42.550
 144  54.456050  65.631252    40.960    43.944  3 56084.29150921 24.003
 145  54.454544  65.631413    44.148    44.115  3 56094.20715637 27.505
 146  54.456530  65.632095    29.373    33.583  3 56104.12280172 26.003
 147  54.454336  65.631362    42.004    43.829  4 56114.03843211 25.273
 148  54.455660  65.630139    63.113    68.604  4 56123.95407061 20.908
 149  54.453712  65.628013    51.169    46.608  4 56133.86970480 23.797
 150  54.450641  65.626933    18.990    18.985  3 56143.78534375 47.434
 151  54.454056  65.628074    34.583    33.517  3 56153.70099455 23.266
 152  54.456642  65.629899    62.607    67.993  4 56163.61664400 15.755
 153  54.453953  65.630602    60.719    55.952  3 56173.53229086 20.898
 154  54.456084  65.630277    45.194    45.162  3 56183.44793304 21.989
 155  54.452605  65.628587    45.468    45.545  4 56193.36357090 23.861
 156  54.454083  65.627996    36.541    39.728  4 56203.27920649 29.462
 157  54.456189  65.629051    44.828    44.764  4 56213.19484052 24.027
 158  54.453967  65.630675    41.654    44.812  3 56223.11047314 28.534
 159  54.453761  65.632434    44.896    45.952  3 56233.02612944 23.037
 160  54.456335  65.632930    19.896    19.317  3 56242.94178190 32.916
 161  54.454135  65.632049    21.797    23.142  3 56252.85742933 28.589
 162  54.455751  65.631600    21.941    22.557  4 56262.77307263 20.627
 164  54.455536  65.631488    19.512    18.638  4 56282.60435631 21.477
 165  54.454521  65.630998    20.812    21.724  3 56292.52000808 20.640
 166  54.453822  65.629694    20.730    21.280  4 56302.43565539 19.581
 167  54.454548  65.628622    30.212    23.060  3 56312.35129863 17.874
 168  54.454720  65.628546    28.352    22.858  4 56322.26693968 18.525
 169  54.455131  65.629488    33.789    33.692  4 56332.18258020 18.762
 170  54.456093  65.630273    33.783    33.570  4 56342.09822031 18.946
 171  54.453700  65.629961    33.108    33.535  4 56352.01385777 18.566
 172  54.453845  65.629145    34.155    34.018  4 56361.92949810 17.319
 173  54.454354  65.628903    34.487    34.190  4 56371.84514744 16.586
 174  54.453887  65.629588    37.945    45.220  3 56381.76079410 15.802
 175  54.454917  65.631252    34.503    34.273  4 56391.67643882 16.736
 176  54.455791  65.632475    61.086    60.827  3 56401.59208189 14.018
 177  54.459056  65.633090    34.105    34.113  3 56411.50772241 33.991
 178  54.457788  65.632396    21.488    21.571  3 56421.42335750 38.611
 179  54.455760  65.631788    41.723    43.415  4 56431.33899660 26.089
 180  54.454115  65.631986    41.168    44.223  3 56441.25464929 23.477
 181  54.455388  65.632333    23.689    23.672  4 56451.17029973 47.309
 182  54.456501  65.631840    77.912    79.004  3 56461.08594779 27.124
 183  54.453263  65.630200    69.328    77.250  4 56471.00159210 20.742
 184  54.453283  65.628938    27.345    25.577  4 56480.91723311 23.201
 185  54.453979  65.628550    29.083    18.359  4 56490.83287033 33.421
 187  54.454583  65.629579    17.688    17.769  3 56510.66413839 46.473
 188  54.454604  65.629822    24.350    24.880  4 56520.57978233 25.123
 189  54.456109  65.629799    26.305    24.673  4 56530.49543583 26.559
 191  54.453857  65.629273    19.143    19.229  3 56550.32673025 48.359
 192  54.453887  65.630486    30.745    33.618  3 56560.24237313 22.767
 193  54.455396  65.632138    35.887    34.003  4 56570.15801514 23.633
 194  54.457835  65.633364    19.524    19.395  3 56580.07365583 41.779
 195  54.456394  65.632690    18.307    18.066  3 56589.98929209 33.420
 196  54.455912  65.631724    28.533    23.024  4 56599.90493808 24.132
 197  54.454337  65.631235    22.397    22.382  4 56609.82058841 38.459
 198  54.456723  65.632116    21.432    21.483  4 56619.73623437 37.188
 199  54.456880  65.632699    21.006    20.770  3 56629.65187697 31.932
 200  54.453819  65.631676    20.735    20.353  3 56639.56751592 22.742
 201  54.454271  65.629730    21.563    21.668  4 56649.48316131 18.595
 202  54.451381  65.627817    20.848    20.510  4 56659.39881211 14.433
 203  54.453947  65.628004    28.159    22.455  4 56669.31445964 12.771
 205  54.455430  65.631520    22.707    22.747  3 56689.14574820 13.372
 206  54.456136  65.631491    22.752    22.662  3 56699.06138889 14.241
 207  54.455231  65.629784    44.385    43.939  3 56708.97702472 14.544
 208  54.454844  65.628568    34.540    34.091  4 56718.89266397 13.698
 211  54.454820  65.633766    44.933    44.662  3 56748.63960983 10.790
 212  54.457185  65.634254    44.895    44.895  2 56758.55525015 10.301
 213  54.455740  65.632729    43.928    43.760  3 56768.47088392 24.094
 214  54.454677  65.631301    21.177    21.180  4 56778.38653098 27.528
 215  54.454972  65.631323    25.706    21.702  3 56788.30218689 36.701
 216  54.458032  65.632552    27.737    27.813  3 56798.21783959 43.119
 217  54.455562  65.633261    27.345    27.344  3 56808.13348604 37.352
 219  54.453432  65.630262    42.745    45.029  4 56827.96476374 27.602
 220  54.455270  65.628064    67.194    67.147  4 56837.88039781 27.669
 221  54.452528  65.627311    34.682    35.077  4 56847.79602873 29.581
 222  54.455318  65.629390    35.026    33.668  3 56857.71168183 22.060
 223  54.456811  65.631727    40.872    43.461  3 56867.62733554 21.176
 224  54.454910  65.632082    48.368    56.067  3 56877.54298713 27.186
 225  54.453738  65.631011    41.257    44.238  3 56887.45863555 22.568
 226  54.455813  65.629840    52.581    46.648  4 56897.37428154 17.362
 227  54.456606  65.630257    42.199    44.306  4 56907.28992476 24.703
 228  54.455410  65.632188    38.302    34.477  3 56917.20556572 24.715
 229  54.455688  65.634295    40.686    41.327  3 56927.12120486 25.041
 230  54.457579  65.634828    19.756    19.534  3 56937.03684036 36.906
 231  54.455463  65.632839    40.050    42.356  3 56946.95247047 32.881
 232  54.455294  65.631054    52.878    69.854  3 56956.86812451 23.815
 233  54.454708  65.630300    38.477    44.228  4 56966.78377306 19.306
 234  54.455112  65.631255    26.694    21.005  4 56976.69941764 27.695
 235  54.455531  65.632423    19.348    19.389  4 56986.61505772 29.479
 236  54.454787  65.631794    19.193    19.166  4 56996.53069185 27.787
 237  54.455472  65.629856    21.112    22.014  3 57006.44633654 23.659
 238  54.453600  65.627860    34.764    34.537  4 57016.36199061 20.991
 239  54.452739  65.627690    40.196    46.390  4 57026.27764098 18.067
 240  54.455279  65.629933    20.645    21.733  3 57036.19328978 20.132
 241  54.456168  65.631947    19.757    18.524  3 57046.10893581 20.387
 242  54.455980  65.632348    21.970    21.391  3 57056.02457827 18.887
 243  54.454138  65.630707    22.334    22.442  3 57065.94021531 19.473
 244  54.454183  65.629524    22.245    22.166  3 57075.85584804 18.643
 245  54.456104  65.629685    28.695    22.767  4 57085.77147795 19.971
 246  54.455192  65.631993    44.489    44.598  3 57095.68713476 19.007
 247  54.456733  65.634281    44.137    43.911  3 57105.60279133 15.342
 248  54.458601  65.634983    45.354    45.300  3 57115.51844333  9.938
 249  54.454026  65.633194    18.159    18.125  3 57125.43408837 15.087
 250  54.456186  65.631572    39.741    44.689  4 57135.34972873 13.036
