# NaN NaN NaN ;Mean Elev.(m), Avg Gradient(m/km), RMS Gradient(m/km) - SRTM1     
#   -8.487     NaN     NaN ;Mean Elev.(m), Avg Gradient(m/km), RMS Gradient(m/km) - ASTER GDEM
#   24.000  -1.861   4.952 ;Mean Elev.(m), Avg Gradient(m/km), RMS Gradient(m/km) - GMTED2010 
   1  52.528123  66.040874     8.629     8.574  5 54667.37019328 51.897
   2  52.527565  66.041817    11.266    11.796  5 54677.28583769 28.824
   3  52.526752  66.043522     4.395     4.399  5 54687.20148077 20.662
   4  52.524057  66.044441    11.904    12.136  5 54697.11712187 27.225
   5  52.526484  66.043592     9.130     8.490  5 54707.03276303 26.565
   6  52.528782  66.041368    11.081    11.486  4 54716.94841521 25.523
   7  52.531704  66.039149     9.702     9.622  4 54726.86406495 52.211
   8  52.530729  66.038638     9.106     8.508  4 54736.77971268 29.163
   9  52.526279  66.039943     9.144     9.114  4 54746.69535961 36.571
  10  52.529459  66.041664    10.509    10.539  4 54756.61100683 48.697
  11  52.527798  66.041572     8.719     8.713  4 54766.52665180 28.429
  12  52.527753  66.039647    11.062    11.061  4 54776.44229374 28.544
  13  52.533665  66.037982     9.037     9.060  4 54786.35793380 35.638
  14  52.531204  66.037763     8.802     8.811  4 54796.27357189 40.197
  17  52.526813  66.042105     9.565     9.367  5 54826.02049428 22.672
  18  52.528836  66.041683    10.620    10.827  4 54835.93613381 20.757
  19  52.527991  66.041702    10.861    10.878  5 54845.85178335 19.377
  20  52.526824  66.042403    11.032    10.973  4 54855.76743219 19.155
  21  52.524748  66.043721    11.619    11.418  4 54865.68308090 16.621
  22  52.525160  66.044140    11.468    11.645  5 54875.59872939 16.866
  23  52.524888  66.043189    11.338    11.460  4 54885.51437495 17.366
  24  52.527167  66.041106    11.320    11.443  4 54895.43001729 17.556
  25  52.531804  66.039451    10.941    10.904  4 54905.34565718 18.056
  26  52.531898  66.039142    10.915    10.899  4 54915.26129554 18.234
  27  52.528983  66.040006    11.779    11.915  4 54925.17693330 15.782
  28  52.526010  66.040883    15.874    13.544  4 54935.09257033 14.605
  29  52.528129  66.040838    11.614    12.009  4 54945.00820586 13.753
  30  52.532486  66.039459    12.724    12.698  4 54954.92383916 14.274
  31  52.533328  66.038093     8.757     8.734  4 54964.83948580 38.612
  32  52.533791  66.038196    12.741    12.716  4 54974.75513395 49.890
  33  52.527416  66.039561    14.658    14.658  4 54984.67078114 36.638
  34  52.526443  66.041277    15.452    15.443  4 54994.58642874 45.006
  35  52.526907  66.042177    14.639    14.612  5 55004.50207512 36.445
  36  52.526998  66.042169    11.125    10.525  5 55014.41771931 36.110
  37  52.526849  66.041967     9.637     8.865  4 55024.33336208 42.102
  38  52.526288  66.042575    11.124    11.491  4 55034.24900425 28.494
  39  52.526266  66.043260     8.093     8.039  4 55044.16464574 50.940
  40  52.526323  66.043060     8.371     7.190  4 55054.08028555 34.723
  41  52.527966  66.041543     7.915     7.112  5 55063.99592324 33.380
  42  52.528973  66.039919     7.212     7.152  5 55073.91156938 44.672
  43  52.533015  66.039103     7.067     7.067  4 55083.82721777 34.240
  44  52.530581  66.039315     7.331     7.325  4 55093.74286402 37.955
  45  52.526616  66.039893     8.488     8.475  4 55103.65851002 31.692
  46  52.526540  66.040433     9.431     9.434  4 55113.57415614 31.999
  47  52.527507  66.040043    11.143    11.189  4 55123.48979989 24.384
  48  52.529020  66.039172     8.251     8.228  4 55133.40544080 47.191
  49  52.528555  66.038359     8.181     7.424  4 55143.32107943 33.394
  50  52.529130  66.038761     8.061     8.052  4 55153.23671758 32.438
  51  52.528213  66.039830     8.368     8.390  4 55163.15235595 30.877
  52  52.526775  66.041020     8.258     8.289  4 55173.06799398 28.200
  53  52.527172  66.041576     9.579    10.689  5 55182.98363110 24.774
  54  52.527732  66.041912    11.597    11.605  4 55192.89928240 18.692
  55  52.526625  66.042437    11.469    11.257  5 55202.81493231 18.518
  56  52.527419  66.043223    11.609    11.600  4 55212.73058175 18.439
  57  52.527142  66.043438    11.032    10.974  5 55222.64623064 19.121
  58  52.528924  66.042528    10.858    11.054  4 55232.56187833 18.589
  59  52.528861  66.040757    10.899    11.001  4 55242.47752264 18.965
  60  52.527700  66.039278    10.936    10.908  4 55252.39316351 17.256
  61  52.532186  66.039176    10.433    10.354  4 55262.30880270 18.430
  62  52.530436  66.040007    10.485    10.519  4 55272.22444039 17.781
  63  52.529544  66.040539     9.676     9.859  4 55282.14007798 18.880
  64  52.529255  66.040112    10.115    10.505  5 55292.05571441 18.023
  65  52.533197  66.039138     8.914     9.730  4 55301.97134949 18.607
  66  52.532688  66.038336     8.782     8.197  4 55311.88699719 32.830
  67  52.531921  66.038597    14.206    14.223  4 55321.80264255 51.164
  68  52.531205  66.039738    13.820    13.799  4 55331.71828676 31.367
  69  52.529207  66.040953    14.450    14.389  4 55341.63393084 34.467
  70  52.526248  66.041332    12.853    12.756  4 55351.54957460 28.538
  71  52.527964  66.041458    12.265    12.287  4 55361.46521662 29.143
  72  52.527208  66.041660    11.897    12.020  5 55371.38085631 30.902
  74  52.528182  66.043296     9.149     9.119  4 55391.21213233 36.974
  75  52.528397  66.043150    11.413    11.303  4 55401.12776867 28.363
  76  52.527680  66.041568     7.497     7.488  5 55411.04341782 39.820
  77  52.527493  66.039309     8.307     7.415  4 55420.95906767 28.998
  78  52.530505  66.038130     8.500     7.789  4 55430.87471485 31.555
  79  52.527931  66.038750     8.223     8.222  4 55440.79035925 37.135
  80  52.528370  66.040285     8.040     8.029  4 55450.70600244 44.748
  81  52.528111  66.041021     8.896     8.892  4 55460.62164497 49.837
  82  52.531579  66.040216     9.341     9.356  4 55470.53728666 30.362
  83  52.529666  66.038532    10.040    10.046  4 55480.45292483 28.841
  84  52.531896  66.037670     9.641     9.684  3 55490.36856084 36.482
  85  52.529939  66.038281     9.072     9.100  4 55500.28419436 46.418
  86  52.526586  66.039970     9.251     9.258  4 55510.19983594 44.929
  87  52.527334  66.041462     9.607     9.656  5 55520.11548584 42.430
  88  52.525918  66.041843    10.330    10.343  4 55530.03113453 30.935
  89  52.527816  66.041554    10.022     9.946  5 55539.94678180 27.507
  90  52.527545  66.041447    10.714    10.648  5 55549.86242669 23.030
  91  52.528327  66.042286    10.451    10.593  4 55559.77807003 22.018
  92  52.526837  66.043403    10.855    10.802  5 55569.69371233 21.339
  93  52.526091  66.043367    10.669    10.637  5 55579.60935371 21.414
  94  52.530112  66.041588    10.651    10.641  4 55589.52499285 20.296
  95  52.530286  66.038769    10.547    10.600  4 55599.44062854 20.136
  96  52.532059  66.037267    10.463    10.533  4 55609.35626201 19.782
  97  52.529934  66.037954    10.651    10.765  4 55619.27189357 19.385
  98  52.529099  66.040300    10.645    10.733  4 55629.18754260 18.274
  99  52.525906  66.041334    10.846    10.899  4 55639.10319338 18.186
 100  52.526480  66.040294    10.929    11.085  4 55649.01884219 17.316
 101  52.531257  66.038243     7.630     7.544  3 55658.93448821 33.045
 102  52.531738  66.037236     9.379     8.093  4 55668.85013004 33.778
 103  52.529543  66.038409    11.481    11.443  4 55678.76576934 31.646
 104  52.528289  66.040759    13.908    13.912  4 55688.68140681 54.332
 105  52.527580  66.042362    56.675    65.200  4 55698.59704293  6.713
 106  52.525062  66.042147    12.434    12.405  4 55708.51267951 29.283
 107  52.529916  66.041487    13.684    13.675  4 55718.42833080 32.927
 108  52.529504  66.041270    12.702    12.581  4 55728.34397906 27.512
 109  52.526085  66.041920     9.269     9.270  4 55738.25962557 52.152
 110  52.526623  66.042966     8.200     8.226  4 55748.17527119 44.749
 111  52.526471  66.042857     7.184     7.206  5 55758.09091448 43.583
 112  52.530227  66.041303     7.453     7.468  4 55768.00655536 34.102
 113  52.528078  66.038721     7.410     7.134  4 55777.92219258 30.173
 114  52.532061  66.037355     9.331     8.674  3 55787.83782783 29.674
 115  52.532487  66.038130     8.590     8.191  4 55797.75346135 29.308
 116  52.529757  66.039938     6.872     6.848  4 55807.66910476 40.583
 117  52.529009  66.041316     7.112     6.864  4 55817.58475372 35.151
 118  52.531441  66.040579     6.992     6.992  4 55827.50039923 42.983
 119  52.529869  66.038633    10.184    10.533  4 55837.41603999 27.778
 120  52.532491  66.037360     9.399     8.948  3 55847.33167802 27.291
 121  52.529751  66.038287     9.858     9.866  4 55857.24731327 37.685
 122  52.530267  66.040771     9.219     9.193  4 55867.16295804 48.809
 123  52.524855  66.042682     7.907     7.900  4 55877.07860972 42.571
 133  52.529712  66.038500    10.503    10.503  4 55976.23504097 18.974
 134  52.528968  66.040186    10.605    10.571  4 55986.15067722 19.040
 135  52.527209  66.040969    10.654    10.750  4 55996.06631342 19.285
 136  52.531137  66.040406    10.313    10.312  4 56005.98196550 18.925
 137  52.530599  66.038738    10.397    10.451  4 56015.89761312 19.451
 139  52.529106  66.039428     8.314     7.822  4 56035.72890073 22.738
 141  52.526237  66.042832    14.073    14.047  4 56055.56017966 48.887
 142  52.525139  66.042830    13.594    13.619  4 56065.47581370 34.759
 143  52.524919  66.042076    14.083    14.095  4 56075.39145933 36.887
 144  52.527807  66.041895    12.420    12.244  4 56085.30710896 28.124
 145  52.527931  66.041913    12.568    12.520  5 56095.22275598 27.526
 146  52.527605  66.042002     9.539     9.530  4 56105.13840083 46.879
 147  52.527873  66.041307    10.340    10.154  4 56115.05403122 27.672
 148  52.529326  66.040280     8.267     8.280  4 56124.96966951 39.195
 149  52.530988  66.038930     7.986     7.934  4 56134.88530383 43.426
 150  52.530929  66.038455     8.000     8.059  3 56144.80094481 35.852
 151  52.531558  66.039058     9.075     8.559  4 56154.71659494 30.764
 152  52.529762  66.040126     7.809     7.850  4 56164.63224377 42.703
 153  52.526086  66.040612     7.836     7.892  4 56174.54789027 45.332
 154  52.531538  66.040475     7.850     7.790  4 56184.46353245 30.609
 155  52.530136  66.039381     8.769     8.788  4 56194.37917021 36.375
 156  52.532474  66.039117     9.627     9.292  4 56204.29480546 29.684
 157  52.527847  66.039885     8.807     8.740  4 56214.21043857 40.001
 158  52.525607  66.041567     8.379     8.396  4 56224.12607379 36.547
 159  52.526539  66.042858     8.463     8.488  4 56234.04172982 48.199
 160  52.527230  66.042969     7.424     7.295  5 56243.95738184 42.641
 161  52.527169  66.042364     8.756     8.763  4 56253.87302895 39.677
 162  52.528452  66.042141     8.581     8.596  4 56263.78867188 28.743
 164  52.526940  66.041864     8.070     8.083  4 56283.61995645 27.057
 165  52.526358  66.040883     8.231     8.077  4 56293.53560783 24.905
 166  52.528966  66.039514     9.194     9.196  4 56303.45125512 23.696
 167  52.529650  66.038785     9.655     9.448  4 56313.36689817 22.839
 168  52.531508  66.039340     9.737     9.643  4 56323.28253924 22.767
 169  52.527538  66.040280     9.730     9.541  4 56333.19817918 22.820
 170  52.527512  66.040652     9.348     9.178  4 56343.11381894 22.870
 171  52.529679  66.040258    10.360    10.383  4 56353.02945658 19.162
 172  52.531611  66.039505    10.422    10.370  4 56362.94509881 19.368
 173  52.532073  66.039475    10.535    10.598  4 56372.86074795 17.862
 175  52.526890  66.041862    10.991    11.008  5 56392.69203816 16.968
 176  52.527375  66.042770     6.931     6.943  5 56402.60768083 41.668
 177  52.528660  66.042941     8.704     8.666  4 56412.52332074 36.782
 178  52.527809  66.042308    12.151    12.034  5 56422.43895544 34.282
 179  52.527764  66.042101    12.359    12.244  4 56432.35459705 31.712
 180  52.528705  66.042440    12.115    12.166  4 56442.27024972 39.644
 181  52.526006  66.042675    58.646    58.447  5 56452.18589951 23.504
 182  52.525952  66.041956    11.769    11.724  4 56462.10154705 29.189
 183  52.529874  66.040553    10.176    10.068  4 56472.01719164 29.251
 184  52.529317  66.038993     8.268     8.395  4 56481.93283233 45.329
 185  52.530864  66.038753     7.306     7.430  4 56491.84846952 44.864
 187  52.526663  66.040593     7.682     6.939  4 56511.67973675 36.558
 188  52.528068  66.040919     8.088     8.292  5 56521.59538287 28.653
 189  52.527022  66.040217     7.163     6.956  4 56531.51103566 32.457
 191  52.530256  66.039519     8.608     7.966  4 56551.34233005 29.169
 192  52.526607  66.040899     7.198     7.219  4 56561.25797248 33.341
 193  52.524636  66.042670     7.193     7.252  4 56571.17361396 47.902
 194  52.525909  66.043742     8.218     8.203  4 56581.08925415 50.450
 195  52.527109  66.043069     7.614     7.551  4 56591.00489014 43.861
 196  52.529018  66.041932     8.679     8.695  4 56600.92053834 36.119
 197  52.529261  66.041426    57.849    57.927  4 56610.83618840 24.302
 198  52.525367  66.042079    13.578    13.596  4 56620.75183345 39.694
 199  52.524439  66.042824    11.484    11.552  4 56630.66747573 24.811
 200  52.527408  66.042319    11.217    11.127  5 56640.58311465 21.058
 201  52.526585  66.040186    11.349    11.255  4 56650.49876147 18.795
 202  52.529142  66.038310    10.823    10.900  4 56660.41441227 15.565
 203  52.531719  66.038238    10.643    10.499  3 56670.33005964 15.519
 205  52.527268  66.041833    10.730    10.801  4 56690.16134751 16.346
 206  52.527782  66.041977    10.884    10.865  5 56700.07698760 16.628
 207  52.528221  66.040348    10.996    10.966  4 56709.99262293 16.707
 208  52.531275  66.039214    10.442    10.322  4 56719.90826471 16.579
 209  52.532576  66.039739     9.762     9.724  4 56729.82391700 21.213
 211  52.526010  66.043908    13.005    13.088  4 56749.65520901 13.097
 212  52.523875  66.044358    24.262    24.189  4 56759.57084828 16.011
 213  52.526347  66.043230     8.896     8.979  5 56769.48648159 42.962
 214  52.525425  66.041681    10.740    10.725  4 56779.40213147 36.105
 215  52.526540  66.041250    12.713    12.688  4 56789.31778708 45.715
 216  52.526314  66.041932    16.344    16.318  4 56799.23343924 37.245
 217  52.526782  66.042961    16.136    16.172  5 56809.14908523 53.666
 219  52.529032  66.040839    13.190    13.225  4 56828.98036262 51.675
 220  52.532390  66.038648    13.063    13.055  4 56838.89599643 31.229
 221  52.531517  66.038020    12.118    12.297  4 56848.81162806 29.473
 222  52.528750  66.039616     8.597     8.599  4 56858.72728240 43.166
 223  52.527643  66.041832    11.823    11.676  5 56868.64293588 28.172
 224  52.528005  66.042547     8.046     8.013  4 56878.55858735 44.348
 225  52.529647  66.041555     7.592     7.548  4 56888.47423558 45.508
 226  52.528911  66.039986     8.062     8.057  5 56898.38988086 30.248
 227  52.526225  66.040039    11.157    11.270  4 56908.30552352 25.001
 228  52.527896  66.042072     8.262     8.263  4 56918.22116464 41.812
 229  52.524023  66.044128     9.923     9.894  4 56928.13680324 29.228
 230  52.525374  66.044776     9.108     8.597  5 56938.05243816 31.147
 231  52.525286  66.043370     8.342     8.375  5 56947.96807095 49.641
 232  52.528179  66.041613     7.653     7.653  4 56957.88372461 37.314
 233  52.528877  66.040750     8.503     8.413  4 56967.79937276 32.502
 234  52.525369  66.041233     9.315     9.205  4 56977.71501656 29.773
 235  52.526343  66.042265     9.348     8.821  5 56987.63065629 29.877
 236  52.527108  66.042016    10.129    10.062  5 56997.54628995 26.258
 237  52.526425  66.040436    10.650    10.732  4 57007.46193719 26.497
 238  52.532368  66.038912     9.855    10.001  4 57017.37759131 27.321
 239  52.531194  66.038520    10.587    10.547  3 57027.29324133 24.612
 240  52.531959  66.040126    10.455    10.464  4 57037.20888976 23.124
 241  52.527909  66.041728    10.815    10.935  4 57047.12453518 21.838
 242  52.527349  66.042374    10.880    11.208  4 57057.04017725 20.943
 243  52.529625  66.041446    10.971    11.188  4 57066.95581412 19.800
 244  52.529032  66.040508    18.325    16.834  5 57076.87144636 14.982
 245  52.528601  66.040524    12.227    12.322  4 57086.78707669 16.526
 246  52.526730  66.042327    15.124    14.905  5 57096.70273542 16.864
 247  52.524764  66.044050    23.234    23.947  4 57106.61839129 12.774
 248  52.525201  66.044551    14.688    14.638  4 57116.53404259 11.013
 249  52.525832  66.043425     9.270     9.695  5 57126.44968762 17.231
 250  52.526926  66.041863    11.564    11.652  5 57136.36532731 14.142
