# NaN NaN NaN ;Mean Elev.(m), Avg Gradient(m/km), RMS Gradient(m/km) - SRTM1     
#   19.978  -3.716   7.888 ;Mean Elev.(m), Avg Gradient(m/km), RMS Gradient(m/km) - ASTER GDEM
#   30.631  -0.552   7.609 ;Mean Elev.(m), Avg Gradient(m/km), RMS Gradient(m/km) - GMTED2010 
   1    24.237 54667.37043501 37.78  55.170232  66.118906 17.935 -100.00 -100.00 -100.00
   1    23.330 54667.37043560 39.77  55.176703  66.119037   -100 -100.00 -100.00 -100.00
   1    23.412 54667.37043619 38.51  55.183174  66.119168 32.000 -100.00 -100.00 -100.00
   2    27.657 54677.28607973 25.04  55.173230  66.119906 19.852 -100.00 -100.00 -100.00
   2    27.819 54677.28608032 28.61  55.179702  66.120037 28.886 -100.00 -100.00 -100.00
   3     1.740 54687.20172282  7.31  55.172622  66.121633  2.873 -100.00 -100.00 -100.00
   3     2.531 54687.20172341  7.89  55.179094  66.121764  2.773 -100.00 -100.00 -100.00
   4    74.150 54697.11736437  9.57  55.174879  66.122746 11.948 -100.00 -100.00 -100.00
   4    78.375 54697.11736496  5.30  55.181351  66.122877  6.661 -100.00 -100.00 -100.00
   5     7.651 54707.03300508 11.73  55.172216  66.121796  3.699 -100.00 -100.00 -100.00
   5     8.430 54707.03300567 11.71  55.178688  66.121927  3.300 -100.00 -100.00 -100.00
   6    73.152 54716.94865734  4.59  55.175062  66.119499  4.153 -100.00 -100.00 -100.00
   6    71.489 54716.94865793  4.80  55.181532  66.119631  5.286 -100.00 -100.00 -100.00
   7     6.160 54726.86430670 21.85  55.173666  66.117088 17.670 -100.00 -100.00 -100.00
   7     6.060 54726.86430729 26.91  55.180136  66.117220 27.487 -100.00 -100.00 -100.00
   8    72.784 54736.77995421 16.66  55.170271  66.116483 14.309 -100.00 -100.00 -100.00
   8    72.738 54736.77995480 20.89  55.176741  66.116614 16.541 -100.00 -100.00 -100.00
   8    74.201 54736.77995539  5.47  55.183211  66.116745  4.843 -100.00 -100.00 -100.00
   9    27.928 54746.69560195 23.71  55.174915  66.118003  8.227 -100.00 -100.00 -100.00
   9    28.249 54746.69560255 23.90  55.181386  66.118134  8.887 -100.00 -100.00 -100.00
  10    25.343 54756.61124858 37.02  55.171925  66.119520 23.038 -100.00 -100.00 -100.00
  10    25.013 54756.61124917 40.69  55.178397  66.119651   -100 -100.00 -100.00 -100.00
  11    27.620 54766.52689355 22.36  55.170360  66.119480  9.106 -100.00 -100.00 -100.00
  11    28.040 54766.52689414 22.86  55.176832  66.119611 10.075 -100.00 -100.00 -100.00
  11    28.535 54766.52689473 26.11  55.183304  66.119742 15.797 -100.00 -100.00 -100.00
  12    26.674 54776.44253549 35.91  55.170208  66.117592 24.619 -100.00 -100.00 -100.00
  12    25.947 54776.44253608 39.60  55.176679  66.117723   -100 -100.00 -100.00 -100.00
  12    27.880 54776.44253667 34.25  55.183150  66.117854 25.906 -100.00 -100.00 -100.00
  13    23.550 54786.35817496 29.71  55.169552  66.115712 24.365 -100.00 -100.00 -100.00
  13    27.312 54786.35817555 27.74  55.176023  66.115843 15.454 -100.00 -100.00 -100.00
  13    27.755 54786.35817614 29.56  55.182493  66.115974 19.198 -100.00 -100.00 -100.00
  14    23.261 54796.27381365 36.57  55.173535  66.115684   -100 -100.00 -100.00 -100.00
  14    23.672 54796.27381424 39.78  55.180006  66.115815 30.465 -100.00 -100.00 -100.00
  17    27.321 54826.02073632 19.18  55.172474  66.120255  5.866 -100.00 -100.00 -100.00
  17    27.639 54826.02073691 21.03  55.178945  66.120386  8.560 -100.00 -100.00 -100.00
  19    74.950 54845.85202540  0.63  55.173645  66.119697  2.423 -100.00 -100.00 -100.00
  19    74.586 54845.85202599  0.19  55.180116  66.119828  2.407 -100.00 -100.00 -100.00
  20    73.049 54855.76767454  1.48  55.175809  66.120440  2.475 -100.00 -100.00 -100.00
  20    73.846 54855.76767513  1.57  55.182280  66.120571  2.607 -100.00 -100.00 -100.00
  21    73.772 54865.68332325  1.35  55.173925  66.121781  2.500 -100.00 -100.00 -100.00
  21    73.502 54865.68332384  1.47  55.180397  66.121912  3.029 -100.00 -100.00 -100.00
  22    74.127 54875.59897144  2.58  55.171222  66.122129  2.850 -100.00 -100.00 -100.00
  22    72.123 54875.59897203  2.58  55.177694  66.122260  3.178 -100.00 -100.00 -100.00
  22    73.255 54875.59897262  2.21  55.184167  66.122391  2.972 -100.00 -100.00 -100.00
  23    73.984 54885.51461730  2.10  55.174153  66.121267  3.080 -100.00 -100.00 -100.00
  23    73.652 54885.51461789  2.07  55.180625  66.121398  3.454 -100.00 -100.00 -100.00
  24    75.405 54895.43025904  3.29  55.169800  66.119010  3.123 -100.00 -100.00 -100.00
  24    74.971 54895.43025963  2.98  55.176272  66.119141  3.428 -100.00 -100.00 -100.00
  24    74.391 54895.43026022  2.79  55.182744  66.119271  2.730 -100.00 -100.00 -100.00
  25    76.050 54905.34589894  1.23  55.174284  66.117255  3.130 -100.00 -100.00 -100.00
  25    75.635 54905.34589953  0.98  55.180755  66.117386  2.906 -100.00 -100.00 -100.00
  26    75.870 54915.26153730  1.90  55.174293  66.116946  3.286  253.06  243.76  223.98
  26    75.251 54915.26153789  1.63  55.180764  66.117077  3.434  253.06  243.76  223.98
  27    75.916 54925.17717506  4.66  55.171364  66.117886  3.136 -100.00 -100.00 -100.00
  27    75.292 54925.17717565  4.77  55.177835  66.118017  3.083 -100.00 -100.00 -100.00
  28    75.269 54935.09281268  4.87  55.174834  66.119002  3.155 -100.00 -100.00 -100.00
  28    74.546 54935.09281327  4.93  55.181305  66.119133  3.382 -100.00 -100.00 -100.00
  29    75.592 54945.00844762  1.64  55.170364  66.118863  2.833 -100.00 -100.00 -100.00
  29    75.250 54945.00844821  1.11  55.176834  66.118994  2.672 -100.00 -100.00 -100.00
  29    74.642 54945.00844880  1.20  55.183305  66.119126  2.779 -100.00 -100.00 -100.00
  30    75.420 54954.92408091  3.46  55.174479  66.117484  3.011 -100.00 -100.00 -100.00
  30    75.254 54954.92408150  3.21  55.180949  66.117616  2.614 -100.00 -100.00 -100.00
  31    48.919 54964.83972696 15.90  55.168659  66.115936 16.421 -100.00 -100.00 -100.00
  31    47.594 54964.83972755 16.93  55.175128  66.116068 15.282 -100.00 -100.00 -100.00
  31    28.091 54964.83972814 20.24  55.181598  66.116199 22.877 -100.00 -100.00 -100.00
  32    30.421 54974.75537546 39.27  55.172977  66.116058   -100 -100.00 -100.00 -100.00
  32    30.123 54974.75537605 36.19  55.179446  66.116189 29.380 -100.00 -100.00 -100.00
  33    72.973 54984.67102289 14.45  55.169452  66.117567  3.964 -100.00 -100.00 -100.00
  33    74.427 54984.67102348 13.90  55.175922  66.117698  4.355 -100.00 -100.00 -100.00
  33    68.766 54984.67102407 13.78  55.182393  66.117829  4.205 -100.00 -100.00 -100.00
  34    82.302 54994.58667109 22.88  55.175205  66.119434 12.183 -100.00 -100.00 -100.00
  34    81.836 54994.58667168 27.00  55.181676  66.119566 18.104 -100.00 -100.00 -100.00
  35    28.592 55004.50231703 27.55  55.171069  66.120227 12.190 -100.00 -100.00 -100.00
  35    28.602 55004.50231762 30.23  55.177540  66.120358 19.171 -100.00 -100.00 -100.00
  35    28.760 55004.50231821 32.21  55.184011  66.120489 24.959 -100.00 -100.00 -100.00
  36    25.998 55014.41796122 36.90  55.171219  66.120195 13.697 -100.00 -100.00 -100.00
  36    24.896 55014.41796182 39.99  55.177690  66.120326 25.381 -100.00 -100.00 -100.00
  36    24.731 55014.41796241 52.51  55.184161  66.120457   -100 -100.00 -100.00 -100.00
  37    28.102 55024.33360427 25.68  55.174064  66.120032 15.446 -100.00 -100.00 -100.00
  37    28.180 55024.33360486 27.98  55.180536  66.120163 17.754 -100.00 -100.00 -100.00
  38    28.104 55034.24924621 23.81  55.171078  66.120588 13.846 -100.00 -100.00 -100.00
  38    28.128 55034.24924680 24.16  55.177549  66.120719 14.395 -100.00 -100.00 -100.00
  38    28.106 55034.24924739 28.68  55.184021  66.120850 22.936 -100.00 -100.00 -100.00
  39    23.049 55044.16488779 35.34  55.172120  66.121321 25.272 -100.00 -100.00 -100.00
  39    22.907 55044.16488838 39.12  55.178592  66.121452 28.495 -100.00 -100.00 -100.00
  39    22.805 55044.16488897 47.14  55.185063  66.121583 20.396 -100.00 -100.00 -100.00
  40    27.886 55054.08052761 21.63  55.172072  66.121188  9.923 -100.00 -100.00 -100.00
  40    28.045 55054.08052820 24.11  55.178544  66.121320 13.603 -100.00 -100.00 -100.00
  40    28.228 55054.08052879 28.69  55.185015  66.121451 23.471 -100.00 -100.00 -100.00
  41    23.671 55063.99616500 30.15  55.170245  66.119632 13.617 -100.00 -100.00 -100.00
  41    22.344 55063.99616559 33.50  55.176716  66.119764 31.416 -100.00 -100.00 -100.00
  41    27.859 55063.99616618 28.91  55.183187  66.119895 19.994 -100.00 -100.00 -100.00
  42    27.447 55073.91181145 28.89  55.174482  66.118022 20.133 -100.00 -100.00 -100.00
  42    27.801 55073.91181204 29.29  55.180952  66.118153 26.138 -100.00 -100.00 -100.00
  43    27.088 55083.82745927 27.30  55.172197  66.116929 23.665 -100.00 -100.00 -100.00
  43    27.754 55083.82745986 26.34  55.178667  66.117060 18.093 -100.00 -100.00 -100.00
  44    32.451 55093.74310562 11.23  55.170832  66.117149  9.803 -100.00 -100.00 -100.00
  44    28.438 55093.74310621 19.93  55.177303  66.117280 27.529 -100.00 -100.00 -100.00
  44    28.668 55093.74310680 20.02  55.183773  66.117410 20.945 -100.00 -100.00 -100.00
  45    75.043 55103.65875222 10.04  55.173736  66.117919  4.993 -100.00 -100.00 -100.00
  45    75.406 55103.65875282  9.77  55.180207  66.118050  4.248 -100.00 -100.00 -100.00
  46    73.300 55113.57439848  9.66  55.175366  66.118500  3.995 -100.00 -100.00 -100.00
  46    71.816 55113.57439907 10.61  55.181837  66.118631  6.529 -100.00 -100.00 -100.00
  47    72.621 55123.49004209  6.90  55.174859  66.118088  4.103 -100.00 -100.00 -100.00
  47    72.224 55123.49004268  6.51  55.181330  66.118219  5.422 -100.00 -100.00 -100.00
  48    23.622 55133.40568269 39.18  55.172920  66.117142 25.580 -100.00 -100.00 -100.00
  48    23.302 55133.40568328 43.28  55.179391  66.117274   -100 -100.00 -100.00 -100.00
  49    23.189 55143.32132104 36.46  55.169389  66.116286 32.760 -100.00 -100.00 -100.00
  49    23.510 55143.32132163 37.17  55.175860  66.116418 23.402 -100.00 -100.00 -100.00
  49    23.128 55143.32132222 39.96  55.182331  66.116549   -100 -100.00 -100.00 -100.00
  50    26.942 55153.23695933 26.63  55.171521  66.116714 11.877  256.96  253.83  247.74
  50    26.889 55153.23695992 30.62  55.177992  66.116845 21.464  256.96  253.83  247.74
  51    27.076 55163.15259771 25.94  55.170642  66.117825 11.465 -100.00 -100.00 -100.00
  51    27.559 55163.15259830 27.37  55.177113  66.117957 14.738 -100.00 -100.00 -100.00
  51    27.590 55163.15259889 29.34  55.183585  66.118088 18.978 -100.00 -100.00 -100.00
  52    27.670 55173.06823632 24.54  55.175712  66.119224  9.824 -100.00 -100.00 -100.00
  52    27.812 55173.06823691 24.37  55.182184  66.119356  8.724 -100.00 -100.00 -100.00
  54    27.433 55192.89952471 21.65  55.176196  66.120087 10.232 -100.00 -100.00 -100.00
  54    27.902 55192.89952530 21.21  55.182668  66.120218  7.080 -100.00 -100.00 -100.00
  64    75.645 55292.05595637  3.81  55.173636  66.118137  2.940 -100.00 -100.00 -100.00
  64    75.017 55292.05595696  3.69  55.180107  66.118268  2.851 -100.00 -100.00 -100.00
  66    22.944 55311.88723873 28.56  55.172101  66.116241 17.245 -100.00 -100.00 -100.00
  66    28.348 55311.88723932 23.55  55.178570  66.116373  6.977 -100.00 -100.00 -100.00
  67    79.280 55321.80288414 21.95  55.171958  66.116490 28.841 -100.00 -100.00 -100.00
  67    81.508 55321.80288473 13.94  55.178427  66.116621 10.101 -100.00 -100.00 -100.00
  68    72.374 55331.71852851 12.53  55.173193  66.117649  5.712 -100.00 -100.00 -100.00
  68    72.238 55331.71852910 11.96  55.179663  66.117780  5.643 -100.00 -100.00 -100.00
  69    93.695 55341.63417245 16.94  55.169846  66.118859  9.151 -100.00 -100.00 -100.00
  69    93.437 55341.63417304 19.87  55.176317  66.118990 16.064 -100.00 -100.00 -100.00
  69    89.703 55341.63417363 25.21  55.182787  66.119121 23.088 -100.00 -100.00 -100.00
  70    28.390 55351.54981681 25.63  55.173466  66.119441 18.766 -100.00 -100.00 -100.00
  70    28.815 55351.54981740 26.44  55.179937  66.119573 16.695 -100.00 -100.00 -100.00
  71    74.157 55361.46545837  8.53  55.170335  66.119461  3.409 -100.00 -100.00 -100.00
  71    68.480 55361.46545896  9.58  55.176806  66.119592  6.322 -100.00 -100.00 -100.00
  71    71.532 55361.46545955  7.72  55.183277  66.119723  4.312 -100.00 -100.00 -100.00
  72    74.127 55371.38109814  6.30  55.170470  66.119701  4.353 -100.00 -100.00 -100.00
  72    72.987 55371.38109873  5.49  55.176942  66.119832  3.375 -100.00 -100.00 -100.00
  72    82.242 55371.38109932  4.46  55.183413  66.119963  3.041 -100.00 -100.00 -100.00
  74    27.892 55391.21237452 23.29  55.175427  66.121420 10.280 -100.00 -100.00 -100.00
  74    27.788 55391.21237511 28.54  55.181899  66.121551 18.288 -100.00 -100.00 -100.00
  75    27.562 55401.12801086 26.57  55.175556  66.121323 23.204 -100.00 -100.00 -100.00
  75    28.142 55401.12801145 29.20  55.182027  66.121455 22.075 -100.00 -100.00 -100.00
  76    70.643 55411.04365971  3.77  55.171359  66.119684  6.199 -100.00 -100.00 -100.00
  76    77.753 55411.04366030  1.23  55.177830  66.119816  2.802 -100.00 -100.00 -100.00
  76    82.000 55411.04366089  9.20  55.184300  66.119947  7.424 -100.00 -100.00 -100.00
  77    27.682 55420.95930985 24.80  55.174103  66.117462 15.627 -100.00 -100.00 -100.00
  77    27.978 55420.95931044 27.04  55.180573  66.117593 20.305 -100.00 -100.00 -100.00
  78    75.376 55430.87495682 11.48  55.174624  66.116131  9.967  262.90  262.31  260.93
  78    80.496 55430.87495741  5.11  55.181094  66.116262  4.447  262.90  262.31  260.93
  79    74.039 55440.79060146 14.85  55.174733  66.116792 13.424  262.64  261.27  259.87
  79    72.048 55440.79060205  4.35  55.181203  66.116923  4.366  262.64  261.27  259.87
  80    74.995 55450.70624457 16.75  55.174558  66.118275  8.965 -100.00 -100.00 -100.00
  80    72.446 55450.70624516 23.24  55.181029  66.118406 13.295 -100.00 -100.00 -100.00
  81    24.525 55460.62188717 39.25  55.175346  66.119052 24.431 -100.00 -100.00 -100.00
  81    24.988 55460.62188776 51.60  55.181817  66.119183   -100 -100.00 -100.00 -100.00
  82    27.448 55470.53752820 24.55  55.171513  66.118077 14.593 -100.00 -100.00 -100.00
  82    27.896 55470.53752879 23.31  55.177984  66.118208 10.999 -100.00 -100.00 -100.00
  83    74.829 55480.45316644  8.76  55.170383  66.116493  5.398  263.62  262.94  262.94
  83    74.757 55480.45316703  7.26  55.176853  66.116624  3.479  263.62  262.94  262.94
  83    72.819 55480.45316762  7.52  55.183324  66.116755  5.046  263.62  262.94  262.94
  84    27.416 55490.36880230 20.39  55.170904  66.115591  6.311  258.94  257.40  256.39
  84    28.011 55490.36880289 21.92  55.177374  66.115722  7.822  258.94  257.40  256.39
  85    24.598 55500.28443605 41.47  55.171577  66.116320 27.677 -100.00 -100.00 -100.00
  85    24.109 55500.28443664 44.08  55.178048  66.116452   -100 -100.00 -100.00 -100.00
  86    24.327 55510.20007828 41.41  55.175506  66.118200   -100 -100.00 -100.00 -100.00
  86    24.338 55510.20007887 44.57  55.181977  66.118331   -100 -100.00 -100.00 -100.00
  87    25.217 55520.11572789 39.06  55.173117  66.119566 24.749 -100.00 -100.00 -100.00
  87    24.913 55520.11572848 43.53  55.179589  66.119698   -100 -100.00 -100.00 -100.00
  88    25.417 55530.03137688 29.86  55.174897  66.120015 17.642 -100.00 -100.00 -100.00
  88    25.360 55530.03137747 30.94  55.181368  66.120146 19.277 -100.00 -100.00 -100.00
  89    27.553 55539.94702385 23.57  55.173469  66.119610  6.845 -100.00 -100.00 -100.00
  89    28.005 55539.94702444 25.54  55.179941  66.119741  9.643 -100.00 -100.00 -100.00
  90    32.557 55549.86266874  6.36  55.173155  66.119491 10.128 -100.00 -100.00 -100.00
  90    43.146 55549.86266933  3.83  55.179626  66.119622  7.117 -100.00 -100.00 -100.00
  93    28.210 55579.60959576 11.36  55.172053  66.121431 14.856 -100.00 -100.00 -100.00
  93    27.994 55579.60959636 15.34  55.178525  66.121562 10.652 -100.00 -100.00 -100.00
  93    28.220 55579.60959695 18.17  55.184997  66.121693  6.415 -100.00 -100.00 -100.00
 101    22.972 55658.93472990 29.33  55.172447  66.116186   -100 -100.00 -100.00 -100.00
 101    23.039 55658.93473049 29.83  55.178917  66.116317 32.245 -100.00 -100.00 -100.00
 102    23.736 55668.85037155 29.33  55.170827  66.115110 22.417 -100.00 -100.00 -100.00
 102    26.504 55668.85037214 26.94  55.177297  66.115241 15.939 -100.00 -100.00 -100.00
 103    27.578 55678.76601093 27.82  55.169621  66.116335 16.108 -100.00 -100.00 -100.00
 103    27.241 55678.76601152 32.48  55.176090  66.116467 26.832 -100.00 -100.00 -100.00
 103    27.365 55678.76601211 34.25  55.182560  66.116598   -100 -100.00 -100.00 -100.00
 104    83.156 55688.68164857 21.51  55.170454  66.118775 14.287 -100.00 -100.00 -100.00
 104    82.736 55688.68164916 13.60  55.176924  66.118907  4.705 -100.00 -100.00 -100.00
 104    81.215 55688.68164975 25.05  55.183395  66.119038 23.992 -100.00 -100.00 -100.00
 105    73.391 55698.59728528  7.17  55.176449  66.120571  3.724 -100.00 -100.00 -100.00
 105    71.691 55698.59728587  6.37  55.182921  66.120702  2.913 -100.00 -100.00 -100.00
 106    77.128 55708.51292172 17.06  55.172435  66.120423 10.285 -100.00 -100.00 -100.00
 106    77.035 55708.51292231 23.46  55.178906  66.120554 13.550 -100.00 -100.00 -100.00
 107    29.973 55718.42857233 29.02  55.169955  66.119480 15.714 -100.00 -100.00 -100.00
 107    30.007 55718.42857292 28.67  55.176426  66.119611 12.627 -100.00 -100.00 -100.00
 107    30.157 55718.42857351 31.84  55.182897  66.119742 20.839 -100.00 -100.00 -100.00
 108    28.339 55728.34422068 25.03  55.170410  66.119237 11.333 -100.00 -100.00 -100.00
 108    28.439 55728.34422127 25.21  55.176881  66.119369 11.434 -100.00 -100.00 -100.00
 108    28.634 55728.34422186 30.47  55.183352  66.119500 20.445 -100.00 -100.00 -100.00
 109    24.323 55738.25986779 36.83  55.173749  66.120053 21.595 -100.00 -100.00 -100.00
 109    24.666 55738.25986838 43.49  55.180221  66.120185 30.115 -100.00 -100.00 -100.00
 110    28.013 55748.17551342 23.86  55.174408  66.121074 13.313 -100.00 -100.00 -100.00
 110    27.993 55748.17551401 28.99  55.180880  66.121205 25.553 -100.00 -100.00 -100.00
 111    22.443 55758.09115676 31.52  55.174688  66.120985   -100 -100.00 -100.00 -100.00
 111    27.841 55758.09115735 29.40  55.181159  66.121116 19.003 -100.00 -100.00 -100.00
 112    23.230 55768.00679718 31.74  55.173124  66.119285 16.471 -100.00 -100.00 -100.00
 112    27.151 55768.00679777 33.33  55.179595  66.119417   -100 -100.00 -100.00 -100.00
 113    27.379 55777.92243457 26.71  55.172480  66.116808 20.658 -100.00 -100.00 -100.00
 113    27.869 55777.92243516 26.54  55.178950  66.116939 17.246 -100.00 -100.00 -100.00
 114    27.460 55787.83806930 23.12  55.170673  66.115282 11.808  267.73  267.22  265.58
 114    27.767 55787.83806989 26.19  55.177142  66.115413 18.063  267.73  267.22  265.58
 115    29.183 55797.75370258 19.98  55.168548  66.116030  8.556 -100.00 -100.00 -100.00
 115    27.836 55797.75370317 25.25  55.175018  66.116162 16.206 -100.00 -100.00 -100.00
 115    27.853 55797.75370376 27.23  55.181488  66.116293 17.965 -100.00 -100.00 -100.00
 116    21.955 55807.66934637 31.76  55.170291  66.117964 25.662 -100.00 -100.00 -100.00
 116    21.902 55807.66934696 37.64  55.176761  66.118096 29.707 -100.00 -100.00 -100.00
 116    21.930 55807.66934755 48.81  55.183232  66.118227 13.165 -100.00 -100.00 -100.00
 117    27.321 55817.58499584 28.67  55.175408  66.119458 20.122 -100.00 -100.00 -100.00
 117    27.514 55817.58499643 30.05  55.181879  66.119589 23.035 -100.00 -100.00 -100.00
 118    21.640 55827.50064100 35.77  55.174056  66.118610 23.547 -100.00 -100.00 -100.00
 118    22.361 55827.50064159 46.74  55.180527  66.118742   -100 -100.00 -100.00 -100.00
 119    27.338 55837.41628161 21.88  55.170638  66.116667 20.779 -100.00 -100.00 -100.00
 119    27.734 55837.41628220 23.66  55.177109  66.116799 18.116 -100.00 -100.00 -100.00
 119    28.212 55837.41628279 23.91  55.183580  66.116930 17.014 -100.00 -100.00 -100.00
 120    73.700 55847.33191948  9.34  55.171489  66.115311  4.504  262.50  262.04  262.77
 120    73.186 55847.33192007  8.89  55.177959  66.115442  4.923  262.50  262.04  262.77
 121    65.986 55857.24755502 16.65  55.172064  66.116372  9.426 -100.00 -100.00 -100.00
 121    70.817 55857.24755561 22.16  55.178535  66.116503  9.499 -100.00 -100.00 -100.00
 122    23.838 55867.16319975 39.39  55.172359  66.118820 26.873 -100.00 -100.00 -100.00
 122    23.676 55867.16320034 42.64  55.178830  66.118951   -100 -100.00 -100.00 -100.00
 123    23.500 55877.07885207 36.45  55.173972  66.120931   -100 -100.00 -100.00 -100.00
 123    23.573 55877.07885266 38.74  55.180444  66.121062   -100 -100.00 -100.00 -100.00
 134    75.536 55986.15091897  0.95  55.171345  66.118227  2.997 -100.00 -100.00 -100.00
 134    75.156 55986.15091956  0.71  55.177816  66.118358  2.643 -100.00 -100.00 -100.00
 134    74.745 55986.15092015  0.52  55.184287  66.118489  3.347 -100.00 -100.00 -100.00
 135    75.495 55996.06655517  1.80  55.169542  66.119111  3.033 -100.00 -100.00 -100.00
 135    75.127 55996.06655576  1.34  55.176013  66.119243  3.071 -100.00 -100.00 -100.00
 135    74.504 55996.06655635  1.36  55.182484  66.119374  3.219 -100.00 -100.00 -100.00
 136    76.120 56005.98220725  0.54  55.173314  66.118437  2.609 -100.00 -100.00 -100.00
 136    74.916 56005.98220784  0.55  55.179785  66.118568  2.871 -100.00 -100.00 -100.00
 137    76.354 56015.89785488  1.19  55.172516  66.116729  2.800 -100.00 -100.00 -100.00
 137    75.857 56015.89785547  0.50  55.178986  66.116861  2.909 -100.00 -100.00 -100.00
 139    75.577 56035.72914243  4.57  55.170421  66.117348  2.872 -100.00 -100.00 -100.00
 139    75.330 56035.72914302  4.48  55.176891  66.117479  2.689 -100.00 -100.00 -100.00
 139    74.798 56035.72914361  4.32  55.183361  66.117610  2.777 -100.00 -100.00 -100.00
 141    28.503 56055.56042178 38.53  55.172778  66.120988 28.095 -100.00 -100.00 -100.00
 141    28.555 56055.56042237 40.62  55.179250  66.121120   -100 -100.00 -100.00 -100.00
 142    85.891 56065.47605604  9.20  55.174137  66.121127  3.010 -100.00 -100.00 -100.00
 142    84.114 56065.47605663  8.51  55.180609  66.121258  2.690 -100.00 -100.00 -100.00
 143    73.545 56075.39170154  5.52  55.172338  66.120317  3.808 -100.00 -100.00 -100.00
 143    72.035 56075.39170213  5.26  55.178809  66.120448  4.266 -100.00 -100.00 -100.00
 144    72.940 56085.30735117  4.45  55.175220  66.120013  3.298 -100.00 -100.00 -100.00
 144    71.526 56085.30735176  4.28  55.181691  66.120145  3.970 -100.00 -100.00 -100.00
 145    73.693 56095.22299803  6.92  55.173608  66.119962  3.556 -100.00 -100.00 -100.00
 145    72.041 56095.22299862  6.46  55.180079  66.120093  4.001 -100.00 -100.00 -100.00
 146    28.073 56105.13864311 24.50  55.175775  66.120118 10.867 -100.00 -100.00 -100.00
 146    28.023 56105.13864370 29.38  55.182246  66.120249 18.906 -100.00 -100.00 -100.00
 147    76.238 56115.05427297  5.69  55.170028  66.119324  6.830 -100.00 -100.00 -100.00
 147    81.076 56115.05427356  2.99  55.176498  66.119456  4.020 -100.00 -100.00 -100.00
 147    83.718 56115.05427415  2.01  55.182969  66.119587  3.749 -100.00 -100.00 -100.00
 148    27.809 56124.96991111 19.27  55.169573  66.118269 21.520 -100.00 -100.00 -100.00
 148    27.944 56124.96991170 22.60  55.176043  66.118401  8.624 -100.00 -100.00 -100.00
 148    28.384 56124.96991229 25.41  55.182513  66.118532  9.046 -100.00 -100.00 -100.00
 149    23.660 56134.88554526 40.67  55.169314  66.116888 17.905 -100.00 -100.00 -100.00
 149    23.267 56134.88554586 42.64  55.175784  66.117020 29.526 -100.00 -100.00 -100.00
 149    22.996 56134.88554645 49.19  55.182254  66.117151   -100 -100.00 -100.00 -100.00
 150    75.891 56144.80118656  0.86  55.172694  66.116472  3.795 -100.00 -100.00 -100.00
 150    81.839 56144.80118715  1.19  55.179164  66.116603  2.987 -100.00 -100.00 -100.00
 151    27.408 56154.71683676 26.63  55.174114  66.117028 21.497 -100.00 -100.00 -100.00
 151    28.026 56154.71683735 27.09  55.180585  66.117159 18.830 -100.00 -100.00 -100.00
 152    23.041 56164.63248557 40.35  55.172411  66.118108   -100 -100.00 -100.00 -100.00
 152    23.062 56164.63248616 33.35  55.178881  66.118239 12.158 -100.00 -100.00 -100.00
 153    22.974 56174.54813242 39.55  55.172769  66.118748 22.529 -100.00 -100.00 -100.00
 153    23.543 56174.54813301 40.69  55.179240  66.118880 15.709 -100.00 -100.00 -100.00
 154    22.892 56184.46377420 32.92  55.173940  66.118450 20.492 -100.00 -100.00 -100.00
 154    27.719 56184.46377479 28.25  55.180411  66.118581 11.823 -100.00 -100.00 -100.00
 155    23.904 56194.37941197 32.00  55.172494  66.117393 20.510 -100.00 -100.00 -100.00
 155    26.707 56194.37941256 32.93  55.178965  66.117525   -100 -100.00 -100.00 -100.00
 156    27.922 56204.29504722 22.47  55.174836  66.117089  7.443 -100.00 -100.00 -100.00
 156    28.289 56204.29504781 23.23  55.181307  66.117221  8.368 -100.00 -100.00 -100.00
 157    27.307 56214.21068033 24.57  55.170240  66.117973  5.644 -100.00 -100.00 -100.00
 157    27.845 56214.21068092 25.37  55.176711  66.118104  7.683 -100.00 -100.00 -100.00
 157    28.132 56214.21068151 26.88  55.183183  66.118236  9.034 -100.00 -100.00 -100.00
 158    23.141 56224.12631614 31.77  55.174576  66.119885 31.558 -100.00 -100.00 -100.00
 158    26.940 56224.12631673 31.41  55.181047  66.120016 24.172 -100.00 -100.00 -100.00
 159    23.686 56234.04197223 40.83  55.176196  66.121133 24.996 -100.00 -100.00 -100.00
 159    23.832 56234.04197282 43.85  55.182667  66.121265 27.206 -100.00 -100.00 -100.00
 160    22.991 56243.95762389 30.92  55.172989  66.121116 23.051 -100.00 -100.00 -100.00
 160    22.899 56243.95762448 34.93  55.179461  66.121248 32.297 -100.00 -100.00 -100.00
 161    72.031 56253.87327129 12.50  55.176070  66.120533 13.248 -100.00 -100.00 -100.00
 161    70.467 56253.87327188  5.68  55.182541  66.120665  6.826 -100.00 -100.00 -100.00
 162    24.465 56263.78891403 28.66  55.175190  66.120216 14.568 -100.00 -100.00 -100.00
 162    24.195 56263.78891462 32.25  55.181661  66.120347   -100 -100.00 -100.00 -100.00
 164    23.103 56283.62019852 27.57  55.172925  66.119961 30.494 -100.00 -100.00 -100.00
 164    23.391 56283.62019911 27.73  55.179396  66.120092 27.404 -100.00 -100.00 -100.00
 165    23.197 56293.53584990 22.45  55.172329  66.118977 14.925 -100.00 -100.00 -100.00
 165    24.434 56293.53585049 20.65  55.178800  66.119108 10.528 -100.00 -100.00 -100.00
 166    26.603 56303.45149668 17.75  55.169267  66.117429  6.351 -100.00 -100.00 -100.00
 166    26.702 56303.45149727 18.50  55.175739  66.117560  8.275 -100.00 -100.00 -100.00
 166    27.201 56303.45149786 17.55  55.182210  66.117692  6.449 -100.00 -100.00 -100.00
 168    24.010 56323.28278072 18.72  55.170952  66.117157  8.744 -100.00 -100.00 -100.00
 168    26.547 56323.28278131 18.45  55.177423  66.117288  7.904 -100.00 -100.00 -100.00
 168    27.322 56323.28278190 18.66  55.183894  66.117419  7.654 -100.00 -100.00 -100.00
 170    75.369 56343.11406069  0.79  55.169908  66.118667  3.067 -100.00 -100.00 -100.00
 170    75.228 56343.11406128  1.33  55.176379  66.118799  3.466 -100.00 -100.00 -100.00
 170    75.887 56343.11406187  0.52  55.182850  66.118930  3.099 -100.00 -100.00 -100.00
 171    75.683 56353.02969834  0.53  55.171922  66.118298  3.033 -100.00 -100.00 -100.00
 171    75.302 56353.02969893  0.42  55.178393  66.118429  3.323 -100.00 -100.00 -100.00
 172    75.884 56362.94534056  1.36  55.173679  66.117520  3.111 -100.00 -100.00 -100.00
 172    75.432 56362.94534115  1.38  55.180149  66.117651  3.454 -100.00 -100.00 -100.00
 173    75.993 56372.86098970  1.12  55.174085  66.117416  3.126 -100.00 -100.00 -100.00
 173    75.050 56372.86099029  1.46  55.180555  66.117547  3.282 -100.00 -100.00 -100.00
 175    74.223 56392.69228021  2.74  55.172441  66.119870  3.067 -100.00 -100.00 -100.00
 175    74.270 56392.69228080  2.15  55.178912  66.120001  3.414 -100.00 -100.00 -100.00
 176    22.159 56402.60792264 39.87  55.170439  66.120745   -100 -100.00 -100.00 -100.00
 176    22.490 56402.60792323 41.06  55.176910  66.120876 28.876 -100.00 -100.00 -100.00
 176    21.933 56402.60792382 43.80  55.183381  66.121007   -100 -100.00 -100.00 -100.00
 177    23.530 56412.52356286 28.98  55.175294  66.121020 15.485 -100.00 -100.00 -100.00
 177    28.364 56412.52356345 28.04  55.181766  66.121151 13.846 -100.00 -100.00 -100.00
 178    72.127 56422.43919749 14.79  55.173587  66.120462  4.458 -100.00 -100.00 -100.00
 178    65.168 56422.43919808 15.26  55.180058  66.120593  6.161 -100.00 -100.00 -100.00
 179    73.558 56432.35483881  9.68  55.170307  66.120189  3.803 -100.00 -100.00 -100.00
 179    72.227 56432.35483940  9.46  55.176779  66.120321  4.549 -100.00 -100.00 -100.00
 179    71.245 56432.35483999  9.02  55.183251  66.120452  4.716 -100.00 -100.00 -100.00
 180    28.849 56442.27049185 40.83  55.175338  66.120500 19.985 -100.00 -100.00 -100.00
 180    28.569 56442.27049244 47.08  55.181810  66.120631   -100 -100.00 -100.00 -100.00
 181    27.787 56452.18614193 39.96  55.175839  66.120793 17.502 -100.00 -100.00 -100.00
 181    26.956 56452.18614253 47.09  55.182311  66.120924   -100 -100.00 -100.00 -100.00
 182    27.017 56462.10178939 34.17  55.174795  66.120052 17.858 -100.00 -100.00 -100.00
 182    26.536 56462.10178998 36.92  55.181266  66.120183 30.016 -100.00 -100.00 -100.00
 183    27.015 56472.01743315 22.26  55.169371  66.118408 14.722 -100.00 -100.00 -100.00
 183    27.692 56472.01743374 20.18  55.175841  66.118539  8.688 -100.00 -100.00 -100.00
 183    27.985 56472.01743433 23.65  55.182312  66.118670 15.134 -100.00 -100.00 -100.00
 184    23.167 56481.93307439 36.26  55.174611  66.117008 20.060 -100.00 -100.00 -100.00
 184    23.493 56481.93307498 48.22  55.181081  66.117139   -100 -100.00 -100.00 -100.00
 185    21.861 56491.84871133 34.23  55.173394  66.116705 21.713 -100.00 -100.00 -100.00
 185    22.269 56491.84871192 41.02  55.179863  66.116836   -100 -100.00 -100.00 -100.00
 187    21.479 56511.67997910 41.11  55.175409  66.118853 23.173 -100.00 -100.00 -100.00
 187    21.672 56511.67997970 45.81  55.181880  66.118985   -100 -100.00 -100.00 -100.00
 188    27.302 56521.59562487 22.81  55.173102  66.119086  8.400 -100.00 -100.00 -100.00
 188    27.852 56521.59562546 25.19  55.179573  66.119217 12.160 -100.00 -100.00 -100.00
 189    27.122 56531.51127784 28.01  55.174029  66.118407 27.838 -100.00 -100.00 -100.00
 189    27.660 56531.51127843 26.70  55.180500  66.118539 18.467 -100.00 -100.00 -100.00
 191    22.611 56551.34257164 28.78  55.170880  66.117449 16.985 -100.00 -100.00 -100.00
 191    22.654 56551.34257223 28.92  55.177351  66.117580 19.774 -100.00 -100.00 -100.00
 191    22.494 56551.34257282 31.20  55.183823  66.117711 27.684 -100.00 -100.00 -100.00
 192    27.516 56561.25821468 23.23  55.174087  66.118997 11.939 -100.00 -100.00 -100.00
 192    22.500 56561.25821527 28.49  55.180559  66.119129 27.948 -100.00 -100.00 -100.00
 193    21.964 56571.17385616 42.70  55.172251  66.120800   -100 -100.00 -100.00 -100.00
 193    22.066 56571.17385675 37.12  55.178723  66.120931 17.506 -100.00 -100.00 -100.00
 194    23.363 56581.08949633 41.07  55.173327  66.121882   -100 -100.00 -100.00 -100.00
 194    23.787 56581.08949692 42.91  55.179798  66.122013 30.013 -100.00 -100.00 -100.00
 195    22.562 56591.00513248 38.96  55.176161  66.121310 32.219 -100.00 -100.00 -100.00
 195    22.325 56591.00513307 41.77  55.182632  66.121441   -100 -100.00 -100.00 -100.00
 196    23.616 56600.92078009 29.74  55.171433  66.119997 17.157 -100.00 -100.00 -100.00
 196    23.485 56600.92078069 34.84  55.177904  66.120128 32.692 -100.00 -100.00 -100.00
 196    23.265 56600.92078128 35.11  55.184376  66.120259   -100 -100.00 -100.00 -100.00
 197    26.568 56610.83643048 39.88  55.175250  66.119498 27.710 -100.00 -100.00 -100.00
 197    26.674 56610.83643107 44.15  55.181721  66.119630 25.161 -100.00 -100.00 -100.00
 198    24.429 56620.75207553 37.12  55.171399  66.120182   -100 -100.00 -100.00 -100.00
 198    24.805 56620.75207613 38.02  55.177870  66.120314 29.007 -100.00 -100.00 -100.00
 198    24.290 56620.75207672 41.01  55.184341  66.120445  0.964 -100.00 -100.00 -100.00
 199    24.224 56630.66771780 27.27  55.170497  66.120935 19.395 -100.00 -100.00 -100.00
 199    24.200 56630.66771839 31.11  55.176969  66.121066   -100 -100.00 -100.00 -100.00
 199    24.149 56630.66771898 32.08  55.183441  66.121197   -100 -100.00 -100.00 -100.00
 201    26.852 56650.49900346 16.82  55.171743  66.118300  5.977 -100.00 -100.00 -100.00
 201    27.215 56650.49900405 18.23  55.178214  66.118432  7.997 -100.00 -100.00 -100.00
 203    76.863 56670.33030144  0.38  55.174588  66.116139  2.964 -100.00 -100.00 -100.00
 203    76.258 56670.33030203  0.11  55.181059  66.116270  2.767 -100.00 -100.00 -100.00
 205    75.664 56690.16158951  1.45  55.172550  66.119853  2.569 -100.00 -100.00 -100.00
 205    74.333 56690.16159010  1.35  55.179022  66.119984  3.334 -100.00 -100.00 -100.00
 207    75.354 56709.99286498  0.75  55.173674  66.118475  3.552 -100.00 -100.00 -100.00
 207    74.846 56709.99286557  0.66  55.180145  66.118606  3.345 -100.00 -100.00 -100.00
 208    76.117 56719.90850646  2.64  55.173326  66.117214  3.405 -100.00 -100.00 -100.00
 208    75.683 56719.90850705  2.22  55.179797  66.117345  2.913 -100.00 -100.00 -100.00
 211    74.420 56749.65545123  2.84  55.173667  66.121965  2.772 -100.00 -100.00 -100.00
 211    73.507 56749.65545182  2.83  55.180139  66.122096  2.855 -100.00 -100.00 -100.00
 212    72.341 56759.57109062 10.69  55.173054  66.122538  3.006 -100.00 -100.00 -100.00
 212    70.933 56759.57109121 11.08  55.179526  66.122669  4.170 -100.00 -100.00 -100.00
 213    26.934 56769.48672401 23.30  55.176298  66.121476 10.834 -100.00 -100.00 -100.00
 213    27.295 56769.48672460 23.80  55.182770  66.121607 12.592 -100.00 -100.00 -100.00
 214    23.927 56779.40237355 26.03  55.171523  66.119832 26.533 -100.00 -100.00 -100.00
 214    24.156 56779.40237414 20.27  55.177995  66.119964 11.796 -100.00 -100.00 -100.00
 214    24.051 56779.40237473 20.71  55.184466  66.120095 11.849 -100.00 -100.00 -100.00
 215    26.903 56789.31802911 33.78  55.171983  66.119284 26.702 -100.00 -100.00 -100.00
 215    27.801 56789.31802970 34.18  55.178455  66.119415 25.260 -100.00 -100.00 -100.00
 216    67.328 56799.23368158 18.45  55.175299  66.119964  9.017 -100.00 -100.00 -100.00
 216    66.748 56799.23368217 16.15  55.181770  66.120095  6.901 -100.00 -100.00 -100.00
 217    84.208 56809.14932728 18.71  55.172564  66.120897  8.818 -100.00 -100.00 -100.00
 217    80.325 56809.14932787 24.07  55.179035  66.121028   -100 -100.00 -100.00 -100.00
 219    28.591 56828.98060437 27.30  55.171162  66.118765 15.691 -100.00 -100.00 -100.00
 219    28.743 56828.98060496 27.96  55.177632  66.118896 16.365 -100.00 -100.00 -100.00
 219    28.943 56828.98060555 28.53  55.184103  66.119027 15.345 -100.00 -100.00 -100.00
 220    73.537 56838.89623819  7.37  55.174220  66.116584  3.996 -100.00 -100.00 -100.00
 220    74.636 56838.89623878  6.03  55.180690  66.116715  3.614 -100.00 -100.00 -100.00
 221    27.913 56848.81186968 26.13  55.171726  66.116008 16.895  265.53  264.46  263.42
 221    28.236 56848.81187027 27.93  55.178195  66.116140 20.168  265.53  264.46  263.42
 222    22.985 56858.72752423 34.41  55.171587  66.117632 22.428 -100.00 -100.00 -100.00
 222    23.154 56858.72752482 40.14  55.178057  66.117763   -100 -100.00 -100.00 -100.00
 223    80.936 56868.64317820  0.81  55.176136  66.119937  2.532 -100.00 -100.00 -100.00
 223    85.053 56868.64317879  5.29  55.182607  66.120068  4.734 -100.00 -100.00 -100.00
 224    23.706 56878.55882921 34.35  55.171591  66.120521 17.473 -100.00 -100.00 -100.00
 224    23.603 56878.55882980 35.40  55.178062  66.120652 18.663 -100.00 -100.00 -100.00
 224    23.166 56878.55883039 42.05  55.184534  66.120783   -100 -100.00 -100.00 -100.00
 225    70.861 56888.47447752 12.42  55.174214  66.119500 15.671 -100.00 -100.00 -100.00
 225    76.170 56888.47447811  2.18  55.180686  66.119631  3.453 -100.00 -100.00 -100.00
 226    80.623 56898.39012293  1.65  55.174707  66.117941  4.576 -100.00 -100.00 -100.00
 226    80.526 56898.39012352  5.84  55.181178  66.118072  6.409 -100.00 -100.00 -100.00
 227    74.666 56908.30576565  3.94  55.172693  66.118027  3.630 -100.00 -100.00 -100.00
 227    73.736 56908.30576624  3.18  55.179165  66.118158  3.981 -100.00 -100.00 -100.00
 228    77.927 56918.22140685  6.49  55.175418  66.120050  4.607 -100.00 -100.00 -100.00
 228    87.030 56918.22140744  2.92  55.181890  66.120181  2.403 -100.00 -100.00 -100.00
 229    27.632 56928.13704542 21.30  55.171444  66.122219  8.297 -100.00 -100.00 -100.00
 229    28.279 56928.13704601 23.02  55.177916  66.122351  9.426 -100.00 -100.00 -100.00
 229    28.465 56928.13704660 27.86  55.184388  66.122481 20.818 -100.00 -100.00 -100.00
 230    24.010 56938.05268066 37.36  55.176266  66.122996 27.341 -100.00 -100.00 -100.00
 230    23.721 56938.05268125 34.32  55.182738  66.123127 29.639 -100.00 -100.00 -100.00
 231    23.461 56947.96831345 41.16  55.175951  66.121681 31.508 -100.00 -100.00 -100.00
 231    23.671 56947.96831404 44.12  55.182423  66.121813 28.546 -100.00 -100.00 -100.00
 232    22.993 56957.88396637 36.26  55.170468  66.119641 32.560 -100.00 -100.00 -100.00
 232    23.064 56957.88396696 37.20  55.176939  66.119772   -100 -100.00 -100.00 -100.00
 232    23.000 56957.88396755 36.65  55.183410  66.119903 32.371 -100.00 -100.00 -100.00
 233    27.477 56967.79961451 21.55  55.171091  66.118709  7.465 -100.00 -100.00 -100.00
 233    27.875 56967.79961510 21.24  55.177561  66.118841  7.322 -100.00 -100.00 -100.00
 233    28.267 56967.79961569 22.16  55.184032  66.118972  7.320 -100.00 -100.00 -100.00
 234    23.760 56977.71525890 30.02  55.174157  66.119375 25.384 -100.00 -100.00 -100.00
 234    23.804 56977.71525949 30.25  55.180628  66.119506 25.213 -100.00 -100.00 -100.00
 235    23.780 56987.63089834 23.55  55.172091  66.120354  9.056 -100.00 -100.00 -100.00
 235    23.507 56987.63089893 25.13  55.178562  66.120486 13.542 -100.00 -100.00 -100.00
 235    27.422 56987.63089952 23.81  55.185034  66.120617  9.063 -100.00 -100.00 -100.00
 237    77.270 57007.46217932  0.88  55.172991  66.118623  2.615 -100.00 -100.00 -100.00
 237    77.764 57007.46217991  0.82  55.179463  66.118755  2.432 -100.00 -100.00 -100.00
 238    87.434 57017.37783307  0.28  55.174784  66.116848  2.566 -100.00 -100.00 -100.00
 238    88.730 57017.37783366  0.03  55.181255  66.116979  2.167 -100.00 -100.00 -100.00
 241    74.478 57047.12477694  2.21  55.170449  66.119681  3.089 -100.00 -100.00 -100.00
 241    74.519 57047.12477753  1.91  55.176921  66.119812  3.329 -100.00 -100.00 -100.00
 241    74.142 57047.12477812  1.65  55.183392  66.119943  3.281 -100.00 -100.00 -100.00
 242    75.154 57057.04041938  1.15  55.173914  66.120459  2.533 -100.00 -100.00 -100.00
 242    74.116 57057.04041997  1.10  55.180386  66.120590  2.929 -100.00 -100.00 -100.00
 243    75.731 57066.95605572  1.67  55.170266  66.119414  2.848 -100.00 -100.00 -100.00
 243    73.354 57066.95605631  1.90  55.176737  66.119545  3.747 -100.00 -100.00 -100.00
 243    74.496 57066.95605690  1.65  55.183208  66.119676  2.993 -100.00 -100.00 -100.00
 244    75.352 57076.87168841  5.55  55.174410  66.118620  3.012 -100.00 -100.00 -100.00
 244    74.602 57076.87168901  5.74  55.180881  66.118752  3.466 -100.00 -100.00 -100.00
 245    74.906 57086.78731844  5.68  55.170735  66.118630  3.223 -100.00 -100.00 -100.00
 245    73.530 57086.78731903  5.64  55.177206  66.118762  3.446 -100.00 -100.00 -100.00
 245    74.324 57086.78731962  5.60  55.183676  66.118893  3.676 -100.00 -100.00 -100.00
 246    74.659 57096.70297747  8.64  55.172342  66.120441  3.592 -100.00 -100.00 -100.00
 246    74.083 57096.70297806  8.36  55.178813  66.120572  3.642 -100.00 -100.00 -100.00
 247    74.122 57106.61863364  5.69  55.173864  66.122215  2.885 -100.00 -100.00 -100.00
 247    72.030 57106.61863423  5.63  55.180336  66.122346  3.036 -100.00 -100.00 -100.00
 248    73.909 57116.53428505  1.72  55.175664  66.122729  2.524 -100.00 -100.00 -100.00
 248    73.171 57116.53428564  1.60  55.182136  66.122860  2.471 -100.00 -100.00 -100.00
