# NaN NaN NaN ;Mean Elev.(m), Avg Gradient(m/km), RMS Gradient(m/km) - SRTM1     
#   -9.668  -0.053  15.029 ;Mean Elev.(m), Avg Gradient(m/km), RMS Gradient(m/km) - ASTER GDEM
#   32.905   0.235   9.122 ;Mean Elev.(m), Avg Gradient(m/km), RMS Gradient(m/km) - GMTED2010 
   3  56.681805  66.087659     4.191     4.191  2 54680.25284392 12.340
   5  56.685289  66.088978   -23.941   -23.941  2 54700.08412768 27.657
   6  56.680802  66.087682    92.156    92.156  2 54709.99977252  2.470
   7  56.682530  66.086181     4.183    11.796  3 54719.91542398 22.711
   8  56.678337  66.084644    96.824    96.819  3 54729.83107229 20.160
   9  56.679441  66.084479    95.295    96.318  3 54739.74671952 22.330
  10  56.682050  66.085109   100.532   100.103  3 54749.66236690 13.414
  11  56.678859  66.085619   105.793   113.649  3 54759.57801355 17.961
  12  56.679234  66.085498    95.959    96.091  3 54769.49365818 24.484
  13  56.679497  66.084638    97.651    97.627  3 54779.40929943 19.994
  14  56.677116  66.083566    93.304    93.256  4 54789.32493792 11.291
  15  56.676505  66.083530    91.482    91.870  4 54799.24057553 10.614
  26  56.678904  66.084549   103.628   103.737  4 54908.31266187  0.236
  27  56.680408  66.085210   103.134   103.408  3 54918.22829977  1.444
  28  56.681344  66.085865   103.243   103.366  3 54928.14393745  6.007
  30  56.680314  66.084394   103.270   103.343  4 54947.97520937  0.947
  31  56.678166  66.083348   103.865   103.946  4 54957.89084467  1.304
  33  56.680611  66.084583    98.502    99.399  3 54977.72214089 25.462
  34  56.679685  66.085606    92.553    92.362  3 54987.63778833 25.155
  35  56.679700  66.086095   105.493   104.267  3 54997.55343601 23.600
  36  56.680483  66.086359    96.961    97.880  3 55007.46908200  0.862
  37  56.681456  66.086780    94.802    94.802  2 55017.38472595  4.534
  39  56.681592  66.088773    94.501    94.501  2 55037.21601037  5.396
  41  56.680925  66.087684    29.765    29.765  2 55057.04729028 44.190
  42  56.679864  66.085327    30.488    30.499  3 55066.96292692 25.737
  43  56.682465  66.083901    30.957    29.494  3 55076.87857751 31.948
  45  56.680782  66.085222   104.473   104.462  3 55096.70987131 22.596
  46  56.679018  66.086031    94.745    94.651  3 55106.62551696 22.155
  47  56.677902  66.085475   100.427    99.558  3 55116.54116219  7.685
  48  56.679641  66.084011   102.879   101.817  3 55126.45680534  2.208
  50  56.678211  66.083176    30.238    30.189  4 55146.28808437 40.741
  51  56.680220  66.084822    31.069    31.023  4 55156.20372242 40.533
  52  56.685234  66.086283    30.556    30.556  2 55166.11936084 34.714
  63  56.682201  66.085619   100.049   100.356  3 55275.19144537  1.166
  64  56.682396  66.086727   102.859   102.859  2 55285.10708261  3.320
  65  56.681807  66.085622   103.073   103.200  3 55295.02271795  0.398
  67  56.677768  66.082059    95.970    95.103  4 55314.85400341  7.653
  68  56.678256  66.083090   106.040   106.172  4 55324.76964896 24.753
  69  56.680710  66.085382   101.041   101.043  3 55334.68529345 26.745
  70  56.680626  66.087039    99.423   100.272  3 55344.60093740  3.339
  71  56.680532  66.087096    99.146    98.978  3 55354.51658058  8.974
  72  56.682007  66.086580    97.408    97.408  2 55364.43222183  5.065
  73  56.681098  66.086345    99.974   100.181  3 55374.34786120  3.235
  74  56.681021  66.087161    98.811    98.811  2 55384.26349948 14.786
  76  56.684238  66.088483   102.025   102.025  2 55404.09477509 18.757
  79  56.676822  66.082532   106.362   104.631  4 55433.84172079  8.083
  80  56.676382  66.083000   101.827   101.491  4 55443.75736524  3.371
  81  56.679887  66.084911   100.563   100.520  4 55453.67300878  4.549
  82  56.681356  66.086551    95.865    95.872  3 55463.58865133 23.325
  83  56.679581  66.085876    97.357    97.405  3 55473.50429127 20.052
  84  56.679470  66.083782    99.398    99.769  3 55483.41992847  7.465
  85  56.676710  66.081925   100.829   100.688  3 55493.33556331  6.526
  86  56.676770  66.082555   100.674   100.904  4 55503.25119708  7.177
  87  56.681712  66.085141    95.470    96.469  3 55513.16684478 18.409
  90  56.681276  66.087049    31.322    31.322  2 55542.91378863 24.884
  91  56.681720  66.086447    33.269    33.135  3 55552.82943295 21.822
 103  56.676258  66.082611    94.956    94.528  3 55671.81713413  2.844
 104  56.678593  66.083430    97.678    97.656  4 55681.73277353  6.108
 105  56.680891  66.085534    98.843    99.014  3 55691.64841130 13.798
 106  56.680897  66.087192   100.981   100.787  3 55701.56404722  8.661
 107  56.684863  66.087792    87.659    87.659  2 55711.47968917 25.255
 108  56.680183  66.087228    97.863    97.863  2 55721.39533848  9.367
 109  56.681883  66.087004    98.749    99.012  3 55731.31098630  3.066
 111  56.681919  66.087364    29.683    29.815  3 55751.14227783 29.644
 112  56.681876  66.086969    29.615    29.615  2 55761.05792060 46.487
 113  56.680336  66.085796    29.282    29.282  2 55770.97356038 47.208
 114  56.678243  66.083992    29.191    29.333  3 55780.88919664 43.576
 115  56.676902  66.083008    29.634    29.493  4 55790.80483039 28.591
 116  56.677990  66.083326    29.379    29.231  4 55800.72046321 43.129
 117  56.680057  66.084665    28.838    28.813  4 55810.63611241 44.446
 118  56.677281  66.085465    29.498    29.632  3 55820.55176098 27.730
 119  56.682280  66.085264    90.130    89.149  3 55830.46740557 23.317
 120  56.679501  66.083870   101.682   101.417  4 55840.38304488  1.334
 121  56.678742  66.083053    94.897    94.893  3 55850.29868132 22.214
 123  56.678281  66.085864    30.567    30.471  3 55870.12996683 42.302
 133  56.679859  66.083849    33.187    33.265  4 55969.28640825 16.785
 134  56.686738  66.084970    33.782    33.782  2 55979.20204534 17.572
 135  56.684657  66.085299    33.593    33.593  2 55989.11768085 17.444
 136  56.681319  66.084915   103.034   103.062  3 55999.03332264  1.005
 137  56.679797  66.084210   102.775   102.598  4 56008.94897343  1.046
 138  56.677172  66.083770   102.907   103.825  4 56018.86461994  3.362
 139  56.679903  66.084397   103.293   102.967  3 56028.78026403  1.015
 142  56.682315  66.087452    91.666    90.491  3 56058.52718390 24.183
 143  56.680422  66.087213   100.462   100.423  3 56068.44281690 10.864
 144  56.681755  66.087258    99.978    99.978  2 56078.35846832  4.939
 145  56.681977  66.087516    97.387    96.844  3 56088.27411692 20.807
 146  56.681477  66.087835    89.440    89.440  2 56098.18976295 18.826
 148  56.679855  66.085622   101.626   101.895  3 56118.02103598  2.396
 149  56.678105  66.083869   104.978   103.494  3 56127.93667310 18.837
 150  56.679030  66.083089    81.806    78.463  3 56137.85230687  6.942
 151  56.676992  66.083953   100.054   100.054  2 56147.76795306  1.912
 155  56.676670  66.083876    94.738    94.987  4 56187.43053684  3.789
 156  56.679313  66.083551    99.022    99.233  3 56197.34617435  7.615
 157  56.680649  66.084746    97.088    97.520  3 56207.26180879 17.674
 158  56.682438  66.086653   101.547   101.547  2 56217.17744172  3.414
 159  56.680025  66.087854    99.695    99.695  2 56227.09308421  3.112
 160  56.681674  66.087781    30.130    30.130  2 56237.00873906 41.641
 161  56.682920  66.087086    30.525    30.493  3 56246.92439001 44.550
 163  56.684231  66.087520    30.286    30.286  2 56266.75567815 30.427
 165  56.684559  66.087675    29.788    29.788  2 56286.58696596 27.301
 170  56.683133  66.086426   101.311   102.455  3 56336.16518511  5.439
 171  56.682941  66.086698   102.134   102.545  3 56346.08082377  2.053
 172  56.677727  66.085097   103.105   102.625  3 56355.99645953  1.293
 173  56.679660  66.083635   103.248   103.377  4 56365.91210647  0.838
 174  56.677755  66.083598   103.600   103.569  3 56375.82775499  0.476
 176  56.682981  66.087932   102.255   102.255  2 56395.65904497  2.930
 178  56.683969  66.088470    99.455    99.455  2 56415.49032494  4.259
 179  56.680946  66.086894    99.573    99.573  2 56425.40595814 24.228
 180  56.680041  66.086314    91.486    85.952  3 56435.32160633 26.020
 181  56.681132  66.086906    99.782   100.081  3 56445.23725837  6.448
 183  56.683421  66.087834    99.907    99.907  2 56465.06855461  3.365
 184  56.681795  66.085899    30.801    30.795  3 56474.98419728 53.299
 185  56.677676  66.083383    29.882    29.890  3 56484.89983626 29.988
 187  56.679643  66.084108    28.993    28.894  4 56504.73110730 48.357
 188  56.679402  66.086212    28.866    28.729  3 56514.64674023 27.505
 192  56.677585  66.083867    29.444    29.413  4 56554.30933560 44.686
 194  56.684072  66.088418    96.541    96.541  2 56574.14062049 13.020
 195  56.684177  66.089587    29.906    29.906  2 56584.05625936 41.336
 196  56.684012  66.088661    29.600    29.600  2 56593.97189370 32.641
 197  56.680077  66.087043    94.707    94.707  2 56603.88754671 21.673
 198  56.681472  66.086184    96.748    96.834  3 56613.80319542 21.861
 199  56.681864  66.086700    95.978    95.978  2 56623.71884005 10.548
 200  56.679771  66.087332    30.392    30.392  2 56633.63448163 42.065
 202  56.679451  66.085691    99.911    99.735  3 56653.46577035  2.708
 208  56.677391  66.085967   103.840   103.840  2 56712.95962547  0.122
 209  56.679966  66.084840    95.848    95.867  4 56722.87527339  3.068
 210  56.678677  66.084714   103.482   103.578  4 56732.79092423  2.424
 211  56.682523  66.086636   102.845   102.658  3 56742.70657206  3.533
 212  56.685198  66.088839   101.937   101.937  2 56752.62221544  3.710
 213  56.683253  66.089648    29.084    29.084  2 56762.53785312 35.827
 215  56.681412  66.087336    93.116    98.768  3 56782.36914197  7.358
 216  56.681945  66.086541   102.088   102.088  2 56792.28479621 15.057
 217  56.681933  66.086757   100.575   100.489  3 56802.20044755 26.161
 218  56.683529  66.087313    96.050    96.050  2 56812.11609147 23.119
 219  56.682554  66.087051    97.930    97.930  2 56822.03173115 24.748
 220  56.680543  66.085685    88.113    88.113  2 56831.94736654 19.759
 221  56.676898  66.084031    96.924    96.750  4 56841.86299841 23.054
 222  56.679341  66.083720    94.169    94.077  3 56851.77863694 23.921
 223  56.680419  66.084824    29.964    29.920  3 56861.69429136 26.688
 225  56.680131  66.086899    29.951    29.870  3 56881.52559581 45.834
 228  56.682925  66.086272    90.482    90.506  3 56911.27252928 18.441
 229  56.682644  66.087489    94.058    94.058  2 56921.18816978 19.745
 230  56.682777  66.088870   100.267   100.267  2 56931.10380814  4.584
 231  56.683355  66.089087    97.794    97.794  2 56941.01944145  2.245
 233  56.682583  66.087250    30.389    30.389  2 56960.85073309 47.537
 235  56.680197  66.086597   101.533   101.533  2 56980.68202204  5.088
 236  56.681512  66.086577   101.789   101.577  3 56990.59766034  1.284
 238  56.679861  66.085108   103.010   103.053  4 57010.42894765  0.934
 239  56.677868  66.084338   103.639   103.819  3 57020.34459950  1.262
 242  56.681832  66.086408   102.757   102.757  2 57050.09154141  1.030
 243  56.680655  66.086469   103.383   103.201  3 57060.00718238  0.288
 244  56.681375  66.086142   103.334   103.334  2 57069.92281787  0.496
 245  56.681406  66.086041   103.024   103.205  3 57079.83844896  5.186
 246  56.680784  66.086861   102.961   103.111  3 57089.75408764  4.902
 247  56.683965  66.088415   102.226   102.226  2 57099.66974595  4.760
 248  56.684821  66.089298   102.047   102.047  2 57109.58540102  4.945
 250  56.683034  66.087575   102.550   102.550  2 57129.41669400  2.160
