# NaN NaN NaN ;Mean Elev.(m), Avg Gradient(m/km), RMS Gradient(m/km) - SRTM1     
#   -9.621  -1.905   6.182 ;Mean Elev.(m), Avg Gradient(m/km), RMS Gradient(m/km) - ASTER GDEM
#   34.000  -2.612   3.905 ;Mean Elev.(m), Avg Gradient(m/km), RMS Gradient(m/km) - GMTED2010 
   1  52.130933  65.472286    12.930    12.971  4 54666.43507622 40.637
   2  52.129677  65.473321    12.316    12.301  4 54676.35072060 43.032
   3  52.130883  65.474992     4.962     5.034  4 54686.26636382 13.601
   4  52.128411  65.476582    12.573    12.537  4 54696.18200507 27.727
   5  52.128204  65.476026     8.671     8.780  4 54706.09764477 17.235
   6  52.131195  65.472949    14.216    14.249  4 54716.01329756 50.660
   7  52.129884  65.470282    13.667    13.720  4 54725.92894745 33.673
   8  52.127807  65.469532    12.777    12.770  4 54735.84459531 42.722
   9  52.129460  65.470645    18.076    18.464  3 54745.76024256 27.571
  10  52.130004  65.472159    14.782    14.758  4 54755.67588924 43.976
  11  52.130530  65.472082    15.738    15.712  4 54765.59153457 35.380
  12  52.129378  65.470264    15.014    15.003  4 54775.50717688 47.386
  13  52.129655  65.468384    13.519    13.533  4 54785.42281687 41.907
  14  52.128266  65.468707    12.769    12.786  4 54795.33845514 40.276
  17  52.129783  65.473899    12.986    12.969  3 54825.08537629 19.512
  18  52.127260  65.472958    12.766    12.771  4 54835.00101579 15.448
  19  52.129886  65.472148    12.556    12.541  3 54844.91666587 13.495
  20  52.129375  65.472821    12.873    12.820  4 54854.83231476 15.598
  21  52.131756  65.474131    12.699    12.666  4 54864.74796371 13.814
  22  52.129870  65.474891    12.370    12.244  3 54874.66361198 13.024
  23  52.130356  65.473925    12.548    12.597  4 54884.57925788 12.928
  24  52.127905  65.471714    12.918    12.782  4 54894.49490017 13.198
  25  52.129586  65.469348    13.340    13.209  4 54904.41054020 13.080
  26  52.128979  65.469126    13.150    13.019  4 54914.32617879 13.997
  27  52.128735  65.470545    12.152    11.735  4 54924.24181682 12.267
  28  52.128273  65.472238    13.259    13.258  4 54934.15745405 11.703
  29  52.128694  65.472598    13.349    14.235  3 54944.07308948 11.280
  30  52.129492  65.471331    11.643    11.629  4 54953.98872284 17.045
  31  52.127841  65.469581    13.901    12.266  4 54963.90436801 36.765
  32  52.129646  65.469121    15.714    15.758  3 54973.82001654 52.310
  33  52.129156  65.470798    18.403    18.431  4 54983.73566408 29.632
  34  52.131430  65.472602    86.661    86.107  4 54993.65131167 19.082
  35  52.129819  65.473589    18.721    18.690  4 55003.56695782 29.972
  36  52.129982  65.473198    17.565    18.284  4 55013.48260221 27.896
  37  52.128393  65.472728    14.256    12.886  4 55023.39824506 32.975
  38  52.127524  65.473320    13.381    13.414  4 55033.31388725 42.849
  39  52.127653  65.474460    12.518    12.530  4 55043.22952882 30.103
  40  52.130152  65.474897    11.854    11.857  3 55053.14516906 28.102
  41  52.128565  65.474083    11.787    11.880  4 55063.06080678 32.120
  42  52.128671  65.471856    11.637    11.733  3 55072.97645166 30.709
  43  52.130658  65.469638    11.737    11.809  4 55082.89210021 30.375
  44  52.129147  65.469439    11.781    11.743  3 55092.80774674 30.956
  45  52.130161  65.470200    12.531    12.622  4 55102.72339319 35.373
  46  52.128810  65.471400    17.215    18.340  4 55112.63903911 27.392
  47  52.129548  65.471261    16.073    16.050  4 55122.55468292 33.715
  48  52.126683  65.470462    12.616    12.724  4 55132.47032355 45.159
  49  52.128203  65.469101    11.699    11.680  4 55142.38596258 27.386
  50  52.129979  65.469168    11.887    11.898  4 55152.30160101 38.192
  51  52.127558  65.471041    12.630    12.639  4 55162.21723927 33.554
  52  52.129360  65.472842    12.547    12.554  4 55172.13287757 30.222
  53  52.128133  65.474147    12.345    12.287  4 55182.04851403 27.325
  54  52.128708  65.473727    12.023    11.996  4 55191.96416445 23.524
  55  52.131246  65.473217    12.698    12.547  4 55201.87981484 14.056
  56  52.128897  65.473658    13.182    13.542  3 55211.79546406 13.366
  57  52.131057  65.473758    12.534    12.265  4 55221.71111323 13.693
  58  52.129111  65.473258    12.532    12.558  3 55231.62676086 12.752
  59  52.131476  65.471659    13.048    13.121  4 55241.54240574 13.171
  60  52.129195  65.470273    13.012    12.853  3 55251.45804670 12.623
  61  52.128659  65.469464    12.607    12.494  4 55261.37368556 12.545
  62  52.128396  65.470006    12.323    12.343  3 55271.28932353 13.079
  63  52.128604  65.470903    12.597    12.477  3 55281.20496144 12.698
  64  52.131023  65.471192    12.073    12.136  4 55291.12059841 29.033
  65  52.128916  65.471277    12.100    12.254  3 55301.03623268 21.643
  66  52.129146  65.470204    12.128    12.151  3 55310.95187964 30.310
  67  52.128834  65.469729    16.474    16.476  4 55320.86752518 50.788
  68  52.129865  65.470124    17.898    17.905  4 55330.78316966 47.138
  69  52.127265  65.471657    18.698    18.712  4 55340.69881365 45.111
  70  52.130495  65.472393    16.099    15.907  4 55350.61445800 31.300
  71  52.131418  65.472879    18.263    18.303  4 55360.53010002 23.975
  72  52.129762  65.473277    14.294    14.241  3 55370.44573967 39.692
  73  52.128984  65.473849    13.694    13.697  4 55380.36137794 34.138
  74  52.129844  65.474527    13.591    13.528  3 55390.27701567 36.235
  75  52.130405  65.474760    12.335    12.321  4 55400.19265229 33.724
  76  52.131716  65.473382    12.112    11.953  4 55410.10830035 47.830
  77  52.127317  65.471536    11.875    11.837  4 55420.02395037 40.809
  78  52.128121  65.469768    11.688    11.696  3 55429.93959766 31.472
  79  52.128856  65.469679    12.590    12.580  4 55439.85524232 41.790
  80  52.127234  65.470907    13.749    12.155  4 55449.77088521 26.802
  81  52.127903  65.471556    13.307    13.226  4 55459.68652790 43.247
  82  52.126975  65.471261    18.459    18.379  4 55469.60216957 25.513
  83  52.129347  65.470015    12.749    12.814  3 55479.51780844 34.487
  84  52.127887  65.469646    17.796    17.970  4 55489.43344417 29.451
  85  52.129687  65.470120    13.304    13.326  4 55499.34907794 45.894
  86  52.127967  65.471741    13.285    13.358  4 55509.26471799 44.800
  87  52.128445  65.472637    13.417    13.460  4 55519.18036803 43.121
  88  52.127195  65.473208    14.354    14.387  4 55529.09601702 31.937
  89  52.128287  65.472952    13.976    13.975  4 55539.01166445 22.657
  90  52.130305  65.472723    13.651    13.709  4 55548.92730970 19.847
  91  52.127863  65.473489    13.401    13.399  4 55558.84295275 18.419
  92  52.129041  65.474297    13.083    13.059  4 55568.75859522 17.677
  93  52.130917  65.474131    12.794    12.715  4 55578.67423693 16.577
  94  52.127177  65.472971    13.141    13.136  4 55588.58987578 15.816
  95  52.129067  65.470562    13.271    13.112  4 55598.50551216 14.584
  96  52.130684  65.469276    13.332    13.501  4 55608.42114592 14.467
  97  52.130800  65.470104    13.243    13.301  4 55618.33677764 14.132
  98  52.129811  65.472009    12.905    12.748  4 55628.25242443 13.874
  99  52.129209  65.472757    12.950    13.063  4 55638.16807566 13.306
 100  52.127755  65.471861    13.017    12.943  4 55648.08372479 12.321
 101  52.130641  65.469463    12.238    12.138  4 55657.99937142 38.223
 102  52.130178  65.468509    13.319    13.257  4 55667.91501357 26.209
 103  52.128161  65.469823    16.729    16.723  4 55677.83065281 36.501
 104  52.129846  65.472027    16.815    16.803  3 55687.74629039 52.201
 105  52.130368  65.473824    18.224    18.146  4 55697.66192659 29.153
 106  52.129242  65.474305    17.796    17.999  4 55707.57756175 33.879
 107  52.130649  65.473121    18.205    18.178  4 55717.49321313 28.654
 108  52.130167  65.472696    18.321    18.287  3 55727.40886158 20.293
 109  52.130081  65.473343    14.634    13.936  3 55737.32450841 27.131
 110  52.130083  65.474288    12.434    12.433  4 55747.24015400 31.393
 111  52.129249  65.474230    11.830    11.818  4 55757.15579747 31.237
 112  52.128308  65.472615    11.683    11.602  4 55767.07143840 29.984
 113  52.130710  65.469985    11.763    11.743  4 55776.98707668 27.993
 114  52.128361  65.468958    11.780    11.872  4 55786.90271173 42.438
 115  52.128672  65.470153    11.606    11.754  3 55796.81834521 30.227
 116  52.128718  65.472150    11.640    11.737  3 55806.73398692 29.411
 117  52.130259  65.473109    11.446    11.550  3 55816.64963600 35.203
 118  52.127247  65.472362    11.814    11.873  4 55826.56528152 27.055
 119  52.126697  65.470546    11.845    11.855  4 55836.48092294 29.647
 120  52.128821  65.469127    15.070    14.970  4 55846.39656134 27.676
 121  52.127138  65.470671    18.028    18.182  4 55856.31219672 24.998
 122  52.128532  65.472920    13.395    13.485  4 55866.22783943 45.677
 123  52.130616  65.474386    11.995    11.959  3 55876.14349212 45.809
 133  52.130936  65.469373    12.162    12.008  4 55975.29992476 16.090
 134  52.126932  65.472234    12.257    12.081  4 55985.21556059 16.049
 135  52.130641  65.473501    11.900    11.990  4 55995.13119535 16.308
 136  52.130783  65.472278    11.863    11.752  4 56005.04684759 16.284
 137  52.127220  65.470234    12.574    12.527  4 56014.96249562 15.350
 139  52.131071  65.469964    12.044    12.032  4 56034.79378429 35.810
 141  52.128562  65.474862    16.805    16.778  4 56054.62506311 46.023
 142  52.129095  65.475198    17.876    17.875  4 56064.54069769 48.903
 143  52.130482  65.473877    18.347    18.351  4 56074.45634181 34.278
 144  52.128837  65.473084    18.434    18.456  3 56084.37199134 23.702
 145  52.129844  65.472925    16.852    16.836  4 56094.28763875 29.619
 146  52.129409  65.473503    16.897    17.373  4 56104.20328386 26.687
 147  52.130700  65.473026    15.450    15.168  4 56114.11891468 28.262
 148  52.131468  65.471946    12.527    12.417  4 56124.03455328 44.098
 149  52.128300  65.470717    12.176    12.115  4 56133.95018754 36.171
 150  52.129869  65.469755    12.161    12.053  4 56143.86582714 29.560
 151  52.129185  65.470100    13.510    12.556  4 56153.78147741 26.506
 152  52.130050  65.471353    12.022    12.047  4 56163.69712646 31.232
 153  52.127626  65.472576    11.951    11.940  4 56173.61277313 39.550
 154  52.129618  65.472127    11.712    11.685  4 56183.52841522 41.840
 155  52.131037  65.470709    16.576    17.450  4 56193.44405358 35.100
 156  52.128733  65.470251    13.360    13.360  4 56203.35968880 42.853
 157  52.128825  65.471444    12.932    12.933  3 56213.27532255 45.808
 158  52.129355  65.473953    16.071    17.387  3 56223.19095548 32.721
 159  52.130502  65.475165    12.561    12.630  4 56233.10661180 42.662
 160  52.129650  65.475133    11.593    11.566  4 56243.02226398 37.929
 161  52.130718  65.473875    12.208    12.115  4 56252.93791180 37.991
 162  52.129401  65.473161    12.809    12.815  4 56262.85355485 31.155
 164  52.128483  65.473315    12.379    12.392  4 56282.68483842 19.596
 165  52.127580  65.472744    12.243    12.239  4 56292.60049015 18.905
 166  52.127808  65.471237    12.515    12.382  4 56302.51613759 17.092
 167  52.128537  65.469830    12.532    12.340  3 56312.43178088 16.632
 168  52.127259  65.469813    13.121    13.292  4 56322.34742180 15.169
 169  52.126869  65.470931    13.019    12.917  4 56332.26306222 14.899
 170  52.130586  65.471692    12.684    12.503  4 56342.17870259 15.891
 171  52.130514  65.472235    12.435    12.394  4 56352.09434033 15.471
 172  52.128642  65.471840    12.779    12.796  3 56362.00998074 15.029
 173  52.129807  65.470779    13.076    13.133  4 56371.92563025 14.142
 174  52.127535  65.471052    12.992    12.818  4 56381.84127669 13.577
 175  52.130388  65.472044    12.656    12.642  4 56391.75692139 13.919
 176  52.130806  65.473433    11.735    11.521  4 56401.67256421 44.045
 177  52.129557  65.474432    14.013    12.787  4 56411.58820414 40.580
 178  52.129698  65.474529    17.769    18.382  4 56421.50383930 33.005
 179  52.128890  65.474305    17.995    18.329  4 56431.41947870 32.831
 180  52.130914  65.473488    18.355    18.331  4 56441.33513175 27.066
 181  52.130629  65.473186    17.744    18.147  4 56451.25078208 30.821
 182  52.129958  65.472601    16.064    15.908  3 56461.16643007 49.448
 183  52.129073  65.471452    14.157    14.202  3 56471.08207476 28.726
 184  52.130273  65.470270    12.647    12.674  4 56480.99771603 29.790
 185  52.129305  65.470132    12.112    12.114  4 56490.91335315 27.248
 187  52.130967  65.472083    11.429    11.407  4 56510.74462102 47.246
 188  52.127821  65.472855    10.750    10.770  4 56520.66026469 39.873
 189  52.128563  65.472214    11.613    11.633  4 56530.57591803 29.623
 191  52.126853  65.471308    11.681    11.673  4 56550.40721238 34.578
 192  52.131061  65.471736    12.103    12.075  4 56560.32285556 30.059
 193  52.129980  65.473325    11.789    11.863  4 56570.23849720 28.663
 194  52.129506  65.474778    12.081    12.064  4 56580.15413753 32.920
 195  52.129858  65.475060    11.943    11.932  3 56590.06977399 40.810
 196  52.131945  65.473959    12.602    12.606  4 56599.98542052 40.258
 197  52.129670  65.473165    15.367    15.311  3 56609.90107083 48.832
 198  52.128847  65.473477    15.066    14.978  3 56619.81671640 44.467
 199  52.131910  65.473652    13.966    13.966  4 56629.73235915 34.152
 200  52.130038  65.473510    13.405    13.375  4 56639.64799813 22.343
 201  52.128981  65.471834    13.390    13.411  4 56649.56364359 17.348
 202  52.129540  65.469682    13.153    13.195  3 56659.47929480 12.828
 203  52.130675  65.469109    13.044    12.998  4 56669.39494219 12.229
 205  52.128163  65.472718    12.650    12.611  4 56689.22623016 12.719
 206  52.130114  65.472908    12.611    12.490  3 56699.14187101 12.001
 207  52.130717  65.471866    12.612    12.488  4 56709.05750715 12.403
 208  52.129004  65.470972    12.467    12.409  4 56718.97314663 13.451
 211  52.130268  65.474481    12.458    12.498  4 56748.72009210 10.683
 212  52.131982  65.475121    12.430    12.124  4 56758.63573220 10.815
 213  52.130515  65.474799    13.823    14.642  3 56768.55136592 27.808
 214  52.128294  65.473500    13.941    13.785  4 56778.46701318 32.145
 215  52.130698  65.472345    16.204    15.547  4 56788.38266931 39.023
 216  52.128389  65.472705    19.893    19.880  4 56798.29832148 33.981
 217  52.128133  65.473384    19.855    19.887  4 56808.21396808 40.140
 219  52.126937  65.471703    16.896    16.879  4 56828.04524617 45.641
 220  52.127436  65.469993    83.001    82.953  4 56837.96088033 12.604
 221  52.128365  65.470070    15.813    14.986  4 56847.87651160 30.460
 222  52.127280  65.471381    13.972    12.608  4 56857.79216435 27.306
 223  52.131645  65.472744    12.049    11.978  4 56867.70781807 37.315
 224  52.129545  65.473244    12.188    12.193  4 56877.62346949 31.108
 225  52.129588  65.472034    11.998    12.008  4 56887.53911800 29.791
 226  52.127360  65.470611    11.977    11.970  4 56897.45476363 30.050
 227  52.126727  65.470734    11.922    11.890  4 56907.37040665 30.162
 228  52.127165  65.472706    14.979    14.590  4 56917.28604759 25.790
 229  52.130092  65.474946    18.016    18.107  3 56927.20168681 20.956
 230  52.130437  65.476103    12.741    12.718  4 56937.11732210 36.864
 231  52.130430  65.475401    12.656    12.663  4 56947.03295278 45.069
 232  52.129983  65.473045    11.718    11.687  4 56956.94860698 35.677
 233  52.131386  65.471624    12.277    12.287  4 56966.86425577 35.437
 234  52.127237  65.472713    12.484    12.455  4 56976.77989976 32.334
 235  52.131918  65.473604    12.519    12.548  4 56986.69554004 31.916
 236  52.129304  65.474101    12.288    12.270  3 56996.61117386 28.082
 237  52.127079  65.472500    12.015    12.005  4 57006.52681857 25.455
 238  52.129181  65.469819    11.893    11.865  3 57016.44247311 26.135
 239  52.128502  65.469240    12.879    13.230  3 57026.35812352 17.672
 240  52.128497  65.470987    12.605    12.720  3 57036.27377195 16.638
 241  52.127175  65.473178    11.818    11.852  4 57046.18941766 17.009
 242  52.130024  65.473701    12.679    12.563  4 57056.10506042 14.568
 243  52.128398  65.472810    12.734    12.798  4 57066.02069763 14.356
 244  52.128828  65.471946    13.320    13.267  4 57075.93633052 14.238
 245  52.129494  65.472462    13.463    13.182  3 57085.85196026 13.444
 246  52.129640  65.473990    14.862    14.993  3 57095.76761719 12.093
 247  52.129237  65.475584    14.469    14.291  3 57105.68327332 11.461
 248  52.130573  65.475862    20.689    19.710  3 57115.59892512  8.960
 249  52.130459  65.474520    12.098    12.140  3 57125.51457062 19.164
 250  52.129765  65.472814    14.033    11.319  4 57135.43021080 11.833
