# NaN NaN NaN ;Mean Elev.(m), Avg Gradient(m/km), RMS Gradient(m/km) - SRTM1     
#   -9.668  -0.053  15.029 ;Mean Elev.(m), Avg Gradient(m/km), RMS Gradient(m/km) - ASTER GDEM
#   32.905   0.235   9.122 ;Mean Elev.(m), Avg Gradient(m/km), RMS Gradient(m/km) - GMTED2010 
   3     3.666 54680.25284363 12.29  56.678578  66.087564  2.553  269.25  268.53  268.38
   3     4.715 54680.25284422 12.39  56.685032  66.087754  2.499  269.25  268.53  268.38
   5   -24.115 54700.08412739 25.66  56.682062  66.088883 13.945  262.38  262.86  261.60
   5   -23.766 54700.08412798 29.02  56.688516  66.089073   -100  262.38  262.86  261.60
   6    85.635 54709.99977222  3.05  56.677575  66.087587  5.585  266.61  267.81  267.22
   6    98.676 54709.99977281  1.80  56.684029  66.087778  5.214  266.61  267.81  267.22
   7   -11.050 54719.91542339 27.04  56.676077  66.085990   -100  261.96  262.25  262.40
   7    11.796 54719.91542398 14.31  56.682530  66.086181  3.888  261.96  262.25  262.40
   7    11.801 54719.91542457 14.36  56.688983  66.086371  4.349  261.96  262.25  262.40
   8    96.640 54729.83107170 17.58  56.671884  66.084453 15.382  262.19  262.38  262.33
   8    97.014 54729.83107229 18.60  56.678337  66.084644 13.517  262.19  262.38  262.33
   8    96.819 54729.83107288 22.59  56.684789  66.084834 20.899  262.19  262.38  262.33
   9    92.927 54739.74671893 20.75  56.672988  66.084288 23.662  260.06  260.29  261.06
   9    96.641 54739.74671952 19.51  56.679441  66.084479 16.780  260.06  260.29  261.06
   9    96.318 54739.74672011 24.84  56.685894  66.084669 18.771  260.06  260.29  261.06
  10   100.103 54749.66236631  7.54  56.675597  66.084919  3.650 -100.00 -100.00 -100.00
  10    99.736 54749.66236690  6.95  56.682050  66.085109  4.520 -100.00 -100.00 -100.00
  10   101.757 54749.66236749 17.42  56.688504  66.085299 13.200 -100.00 -100.00 -100.00
  11   113.649 54759.57801296 15.31  56.672405  66.085428 13.080  257.61  257.94  259.22
  11   113.824 54759.57801355 17.61  56.678859  66.085619 14.400  257.61  257.94  259.22
  11    89.905 54759.57801414 19.82  56.685313  66.085809 24.737  257.61  257.94  259.22
  12    96.148 54769.49365759 22.78  56.672780  66.085307 21.578  253.36  253.65  255.62
  12    96.091 54769.49365818 22.82  56.679234  66.085498 22.453  253.36  253.65  255.62
  12    95.636 54769.49365877 26.64  56.685688  66.085688   -100  253.36  253.65  255.62
  13    97.374 54779.40929884 16.37  56.673043  66.084447 12.349  258.05  257.20  257.05
  13    97.951 54779.40929943 18.53  56.679497  66.084638 12.861  258.05  257.20  257.05
  13    97.627 54779.40930002 22.67  56.685951  66.084828 16.323  258.05  257.20  257.05
  14    93.690 54789.32493703  7.21  56.667435  66.083280  9.541 -100.00 -100.00 -100.00
  14    93.395 54789.32493762 11.04  56.673889  66.083471 14.298 -100.00 -100.00 -100.00
  14    93.013 54789.32493821 10.52  56.680343  66.083662 14.509 -100.00 -100.00 -100.00
  14    93.116 54789.32493881 13.91  56.686797  66.083852 17.320 -100.00 -100.00 -100.00
  15    87.627 54799.24057464  7.66  56.666824  66.083244 13.405  245.58  239.76  230.51
  15    91.930 54799.24057523 10.65  56.673278  66.083435 12.667  245.58  239.76  230.51
  15    91.811 54799.24057582 12.32  56.679732  66.083626 16.021  245.58  239.76  230.51
  15    94.559 54799.24057641 10.63  56.686186  66.083816 16.260  245.58  239.76  230.51
  26   105.219 54908.31266099  0.09  56.669224  66.084263  3.341 -100.00 -100.00 -100.00
  26   104.144 54908.31266158  0.52  56.675678  66.084454  3.716 -100.00 -100.00 -100.00
  26   103.329 54908.31266217  0.25  56.682131  66.084644  3.250 -100.00 -100.00 -100.00
  26   101.821 54908.31266276  0.07  56.688585  66.084834  3.708 -100.00 -100.00 -100.00
  27   103.904 54918.22829918  1.53  56.673955  66.085019  3.649 -100.00 -100.00 -100.00
  27   103.408 54918.22829977  1.45  56.680408  66.085210  4.430 -100.00 -100.00 -100.00
  27   102.092 54918.22830036  1.35  56.686862  66.085400  4.170 -100.00 -100.00 -100.00
  28   104.459 54928.14393686  5.76  56.674890  66.085675  4.367  238.21  226.99  208.18
  28   103.366 54928.14393745  6.13  56.681344  66.085865  5.504  238.21  226.99  208.18
  28   101.904 54928.14393804  6.12  56.687798  66.086055  4.581  238.21  226.99  208.18
  30   104.996 54947.97520848  1.09  56.670635  66.084108  2.851  238.80  228.91  216.03
  30   103.752 54947.97520907  1.03  56.677088  66.084299  3.314  238.80  228.91  216.03
  30   102.934 54947.97520966  0.73  56.683541  66.084489  2.874  238.80  228.91  216.03
  30   101.400 54947.97521025  0.93  56.689994  66.084680  3.197  238.80  228.91  216.03
  31   105.270 54957.89084378  1.41  56.668488  66.083061  3.348 -100.00 -100.00 -100.00
  31   104.327 54957.89084437  1.24  56.674940  66.083252  3.294 -100.00 -100.00 -100.00
  31   103.565 54957.89084496  1.52  56.681393  66.083443  3.576 -100.00 -100.00 -100.00
  31   102.299 54957.89084555  1.03  56.687845  66.083634  3.169 -100.00 -100.00 -100.00
  33    96.094 54977.72214030 23.23  56.674158  66.084392 26.424  247.23  252.29  253.52
  33   100.012 54977.72214089 25.80  56.680611  66.084583 21.742  247.23  252.29  253.52
  33    99.399 54977.72214148 26.67  56.687064  66.084773   -100  247.23  252.29  253.52
  34    92.947 54987.63778774 29.10  56.673232  66.085415 16.201  248.98  254.12  254.45
  34    92.362 54987.63778833 19.31  56.679685  66.085606 10.569  248.98  254.12  254.45
  34    92.349 54987.63778892 19.30  56.686139  66.085797 11.549  248.98  254.12  254.45
  35   104.267 54997.55343542 28.06  56.673246  66.085904 12.833  260.08  263.21  264.20
  35   113.259 54997.55343601 16.30  56.679700  66.086095  9.366  260.08  263.21  264.20
  35    98.955 54997.55343660  6.81  56.686153  66.086285  6.244  260.08  263.21  264.20
  36    90.245 55007.46908141  1.41  56.674029  66.086168  2.997  264.68  265.11  266.39
  36    97.880 55007.46908200  0.83  56.680483  66.086359  2.716  264.68  265.11  266.39
  36   102.758 55007.46908259  0.27  56.686937  66.086549  2.676  264.68  265.11  266.39
  37    92.097 55017.38472565  6.08  56.678229  66.086685  9.053  269.82  269.73  270.57
  37    97.507 55017.38472624  2.11  56.684683  66.086875  3.794  269.82  269.73  270.57
  39    93.619 55037.21601008  5.29  56.678365  66.088678  6.096 -100.00 -100.00 -100.00
  39    95.383 55037.21601067  5.50  56.684819  66.088868  6.764 -100.00 -100.00 -100.00
  41    29.844 55057.04728998 44.22  56.677698  66.087589 26.954 -100.00 -100.00 -100.00
  41    29.686 55057.04729057 44.16  56.684152  66.087779 22.182 -100.00 -100.00 -100.00
  42    30.649 55066.96292633 23.03  56.673411  66.085136 11.428  264.61  264.67  263.67
  42    30.499 55066.96292692 26.79  56.679864  66.085327 21.065  264.61  264.67  263.67
  42    30.315 55066.96292751 26.49  56.686317  66.085518 16.917  264.61  264.67  263.67
  43    29.494 55076.87857692 34.54  56.676013  66.083711   -100 -100.00 -100.00 -100.00
  43    29.434 55076.87857751 30.01  56.682465  66.083901 24.985 -100.00 -100.00 -100.00
  43    33.944 55076.87857810 29.30  56.688918  66.084092 17.727 -100.00 -100.00 -100.00
  45   104.918 55096.70987072 19.51  56.674329  66.085032 20.245  262.42  263.45  263.76
  45   104.462 55096.70987131 21.48  56.680782  66.085222 32.103  262.42  263.45  263.76
  45   104.039 55096.70987190 24.99  56.687235  66.085413   -100  262.42  263.45  263.76
  46    94.624 55106.62551637 22.85  56.672565  66.085841   -100 -100.00 -100.00 -100.00
  46    94.960 55106.62551696 20.53  56.679018  66.086031 20.888 -100.00 -100.00 -100.00
  46    94.651 55106.62551755 22.72  56.685472  66.086221 30.906 -100.00 -100.00 -100.00
  47   102.737 55116.54116159  7.81  56.671448  66.085285  3.585  253.66  254.07  255.66
  47    99.558 55116.54116219  7.92  56.677902  66.085475  4.275  253.66  254.07  255.66
  47    98.986 55116.54116278  7.30  56.684356  66.085666  4.136  253.66  254.07  255.66
  48   101.377 55126.45680475  2.57  56.673187  66.083821  3.291  258.07  257.04  255.23
  48   101.817 55126.45680534  2.23  56.679641  66.084011  3.250  258.07  257.04  255.23
  48   105.444 55126.45680593  1.79  56.686094  66.084202  2.276  258.07  257.04  255.23
  50    30.231 55146.28808348 36.96  56.668531  66.082890 22.656 -100.00 -100.00 -100.00
  50    30.583 55146.28808407 40.05  56.674985  66.083081 20.419 -100.00 -100.00 -100.00
  50    30.146 55146.28808466 43.09  56.681438  66.083271 26.217 -100.00 -100.00 -100.00
  50    29.991 55146.28808526 40.79  56.687892  66.083462   -100 -100.00 -100.00 -100.00
  51    31.086 55156.20372154 37.14  56.670539  66.084536 20.790 -100.00 -100.00 -100.00
  51    30.869 55156.20372213 40.05  56.676993  66.084727 20.367 -100.00 -100.00 -100.00
  51    31.359 55156.20372272 43.03  56.683447  66.084917 24.779 -100.00 -100.00 -100.00
  51    30.961 55156.20372331 39.93  56.689901  66.085108   -100 -100.00 -100.00 -100.00
  52    30.693 55166.11936055 35.32  56.682007  66.086188 25.991 -100.00 -100.00 -100.00
  52    30.419 55166.11936114 34.01  56.688461  66.086378 25.922 -100.00 -100.00 -100.00
  63   101.664 55275.19144478  1.33  56.675747  66.085428  4.120  251.03  239.37  216.78
  63   100.356 55275.19144537  0.53  56.682201  66.085619  3.728  251.03  239.37  216.78
  63    98.129 55275.19144596  1.57  56.688655  66.085809  4.916  251.03  239.37  216.78
  64   103.389 55285.10708232  3.34  56.679169  66.086632  4.071 -100.00 -100.00 -100.00
  64   102.328 55285.10708291  3.30  56.685623  66.086822  4.150 -100.00 -100.00 -100.00
  65   104.244 55295.02271736  0.40  56.675354  66.085431  3.499  261.19  261.83  263.19
  65   103.200 55295.02271795  0.27  56.681807  66.085622  3.054  261.19  261.83  263.19
  65   101.776 55295.02271854  0.52  56.688261  66.085813  3.289  261.19  261.83  263.19
  67    98.911 55314.85400253  8.24  56.668090  66.081773 10.504  264.84  262.85  257.38
  67    95.228 55314.85400312  1.65  56.674542  66.081964  6.940  264.84  262.85  257.38
  67    94.761 55314.85400371  5.94  56.680994  66.082154 10.766  264.84  262.85  257.38
  67    94.979 55314.85400430 10.51  56.687446  66.082345 18.556  264.84  262.85  257.38
  68   117.897 55324.76964808 20.63  56.668578  66.082804 21.164  251.40  251.96  253.36
  68    94.447 55324.76964867 23.05  56.675030  66.082995 27.327  251.40  251.96  253.36
  68   117.940 55324.76964926 24.50  56.681482  66.083185 25.377  251.40  251.96  253.36
  68    93.878 55324.76964985 27.75  56.687935  66.083376   -100 -100.00 -100.00 -100.00
  69   101.015 55334.68529286 25.00  56.674257  66.085191 30.453  246.10  248.26  251.74
  69   101.065 55334.68529345 26.92  56.680710  66.085382   -100  246.10  248.26  251.74
  69   101.043 55334.68529404 27.85  56.687163  66.085572   -100  246.10  248.26  251.74
  70   101.006 55344.60093681  3.95  56.674173  66.086848  4.765  262.33  262.72  264.57
  70   100.272 55344.60093740  3.32  56.680626  66.087039  4.172  262.33  262.72  264.57
  70    96.990 55344.60093799  2.65  56.687080  66.087229  3.575  262.33  262.72  264.57
  71    99.531 55354.51657999  9.77  56.674078  66.086905  5.002  256.53  257.20  257.80
  71    98.928 55354.51658058  8.69  56.680532  66.087096  3.210  256.53  257.20  257.80
  71    98.978 55354.51658117  8.33  56.686986  66.087286  3.459 -100.00 -100.00 -100.00
  72    98.005 55364.43222153  5.05  56.678781  66.086485  4.125 -100.00 -100.00 -100.00
  72    96.811 55364.43222212  5.08  56.685234  66.086675  5.126 -100.00 -100.00 -100.00
  73   100.641 55374.34786061  3.23  56.674644  66.086154  2.872 -100.00 -100.00 -100.00
  73   100.181 55374.34786120  3.66  56.681098  66.086345  3.569 -100.00 -100.00 -100.00
  73    99.098 55374.34786179  2.77  56.687551  66.086536  3.938 -100.00 -100.00 -100.00
  74    97.536 55384.26349918 17.65  56.677794  66.087066 25.185  272.68  272.34  272.55
  74   100.085 55384.26349977  3.00  56.684248  66.087256  3.874  272.68  272.34  272.55
  76   114.174 55404.09477479 17.20  56.681011  66.088388 12.144 -100.00 -100.00 -100.00
  76    89.876 55404.09477538 19.90  56.687465  66.088579 27.482 -100.00 -100.00 -100.00
  79   113.396 55433.84171990 11.39  56.667144  66.082246 21.875 -100.00 -100.00 -100.00
  79   104.294 55433.84172049  1.28  56.673596  66.082437  4.180 -100.00 -100.00 -100.00
  79   102.790 55433.84172108  0.34  56.680048  66.082628  4.232 -100.00 -100.00 -100.00
  79   104.969 55433.84172168  9.79  56.686500  66.082818 19.594 -100.00 -100.00 -100.00
  80   103.392 55443.75736436  4.01  56.666704  66.082714  3.643  266.61  267.55  267.29
  80   102.038 55443.75736495  3.65  56.673156  66.082905  3.192  266.61  267.55  267.29
  80   100.934 55443.75736554  3.23  56.679609  66.083095  3.109  266.61  267.55  267.29
  80   100.945 55443.75736613  2.44  56.686061  66.083286  2.680  266.61  267.55  267.29
  81   102.784 55453.67300790  5.07  56.670208  66.084625  3.669  264.40  266.55  266.74
  81   101.300 55453.67300849  4.79  56.676661  66.084816  3.672  264.40  266.55  266.74
  81    99.739 55453.67300908  4.38  56.683114  66.085006  3.164  264.40  266.55  266.74
  81    98.426 55453.67300967  3.86  56.689567  66.085197  3.895  264.40  266.55  266.74
  82    96.116 55463.58865074 21.09  56.674902  66.086360 18.775 -100.00 -100.00 -100.00
  82    95.872 55463.58865133 22.82  56.681356  66.086551 29.851 -100.00 -100.00 -100.00
  82    95.608 55463.58865192 25.12  56.687809  66.086741   -100 -100.00 -100.00 -100.00
  83    97.405 55473.50429068 21.17  56.673127  66.085685 17.322 -100.00 -100.00 -100.00
  83    97.035 55473.50429127 22.31  56.679581  66.085876 26.578 -100.00 -100.00 -100.00
  83    97.631 55473.50429186  3.99  56.686035  66.086066  3.310 -100.00 -100.00 -100.00
  84   101.379 55483.41992788  7.81  56.673016  66.083591  3.512 -100.00 -100.00 -100.00
  84    99.769 55483.41992847  7.17  56.679470  66.083782  3.880 -100.00 -100.00 -100.00
  84    97.045 55483.41992906  7.39  56.685924  66.083973  4.888 -100.00 -100.00 -100.00
  85   101.210 55493.33556272  6.86  56.670257  66.081734  3.053 -100.00 -100.00 -100.00
  85   100.688 55493.33556331  6.18  56.676710  66.081925  2.867 -100.00 -100.00 -100.00
  85   100.591 55493.33556390  6.51  56.683164  66.082116  3.858 -100.00 -100.00 -100.00
  86   101.117 55503.25119619  7.80  56.667090  66.082268  3.509  258.49  257.90  258.46
  86   101.086 55503.25119678  7.34  56.673543  66.082459  3.421  258.49  257.90  258.46
  86    99.771 55503.25119737  7.16  56.679996  66.082650  3.661  258.49  257.90  258.46
  86   100.721 55503.25119796  6.27  56.686450  66.082841  2.978  258.49  257.90  258.46
  87    93.315 55513.16684419 14.94  56.675258  66.084950 15.219 -100.00 -100.00 -100.00
  87    96.626 55513.16684478 17.79  56.681712  66.085141 17.519 -100.00 -100.00 -100.00
  87    96.469 55513.16684537 20.67  56.688166  66.085331 20.271 -100.00 -100.00 -100.00
  90    31.218 55542.91378834 24.40  56.678050  66.086954 12.423 -100.00 -100.00 -100.00
  90    31.426 55542.91378893 25.32  56.684503  66.087144 13.874 -100.00 -100.00 -100.00
  91    33.031 55552.82943236 21.28  56.675267  66.086257  7.998 -100.00 -100.00 -100.00
  91    33.135 55552.82943295 22.55  56.681720  66.086447 10.852 -100.00 -100.00 -100.00
  91    33.641 55552.82943354 21.53  56.688174  66.086637  7.790 -100.00 -100.00 -100.00
 103    94.528 55671.81713354  5.12  56.669806  66.082421  9.880  258.45  253.48  238.78
 103    94.268 55671.81713413  1.11  56.676258  66.082611  6.551  258.45  253.48  238.78
 103    96.071 55671.81713472  0.91  56.682710  66.082802  5.002  258.45  253.48  238.78
 104    96.209 55681.73277265  8.60  56.668914  66.083144 13.891 -100.00 -100.00 -100.00
 104    96.087 55681.73277324  5.69  56.675366  66.083335  9.146 -100.00 -100.00 -100.00
 104    99.311 55681.73277383  1.58  56.681819  66.083526  4.283 -100.00 -100.00 -100.00
 104    99.104 55681.73277442  5.95  56.688272  66.083716  8.317 -100.00 -100.00 -100.00
 105   100.008 55691.64841071 14.55  56.674437  66.085343  5.008  246.14  247.25  250.14
 105    99.014 55691.64841130 13.49  56.680891  66.085534  4.289  246.14  247.25  250.14
 105    97.507 55691.64841189 13.24  56.687344  66.085724  4.666  246.14  247.25  250.14
 106   102.704 55701.56404663  9.27  56.674444  66.087001  4.401 -100.00 -100.00 -100.00
 106   100.787 55701.56404722  8.26  56.680897  66.087192  3.508 -100.00 -100.00 -100.00
 106    99.452 55701.56404781  8.38  56.687351  66.087383  4.916 -100.00 -100.00 -100.00
 107   106.226 55711.47968887 28.05  56.681636  66.087697   -100 -100.00 -100.00 -100.00
 107    69.091 55711.47968946 15.11  56.688090  66.087888 26.034 -100.00 -100.00 -100.00
 108    99.779 55721.39533818  3.79  56.676956  66.087133  5.642  273.30  273.78  274.66
 108    95.947 55721.39533877 11.73  56.683411  66.087324 12.533  273.30  273.78  274.66
 109    99.219 55731.31098570  3.58  56.675429  66.086814  4.020 -100.00 -100.00 -100.00
 109    98.017 55731.31098630  3.26  56.681883  66.087004  4.148 -100.00 -100.00 -100.00
 109    99.012 55731.31098689  2.25  56.688338  66.087195  2.954 -100.00 -100.00 -100.00
 111    29.815 55751.14227724 30.14  56.675465  66.087173 28.852 -100.00 -100.00 -100.00
 111    29.849 55751.14227783 29.09  56.681919  66.087364 25.151 -100.00 -100.00 -100.00
 111    29.384 55751.14227842 29.64  56.688373  66.087554 25.814 -100.00 -100.00 -100.00
 112    29.765 55761.05792031 45.80  56.678649  66.086874 28.274  266.68  266.69  266.94
 112    29.466 55761.05792090 47.08  56.685103  66.087065   -100  266.68  266.69  266.94
 113    29.467 55770.97356008 44.59  56.677110  66.085701   -100  263.31  263.17  262.41
 113    29.097 55770.97356067 48.83  56.683563  66.085891 25.684  263.31  263.17  262.41
 114    28.762 55780.88919605 43.42  56.671790  66.083801   -100  266.43  266.46  265.95
 114    29.478 55780.88919664 42.55  56.678243  66.083992 27.787  266.43  266.46  265.95
 114    29.333 55780.88919723 44.53  56.684695  66.084182   -100  266.43  266.46  265.95
 115    30.190 55790.80482951 28.56  56.667224  66.082722 22.571  266.56  266.20  265.97
 115    29.590 55790.80483010 28.30  56.673676  66.082913 24.227  266.56  266.20  265.97
 115    29.396 55790.80483069 28.70  56.680129  66.083104 28.516  266.56  266.20  265.97
 115    29.361 55790.80483128 28.79  56.686581  66.083294 26.159  266.56  266.20  265.97
 116    30.156 55800.72046233 40.19  56.668312  66.083040 29.597  266.17  266.45  266.42
 116    29.266 55800.72046292 45.29  56.674764  66.083231 13.796  266.17  266.45  266.42
 116    29.196 55800.72046351 36.34  56.681217  66.083422   -100  266.17  266.45  266.42
 116    28.899 55800.72046410 45.27  56.687669  66.083613  7.928  266.17  266.45  266.42
 117    28.791 55810.63611152 43.34  56.670378  66.084378  3.461  268.91  269.14  269.12
 117    28.705 55810.63611211 45.66  56.676831  66.084569 27.546  268.91  269.14  269.12
 117    29.020 55810.63611270 45.68  56.683284  66.084760  5.797  268.91  269.14  269.12
 117    28.835 55810.63611329 42.03  56.689737  66.084951  1.274  268.91  269.14  269.12
 118    29.695 55820.55176039 29.01  56.670827  66.085274 28.687 -100.00 -100.00 -100.00
 118    29.632 55820.55176098 26.50  56.677281  66.085465 20.089 -100.00 -100.00 -100.00
 118    29.168 55820.55176157 27.29  56.683734  66.085656 23.915 -100.00 -100.00 -100.00
 119    89.149 55830.46740498 21.12  56.675826  66.085074 32.487  268.95  269.78  270.42
 119    88.846 55830.46740557 22.56  56.682280  66.085264 31.141  268.95  269.78  270.42
 119    92.393 55830.46740616 25.24  56.688734  66.085455   -100  268.95  269.78  270.42
 120   103.009 55840.38304399  2.11  56.669821  66.083584  2.819  262.33  262.95  264.42
 120   101.826 55840.38304458  1.44  56.676275  66.083775  2.802  262.33  262.95  264.42
 120   101.008 55840.38304517  0.96  56.682728  66.083966  2.496  262.33  262.95  264.42
 120   100.884 55840.38304576  0.69  56.689182  66.084156  2.680  262.33  262.95  264.42
 121    94.945 55850.29868073 22.10  56.672289  66.082862 29.401 -100.00 -100.00 -100.00
 121    94.893 55850.29868132 21.18  56.678742  66.083053 24.600 -100.00 -100.00 -100.00
 121    94.852 55850.29868191 23.14  56.685196  66.083244 26.118 -100.00 -100.00 -100.00
 123    30.471 55870.12996624 39.59  56.671827  66.085673 26.294  249.18  245.73  242.56
 123    30.775 55870.12996683 41.73  56.678281  66.085864 24.521  249.18  245.73  242.56
 123    30.454 55870.12996742 44.31  56.684735  66.086055   -100  249.18  245.73  242.56
 133    32.660 55969.28640737 16.42  56.670178  66.083563  6.064 -100.00 -100.00 -100.00
 133    33.083 55969.28640796 15.80  56.676632  66.083754  4.015 -100.00 -100.00 -100.00
 133    33.447 55969.28640855 16.77  56.683086  66.083945  5.296 -100.00 -100.00 -100.00
 133    33.558 55969.28640914 17.88  56.689539  66.084135  6.107 -100.00 -100.00 -100.00
 134    33.721 55979.20204504 17.17  56.683511  66.084875  5.107 -100.00 -100.00 -100.00
 134    33.844 55979.20204563 17.94  56.689965  66.085066  6.767 -100.00 -100.00 -100.00
 135    33.607 55989.11768055 16.63  56.681430  66.085204  5.993 -100.00 -100.00 -100.00
 135    33.579 55989.11768114 18.13  56.687883  66.085394  7.004 -100.00 -100.00 -100.00
 136   103.961 55999.03332205  1.16  56.674866  66.084725  4.000 -100.00 -100.00 -100.00
 136   103.062 55999.03332264  1.13  56.681319  66.084915  3.761 -100.00 -100.00 -100.00
 136   102.077 55999.03332323  0.71  56.687772  66.085106  3.604 -100.00 -100.00 -100.00
 137   104.600 56008.94897254  1.42  56.670118  66.083924  3.813 -100.00 -100.00 -100.00
 137   102.885 56008.94897313  0.94  56.676570  66.084115  3.330 -100.00 -100.00 -100.00
 137   102.311 56008.94897372  0.97  56.683023  66.084306  4.159 -100.00 -100.00 -100.00
 137   101.305 56008.94897431  0.83  56.689476  66.084497  4.745 -100.00 -100.00 -100.00
 138   105.242 56018.86461905  3.61  56.667493  66.083484  4.275  249.38  240.15  217.49
 138   104.474 56018.86461964  2.98  56.673946  66.083675  3.718  249.38  240.15  217.49
 138   103.176 56018.86462023  2.91  56.680398  66.083866  3.468  249.38  240.15  217.49
 138    98.734 56018.86462082  3.87  56.686851  66.084056  4.868 -100.00 -100.00 -100.00
 139   104.554 56028.78026344  0.82  56.673450  66.084207  3.222 -100.00 -100.00 -100.00
 139   102.967 56028.78026403  1.11  56.679903  66.084397  3.292 -100.00 -100.00 -100.00
 139   102.358 56028.78026462  1.11  56.686356  66.084588  3.921 -100.00 -100.00 -100.00
 142    86.789 56058.52718331 23.13  56.675861  66.087261 24.220  252.90  256.60  257.96
 142    90.491 56058.52718390 25.76  56.682315  66.087452 28.526  252.90  256.60  257.96
 142    97.716 56058.52718449 23.09  56.688769  66.087643 22.756  252.90  256.60  257.96
 143   101.767 56068.44281631 11.60  56.673968  66.087022  4.295  259.81  262.57  264.62
 143   100.423 56068.44281690 10.77  56.680422  66.087213  3.727  259.81  262.57  264.62
 143    99.194 56068.44281749 10.09  56.686876  66.087404  3.769  259.81  262.57  264.62
 144   100.244 56078.35846802  5.12  56.678528  66.087163  2.980 -100.00 -100.00 -100.00
 144    99.712 56078.35846862  4.75  56.684982  66.087353  3.324 -100.00 -100.00 -100.00
 145    96.844 56088.27411633 22.50  56.675523  66.087325 21.189 -100.00 -100.00 -100.00
 145    96.427 56088.27411692 22.53  56.681977  66.087516 31.847 -100.00 -100.00 -100.00
 145    98.890 56088.27411751  6.39  56.688431  66.087706  3.884 -100.00 -100.00 -100.00
 146    87.503 56098.18976266 18.72  56.678250  66.087740 19.907  271.18  273.43  272.51
 146    91.376 56098.18976325 18.93  56.684704  66.087931 21.305  271.18  273.43  272.51
 148   102.671 56118.02103539  2.99  56.673402  66.085431  3.110 -100.00 -100.00 -100.00
 148   101.895 56118.02103598  2.35  56.679855  66.085622  2.951 -100.00 -100.00 -100.00
 148   100.313 56118.02103657  1.76  56.686308  66.085812  3.446 -100.00 -100.00 -100.00
 149   103.494 56127.93667251 16.49  56.671652  66.083678 16.163  267.72  268.84  267.96
 149   108.515 56127.93667310 16.97  56.678105  66.083869 13.674  267.72  268.84  267.96
 149   102.926 56127.93667369 21.31  56.684557  66.084060 21.781  267.72  268.84  267.96
 150    77.866 56137.85230628  7.77  56.672578  66.082898 15.758  264.31  265.13  264.36
 150    78.463 56137.85230687  5.14  56.679030  66.083089  9.081  264.31  265.13  264.36
 150    89.088 56137.85230746  7.47  56.685483  66.083280  9.692  264.31  265.13  264.36
 151    98.726 56147.76795247  3.22  56.670540  66.083762  7.679 -100.00 -100.00 -100.00
 151   101.381 56147.76795365  0.03  56.683445  66.084144  3.776 -100.00 -100.00 -100.00
 155    85.172 56187.43053596  5.37  56.666990  66.083590  7.991  267.75  268.51  269.19
 155   103.806 56187.43053655  0.70  56.673443  66.083781  3.225  267.75  268.51  269.19
 155   100.174 56187.43053714  2.60  56.679896  66.083971  5.739  267.75  268.51  269.19
 155    89.799 56187.43053773  4.96  56.686350  66.084162  6.212  267.75  268.51  269.19
 156    99.318 56197.34617376  8.24  56.672859  66.083360  4.434  262.49  263.35  264.41
 156    99.233 56197.34617435  7.33  56.679313  66.083551  3.325  262.49  263.35  264.41
 156    98.516 56197.34617494  7.20  56.685766  66.083742  4.268 -100.00 -100.00 -100.00
 157    97.520 56207.26180820 15.87  56.674195  66.084555 14.829  262.75  264.08  264.97
 157    99.872 56207.26180879  5.18  56.680649  66.084746  4.414  262.75  264.08  264.97
 157    93.871 56207.26180938 21.26  56.687103  66.084936 29.485  262.75  264.08  264.97
 158   100.238 56217.17744142  3.75  56.679211  66.086558  3.443  258.06  258.57  259.53
 158   102.857 56217.17744201  3.05  56.685666  66.086748  3.054  258.06  258.57  259.53
 159    99.376 56227.09308392  3.36  56.676797  66.087759  3.078  259.55  258.94  259.40
 159   100.015 56227.09308451  2.85  56.683252  66.087950  2.955  259.55  258.94  259.40
 160    30.106 56237.00873877 39.84  56.678447  66.087686 21.370 -100.00 -100.00 -100.00
 160    30.154 56237.00873936 42.91  56.684901  66.087877 24.544 -100.00 -100.00 -100.00
 161    30.493 56246.92438942 37.78  56.676466  66.086895 17.418 -100.00 -100.00 -100.00
 161    30.692 56246.92439001 41.88  56.682920  66.087086 21.819 -100.00 -100.00 -100.00
 161    30.390 56246.92439060 48.07  56.689374  66.087277   -100 -100.00 -100.00 -100.00
 163    30.416 56266.75567786 26.56  56.681004  66.087425 18.123 -100.00 -100.00 -100.00
 163    30.157 56266.75567845 32.44  56.687458  66.087616   -100 -100.00 -100.00 -100.00
 165    29.920 56286.58696566 24.82  56.681332  66.087580 14.375 -100.00 -100.00 -100.00
 165    29.655 56286.58696625 28.87  56.687787  66.087770 28.258 -100.00 -100.00 -100.00
 170   103.410 56336.16518452  5.19  56.676679  66.086235  3.847 -100.00 -100.00 -100.00
 170   102.455 56336.16518511  5.21  56.683133  66.086426  3.890 -100.00 -100.00 -100.00
 170    98.069 56336.16518570  5.88  56.689587  66.086616  4.975 -100.00 -100.00 -100.00
 171   103.432 56346.08082318  1.85  56.676487  66.086507  3.873 -100.00 -100.00 -100.00
 171   102.545 56346.08082377  1.76  56.682941  66.086698  4.376 -100.00 -100.00 -100.00
 171   100.426 56346.08082437  2.51  56.689395  66.086888  6.327 -100.00 -100.00 -100.00
 172   104.232 56355.99645894  1.51  56.671274  66.084906  3.822 -100.00 -100.00 -100.00
 172   102.625 56355.99645953  1.12  56.677727  66.085098  4.059 -100.00 -100.00 -100.00
 172   102.457 56355.99646012  1.24  56.684180  66.085288  4.935 -100.00 -100.00 -100.00
 173   104.860 56365.91210558  1.33  56.669981  66.083348  4.482 -100.00 -100.00 -100.00
 173   103.885 56365.91210617  0.69  56.676433  66.083540  3.504 -100.00 -100.00 -100.00
 173   102.869 56365.91210676  0.41  56.682886  66.083730  2.762 -100.00 -100.00 -100.00
 173   101.379 56365.91210735  0.87  56.689339  66.083921  3.716 -100.00 -100.00 -100.00
 174   104.816 56375.82775440  0.63  56.671302  66.083407  3.598 -100.00 -100.00 -100.00
 174   103.569 56375.82775499  0.28  56.677755  66.083598  3.084 -100.00 -100.00 -100.00
 174   102.414 56375.82775558  0.51  56.684207  66.083789  3.618 -100.00 -100.00 -100.00
 176   102.877 56395.65904467  2.87  56.679754  66.087837  3.121  250.18  240.61  224.28
 176   101.634 56395.65904526  2.99  56.686208  66.088027  4.020  250.18  240.61  224.28
 178    99.355 56415.49032465  4.89  56.680742  66.088375  3.885  257.82  259.18  260.74
 178    99.555 56415.49032524  3.52  56.687196  66.088565  3.232  257.82  259.18  260.74
 179    99.614 56425.40595784 22.40  56.677719  66.086798 24.006 -100.00 -100.00 -100.00
 179    99.533 56425.40595843 25.51  56.684173  66.086989 30.634 -100.00 -100.00 -100.00
 180   106.773 56435.32160574 24.18  56.673587  66.086124 26.238 -100.00 -100.00 -100.00
 180    85.952 56435.32160633 24.83  56.680041  66.086314 24.353 -100.00 -100.00 -100.00
 180    81.734 56435.32160692 28.02  56.686495  66.086505   -100 -100.00 -100.00 -100.00
 181   100.321 56445.23725778  7.18  56.674678  66.086715  4.475  262.45  262.63  265.10
 181   100.081 56445.23725837  6.32  56.681132  66.086906  3.606  262.45  262.63  265.10
 181    98.943 56445.23725896  5.72  56.687586  66.087096  3.851  262.45  262.63  265.10
 183   100.269 56465.06855431  2.82  56.680194  66.087739  3.512 -100.00 -100.00 -100.00
 183    99.546 56465.06855490  3.85  56.686648  66.087930  3.125 -100.00 -100.00 -100.00
 184    30.795 56474.98419669 51.22  56.675341  66.085708  6.818 -100.00 -100.00 -100.00
 184    30.819 56474.98419728 53.97  56.681795  66.085899  9.795 -100.00 -100.00 -100.00
 184    30.788 56474.98419787 54.14  56.688248  66.086089 13.790 -100.00 -100.00 -100.00
 185    30.150 56484.89983567 30.71  56.671224  66.083192 28.738 -100.00 -100.00 -100.00
 185    29.890 56484.89983626 28.00  56.677676  66.083383 18.615 -100.00 -100.00 -100.00
 185    29.607 56484.89983685 30.73  56.684128  66.083574 29.597 -100.00 -100.00 -100.00
 187    28.716 56504.73110641 46.68  56.669964  66.083822   -100  271.24  271.02  270.14
 187    29.466 56504.73110700 46.26  56.676417  66.084013 24.502  271.24  271.02  270.14
 187    28.895 56504.73110759 48.05  56.682869  66.084204   -100  271.24  271.02  270.14
 187    28.893 56504.73110818 50.84  56.689322  66.084395   -100  271.24  271.02  270.14
 188    29.305 56514.64673964 24.71  56.672949  66.086021 18.300  269.47  270.22  269.29
 188    28.566 56514.64674023 28.78  56.679402  66.086213   -100  269.47  270.22  269.29
 188    28.729 56514.64674082 28.05  56.685855  66.086403 27.586  269.47  270.22  269.29
 192    29.323 56554.30933472 39.99  56.667905  66.083581   -100 -100.00 -100.00 -100.00
 192    29.627 56554.30933531 41.92  56.674358  66.083771 32.534 -100.00 -100.00 -100.00
 192    29.504 56554.30933590 44.03  56.680812  66.083962   -100 -100.00 -100.00 -100.00
 192    29.321 56554.30933649 48.25  56.687266  66.084153   -100 -100.00 -100.00 -100.00
 194    95.538 56574.14062020 15.71  56.680845  66.088323 16.882 -100.00 -100.00 -100.00
 194    97.545 56574.14062079  4.55  56.687300  66.088513  3.505 -100.00 -100.00 -100.00
 195    29.904 56584.05625906 40.58  56.680950  66.089492   -100 -100.00 -100.00 -100.00
 195    29.909 56584.05625965 41.98  56.687404  66.089683   -100 -100.00 -100.00 -100.00
 196    29.504 56593.97189341 32.00  56.680785  66.088565   -100 -100.00 -100.00 -100.00
 196    29.695 56593.97189400 33.20  56.687239  66.088756 28.928 -100.00 -100.00 -100.00
 197    94.727 56603.88754642 20.09  56.676851  66.086948 20.534 -100.00 -100.00 -100.00
 197    94.688 56603.88754701 22.83  56.683304  66.087138 21.581 -100.00 -100.00 -100.00
 198    97.128 56613.80319483 14.75  56.675018  66.085993 12.209 -100.00 -100.00 -100.00
 198    96.834 56613.80319542 16.80  56.681472  66.086184 16.429 -100.00 -100.00 -100.00
 198    96.283 56613.80319601 25.83  56.687925  66.086374   -100 -100.00 -100.00 -100.00
 199    95.975 56623.71883975  9.26  56.678637  66.086605 13.215 -100.00 -100.00 -100.00
 199    95.980 56623.71884035 11.54  56.685091  66.086796 12.701 -100.00 -100.00 -100.00
 200    30.301 56633.63448133 42.10  56.676544  66.087237 23.878 -100.00 -100.00 -100.00
 200    30.484 56633.63448192 42.03  56.682998  66.087427  5.104 -100.00 -100.00 -100.00
 202   101.343 56653.46576976  2.79  56.672997  66.085500  4.797  257.93  257.90  257.80
 202    99.735 56653.46577035  2.79  56.679451  66.085691  4.967  257.93  257.90  257.80
 202    98.655 56653.46577094  2.54  56.685906  66.085881  4.685  257.93  257.90  257.80
 208   104.425 56712.95962517  0.00  56.674165  66.085872  2.847 -100.00 -100.00 -100.00
 208   103.255 56712.95962576  0.24  56.680618  66.086063  3.104 -100.00 -100.00 -100.00
 209    95.916 56722.87527251  3.33  56.670287  66.084554  2.520  233.95  224.94  209.99
 209    95.859 56722.87527310  2.89  56.676740  66.084745  2.100  233.95  224.94  209.99
 209    95.743 56722.87527369  3.07  56.683193  66.084936  2.749  233.95  224.94  209.99
 209    95.875 56722.87527428  2.97  56.689646  66.085126  2.931  233.95  224.94  209.99
 210   105.264 56732.79092334  2.37  56.668998  66.084428  3.488  230.99  223.54  210.99
 210   104.165 56732.79092393  2.36  56.675451  66.084619  3.231  230.99  223.54  210.99
 210   102.991 56732.79092452  2.22  56.681904  66.084809  3.842  230.99  223.54  210.99
 210   101.509 56732.79092511  2.73  56.688357  66.084999  3.809  230.99  223.54  210.99
 211   103.997 56742.70657147  3.38  56.676070  66.086446  3.085  219.04  209.02  198.75
 211   102.658 56742.70657206  3.75  56.682523  66.086636  4.182  219.04  209.02  198.75
 211   101.880 56742.70657265  3.46  56.688977  66.086826  3.338  219.04  209.02  198.75
 212   102.504 56752.62221515  3.75  56.681971  66.088744  3.938 -100.00 -100.00 -100.00
 212   101.369 56752.62221574  3.67  56.688425  66.088934  3.887 -100.00 -100.00 -100.00
 213    29.071 56762.53785282 35.18  56.680026  66.089553   -100 -100.00 -100.00 -100.00
 213    29.097 56762.53785341 36.39  56.686481  66.089743   -100 -100.00 -100.00 -100.00
 215    78.849 56782.36914138 10.46  56.674957  66.087146 15.375  264.38  265.23  266.85
 215    98.768 56782.36914197  5.40  56.681412  66.087336  7.975  264.38  265.23  266.85
 215   101.730 56782.36914256  2.41  56.687866  66.087527  3.542  264.38  265.23  266.85
 216   102.304 56792.28479592  9.95  56.678718  66.086446  5.196 -100.00 -100.00 -100.00
 216   101.873 56792.28479651 17.34  56.685172  66.086636 14.023 -100.00 -100.00 -100.00
 217   100.792 56802.20044696 25.68  56.675479  66.086567 25.932 -100.00 -100.00 -100.00
 217   100.442 56802.20044755 27.85  56.681933  66.086757   -100 -100.00 -100.00 -100.00
 217   100.489 56802.20044814 24.15  56.688387  66.086947 24.017 -100.00 -100.00 -100.00
 218    95.966 56812.11609117 25.92  56.680302  66.087218   -100  254.92  257.03  258.80
 218    96.133 56812.11609176 12.85  56.686756  66.087408 11.612  254.92  257.03  258.80
 219    98.213 56822.03173086 25.81  56.679328  66.086956 32.646  260.10  260.99  261.84
 219    97.648 56822.03173145 23.34  56.685781  66.087146   -100  260.10  260.99  261.84
 220    88.117 56831.94736625 19.93  56.677316  66.085590 22.532  260.68  262.54  262.32
 220    88.109 56831.94736684 19.58  56.683770  66.085780 24.774  260.68  262.54  262.32
 221    99.720 56841.86299752 16.69  56.667220  66.083745 10.313  266.69  268.63  268.06
 221    98.607 56841.86299811 25.78  56.673672  66.083936 32.620  266.69  268.63  268.06
 221    94.893 56841.86299870 24.94  56.680124  66.084127 28.239  266.69  268.63  268.06
 221    94.474 56841.86299930 18.52  56.686577  66.084317   -100  266.69  268.63  268.06
 222    94.449 56851.77863635 20.78  56.672889  66.083529 20.967  262.71  263.78  263.55
 222    94.077 56851.77863694 25.13  56.679341  66.083720 28.669  262.71  263.78  263.55
 222    93.981 56851.77863753 24.69  56.685794  66.083911   -100  262.71  263.78  263.55
 223    29.920 56861.69429077 26.78  56.673966  66.084634 25.746 -100.00 -100.00 -100.00
 223    29.737 56861.69429136 27.94  56.680419  66.084824 28.976 -100.00 -100.00 -100.00
 223    30.235 56861.69429195 24.78  56.686872  66.085015 15.478 -100.00 -100.00 -100.00
 225    29.806 56881.52559522 45.85  56.673677  66.086709   -100 -100.00 -100.00 -100.00
 225    29.870 56881.52559581 45.32  56.680131  66.086899   -100 -100.00 -100.00 -100.00
 225    30.176 56881.52559640 46.28  56.686585  66.087090   -100 -100.00 -100.00 -100.00
 228    86.841 56911.27252869 18.78  56.676471  66.086082 30.978  266.81  267.07  266.98
 228    90.506 56911.27252928 11.81  56.682925  66.086272 12.110  266.81  267.07  266.98
 228    94.099 56911.27252987 20.75  56.689379  66.086462   -100  266.81  267.07  266.98
 229    94.500 56921.18816949 18.11  56.679417  66.087394 18.198  256.85  256.83  257.77
 229    93.616 56921.18817008 20.93  56.685871  66.087584   -100  256.85  256.83  257.77
 230   100.940 56931.10380784  4.97  56.679550  66.088774  3.491 -100.00 -100.00 -100.00
 230    99.595 56931.10380843  4.16  56.686004  66.088965  3.353 -100.00 -100.00 -100.00
 231    98.395 56941.01944116  2.45  56.680128  66.088992  2.875  252.25  250.44  250.16
 231    97.194 56941.01944175  2.03  56.686582  66.089183  2.944  252.25  250.44  250.16
 233    30.335 56960.85073279 48.38  56.679356  66.087155  4.120 -100.00 -100.00 -100.00
 233    30.443 56960.85073338 46.49  56.685810  66.087345   -100 -100.00 -100.00 -100.00
 235   100.702 56980.68202174  5.24  56.676970  66.086502  4.678  256.60  257.97  259.29
 235   102.364 56980.68202233  4.93  56.683424  66.086692  4.286  256.60  257.97  259.29
 236   103.523 56990.59765975  1.37  56.675058  66.086386  3.097 -100.00 -100.00 -100.00
 236   100.267 56990.59766034  1.44  56.681512  66.086577  3.300 -100.00 -100.00 -100.00
 236   101.577 56990.59766093  1.03  56.687966  66.086767  3.627 -100.00 -100.00 -100.00
 238   104.717 57010.42894677  1.14  56.670180  66.084821  3.026 -100.00 -100.00 -100.00
 238   103.513 57010.42894736  0.87  56.676634  66.085013  3.315 -100.00 -100.00 -100.00
 238   102.592 57010.42894795  0.82  56.683088  66.085203  3.107 -100.00 -100.00 -100.00
 238   101.216 57010.42894854  0.90  56.689542  66.085394  3.593 -100.00 -100.00 -100.00
 239   104.566 57020.34459891  1.44  56.671414  66.084147  3.175 -100.00 -100.00 -100.00
 239   103.819 57020.34459950  1.15  56.677868  66.084338  2.980 -100.00 -100.00 -100.00
 239   102.531 57020.34460009  1.19  56.684322  66.084528  3.351 -100.00 -100.00 -100.00
 242   103.520 57050.09154111  1.00  56.678605  66.086313  3.023 -100.00 -100.00 -100.00
 242   101.994 57050.09154170  1.06  56.685059  66.086503  3.838 -100.00 -100.00 -100.00
 243   104.558 57060.00718179  0.36  56.674201  66.086278  3.086 -100.00 -100.00 -100.00
 243   103.201 57060.00718238  0.36  56.680655  66.086469  3.698 -100.00 -100.00 -100.00
 243   102.389 57060.00718297  0.14  56.687108  66.086659  3.400 -100.00 -100.00 -100.00
 244   103.871 57069.92281757  0.58  56.678148  66.086047  3.606  244.29  237.50  224.17
 244   102.798 57069.92281816  0.41  56.684601  66.086238  3.171 -100.00 -100.00 -100.00
 245   104.269 57079.83844837  5.30  56.674953  66.085851  3.339 -100.00 -100.00 -100.00
 245   103.205 57079.83844896  4.98  56.681406  66.086041  3.617 -100.00 -100.00 -100.00
 245   101.599 57079.83844955  5.27  56.687859  66.086232  3.886 -100.00 -100.00 -100.00
 246   103.995 57089.75408705  4.84  56.674330  66.086670  4.296  242.07  237.05  225.68
 246   103.111 57089.75408764  4.46  56.680784  66.086861  3.918  242.07  237.05  225.68
 246   101.777 57089.75408823  5.36  56.687237  66.087051  5.406  242.07  237.05  225.68
 247   102.680 57099.66974565  4.77  56.680738  66.088320  3.815  251.65  248.99  245.24
 247   101.771 57099.66974624  4.75  56.687192  66.088510  3.826  251.65  248.99  245.24
 248   102.384 57109.58540073  4.93  56.681594  66.089202  3.291 -100.00 -100.00 -100.00
 248   101.711 57109.58540132  4.96  56.688049  66.089393  3.550 -100.00 -100.00 -100.00
 250   103.102 57129.41669370  2.12  56.679807  66.087480  3.261 -100.00 -100.00 -100.00
 250   101.998 57129.41669429  2.20  56.686262  66.087670  3.652 -100.00 -100.00 -100.00
