# NaN NaN NaN ;Mean Elev.(m), Avg Gradient(m/km), RMS Gradient(m/km) - SRTM1     
#   15.670  -2.202   5.900 ;Mean Elev.(m), Avg Gradient(m/km), RMS Gradient(m/km) - ASTER GDEM
#   39.703  -2.721  11.033 ;Mean Elev.(m), Avg Gradient(m/km), RMS Gradient(m/km) - GMTED2010 
   1    77.790 54665.41956793  3.86  55.107986  65.907885  5.472 -100.00 -100.00 -100.00
   1    72.400 54665.41956852  6.00  55.114347  65.907514  5.803 -100.00 -100.00 -100.00
   2    71.610 54675.33521160 23.71  55.097627  65.909497  8.923  275.78  274.21  273.41
   2    63.687 54675.33521219 27.69  55.103989  65.909126 17.021  275.78  274.21  273.41
   2    66.848 54675.33521278 19.70  55.110351  65.908755   -100  275.78  274.21  273.41
   2    68.821 54675.33521337  5.43  55.116712  65.908384   -100  275.78  274.21  273.41
   3    -2.979 54685.25085534 26.76  55.103348  65.910789 10.770 -100.00 -100.00 -100.00
   3     6.961 54685.25085593 20.42  55.109710  65.910418  9.714 -100.00 -100.00 -100.00
   3     7.943 54685.25085652 18.18  55.116072  65.910047  4.253 -100.00 -100.00 -100.00
   4    67.084 54695.16649679 22.70  55.100442  65.912045 14.899 -100.00 -100.00 -100.00
   4    92.166 54695.16649738 18.36  55.106804  65.911674 10.332 -100.00 -100.00 -100.00
   4    66.982 54695.16649797 26.96  55.113167  65.911303 20.948 -100.00 -100.00 -100.00
   4    70.617 54695.16649856 30.05  55.119529  65.910932 30.482 -100.00 -100.00 -100.00
   5     0.553 54705.08213629 29.09  55.102943  65.911226 20.085 -100.00 -100.00 -100.00
   5     0.633 54705.08213688 29.24  55.109306  65.910855 15.484 -100.00 -100.00 -100.00
   5     9.680 54705.08213747 19.06  55.115667  65.910484  5.165 -100.00 -100.00 -100.00
   6    75.687 54714.99778755 23.54  55.096918  65.909022  8.758 -100.00 -100.00 -100.00
   6    68.038 54714.99778814 29.19  55.103280  65.908652 24.287 -100.00 -100.00 -100.00
   6    67.779 54714.99778873 25.02  55.109641  65.908281   -100 -100.00 -100.00 -100.00
   6    69.833 54714.99778932 20.67  55.116002  65.907910   -100 -100.00 -100.00 -100.00
   7     9.164 54724.91343777 28.61  55.095766  65.906609 26.769 -100.00 -100.00 -100.00
   7    11.365 54724.91343836 24.56  55.102127  65.906238 16.014 -100.00 -100.00 -100.00
   7    11.951 54724.91343895 21.36  55.108487  65.905867  7.810 -100.00 -100.00 -100.00
   7    11.905 54724.91343954 20.77  55.114848  65.905496  6.710 -100.00 -100.00 -100.00
   8    60.521 54734.82908593  3.42  55.095398  65.905850  6.194 -100.00 -100.00 -100.00
   8    62.190 54734.82908653  3.86  55.101758  65.905480  6.155 -100.00 -100.00 -100.00
   8    65.179 54734.82908712  3.03  55.108119  65.905109  4.045 -100.00 -100.00 -100.00
   8    81.714 54734.82908771  2.48  55.114479  65.904737  2.840 -100.00 -100.00 -100.00
   9    60.238 54744.74473282  7.61  55.094208  65.907254  8.378 -100.00 -100.00 -100.00
   9    61.048 54744.74473341  6.07  55.100569  65.906883  6.773 -100.00 -100.00 -100.00
   9    64.214 54744.74473400  5.67  55.106930  65.906512  5.174 -100.00 -100.00 -100.00
   9    72.819 54744.74473459 16.39  55.113290  65.906141 10.969 -100.00 -100.00 -100.00
  10    73.109 54754.66037960 25.79  55.096400  65.908583 19.215 -100.00 -100.00 -100.00
  10    71.541 54754.66038019 22.69  55.102761  65.908212 13.130 -100.00 -100.00 -100.00
  10    70.412 54754.66038078 29.88  55.109123  65.907841   -100 -100.00 -100.00 -100.00
  10    72.488 54754.66038137 20.77  55.115484  65.907469   -100 -100.00 -100.00 -100.00
  11    29.444 54764.57602516 24.30  55.095916  65.908411 11.718 -100.00 -100.00 -100.00
  11    29.271 54764.57602575 23.42  55.102278  65.908041  9.782 -100.00 -100.00 -100.00
  11    28.856 54764.57602634 24.85  55.108640  65.907669 14.090 -100.00 -100.00 -100.00
  11    28.435 54764.57602693 24.79  55.115001  65.907298 12.864 -100.00 -100.00 -100.00
  12    88.718 54774.49166817  2.10  55.097229  65.906321  8.205 -100.00 -100.00 -100.00
  12    66.611 54774.49166876  0.98  55.103590  65.905950  5.300 -100.00 -100.00 -100.00
  12    81.034 54774.49166935  0.89  55.109952  65.905579  3.547 -100.00 -100.00 -100.00
  13    94.296 54784.40730823  4.34  55.094446  65.904708  4.760  260.85  259.15  259.87
  13    70.992 54784.40730882  1.23  55.100807  65.904337  4.789  260.85  259.15  259.87
  13    66.732 54784.40730941 18.19  55.107168  65.903966 15.903  260.85  259.15  259.87
  13    72.240 54784.40731000 13.21  55.113529  65.903595  8.218  260.85  259.15  259.87
  14    84.781 54794.32294635 11.83  55.091136  65.905186 14.075 -100.00 -100.00 -100.00
  14    80.174 54794.32294694 12.60  55.097498  65.904816 15.270 -100.00 -100.00 -100.00
  14    84.741 54794.32294753  6.20  55.103859  65.904445  6.716 -100.00 -100.00 -100.00
  14    88.195 54794.32294812  1.34  55.110220  65.904074  6.011 -100.00 -100.00 -100.00
  18    68.838 54833.98550661  4.23  55.100054  65.908369  3.640  244.60  238.06  227.17
  18    66.905 54833.98550721  3.94  55.106415  65.907999  3.411  244.60  238.06  227.17
  18    65.751 54833.98550780  4.99  55.112777  65.907628  4.096  244.60  238.06  227.17
  19    69.398 54843.90115642  3.06  55.098294  65.908089  3.336 -100.00 -100.00 -100.00
  19    67.938 54843.90115701  3.31  55.104656  65.907718  3.661 -100.00 -100.00 -100.00
  19    67.142 54843.90115760  3.40  55.111017  65.907347  3.733 -100.00 -100.00 -100.00
  19    66.378 54843.90115819  3.53  55.117378  65.906976  3.713 -100.00 -100.00 -100.00
  20    69.001 54853.81680565  3.10  55.101286  65.908838  3.317 -100.00 -100.00 -100.00
  20    67.140 54853.81680624  3.46  55.107647  65.908467  3.273 -100.00 -100.00 -100.00
  20    66.756 54853.81680683  3.62  55.114009  65.908096  3.637 -100.00 -100.00 -100.00
  21    69.756 54863.73245405  2.78  55.098245  65.910739  3.494 -100.00 -100.00 -100.00
  21    68.059 54863.73245464  2.75  55.104606  65.910368  3.374 -100.00 -100.00 -100.00
  21    66.473 54863.73245523  3.06  55.110968  65.909997  4.252 -100.00 -100.00 -100.00
  21    66.581 54863.73245582  2.42  55.117330  65.909625  2.773 -100.00 -100.00 -100.00
  22    69.710 54873.64810287  5.41  55.101568  65.911228  3.837 -100.00 -100.00 -100.00
  22    68.078 54873.64810346  5.52  55.107931  65.910857  4.124 -100.00 -100.00 -100.00
  22    66.309 54873.64810405  5.71  55.114293  65.910485  4.564 -100.00 -100.00 -100.00
  22    66.281 54873.64810464  5.45  55.120655  65.910113  3.499 -100.00 -100.00 -100.00
  23    70.175 54883.56374875  4.13  55.098325  65.910334  3.664 -100.00 -100.00 -100.00
  23    67.652 54883.56374934  3.66  55.104687  65.909963  3.023 -100.00 -100.00 -100.00
  23    66.620 54883.56374993  3.84  55.111049  65.909591  3.644 -100.00 -100.00 -100.00
  23    66.344 54883.56375052  3.98  55.117411  65.909220  3.560 -100.00 -100.00 -100.00
  24    69.187 54893.47939148  5.42  55.097051  65.907795  4.839  252.17  244.64  227.86
  24    68.111 54893.47939207  5.03  55.103413  65.907424  3.901  252.17  244.64  227.86
  24    66.697 54893.47939266  4.69  55.109774  65.907053  4.011  252.17  244.64  227.86
  24    66.580 54893.47939325  4.96  55.116136  65.906681  4.042  252.17  244.64  227.86
  25    69.829 54903.39503128  6.52  55.093416  65.905759  4.581  250.21  241.78  223.29
  25    68.605 54903.39503187  6.24  55.099777  65.905389  4.715  250.21  241.78  223.29
  25    67.648 54903.39503246  5.72  55.106138  65.905018  3.754  250.21  241.78  223.29
  25    66.806 54903.39503306  5.67  55.112499  65.904646  3.351  250.21  241.78  223.29
  26    69.923 54913.31067012  4.94  55.093319  65.905630  3.844 -100.00 -100.00 -100.00
  26    67.850 54913.31067071  5.35  55.099680  65.905260  5.458 -100.00 -100.00 -100.00
  26    67.096 54913.31067130  4.85  55.106042  65.904889  3.906 -100.00 -100.00 -100.00
  26    66.800 54913.31067189  5.03  55.112402  65.904517  4.414 -100.00 -100.00 -100.00
  27    70.039 54923.22630824  7.51  55.094103  65.907141  3.788 -100.00 -100.00 -100.00
  27    68.832 54923.22630883  7.14  55.100464  65.906770  3.737 -100.00 -100.00 -100.00
  27    67.406 54923.22630942  7.57  55.106825  65.906399  4.105 -100.00 -100.00 -100.00
  27    66.954 54923.22631001  8.10  55.113186  65.906028  4.413 -100.00 -100.00 -100.00
  28    69.345 54933.14194602  6.53  55.099707  65.908395  3.781 -100.00 -100.00 -100.00
  28    67.664 54933.14194661  6.53  55.106068  65.908024  3.481 -100.00 -100.00 -100.00
  28    65.882 54933.14194720  7.00  55.112429  65.907652  4.142 -100.00 -100.00 -100.00
  29    69.001 54943.05758140  2.09  55.098924  65.908430  3.388  238.66  225.37  205.90
  29    68.520 54943.05758200  1.99  55.105285  65.908059  2.954  238.66  225.37  205.90
  29    67.060 54943.05758259  2.23  55.111646  65.907688  2.990  238.66  225.37  205.90
  29    67.315 54943.05758318  2.33  55.118007  65.907317  3.259  238.66  225.37  205.90
  30    71.432 54952.97321446  4.32  55.093464  65.907192  3.617 -100.00 -100.00 -100.00
  30    69.086 54952.97321505  4.14  55.099824  65.906822  3.433 -100.00 -100.00 -100.00
  30    68.498 54952.97321564  3.78  55.106185  65.906451  2.878 -100.00 -100.00 -100.00
  30    66.626 54952.97321623  4.27  55.112546  65.906081  3.096 -100.00 -100.00 -100.00
  31    20.945 54962.88885820 23.30  55.093111  65.905345 25.529 -100.00 -100.00 -100.00
  31    21.907 54962.88885879 21.51  55.099472  65.904975 18.688 -100.00 -100.00 -100.00
  31    21.490 54962.88885938 25.81  55.105832  65.904605   -100 -100.00 -100.00 -100.00
  31    21.824 54962.88885997 27.13  55.112192  65.904234 31.044 -100.00 -100.00 -100.00
  32    27.119 54972.80450649 35.17  55.090326  65.905554 25.377 -100.00 -100.00 -100.00
  32    26.646 54972.80450708 39.02  55.096687  65.905184   -100 -100.00 -100.00 -100.00
  32    26.435 54972.80450767 38.21  55.103047  65.904814  1.173 -100.00 -100.00 -100.00
  32    26.663 54972.80450826 38.24  55.109407  65.904443   -100 -100.00 -100.00 -100.00
  33    68.393 54982.72015473 13.60  55.097610  65.906918  4.619  245.44  245.50  248.49
  33    66.482 54982.72015532 13.32  55.103971  65.906548  4.251  245.44  245.50  248.49
  33    85.048 54982.72015591 17.10  55.110331  65.906177  6.318  245.44  245.50  248.49
  33    85.060 54982.72015650 14.96  55.116692  65.905806  4.853  245.44  245.50  248.49
  34    62.469 54992.63580232  7.76  55.101102  65.908749  6.054 -100.00 -100.00 -100.00
  34    75.858 54992.63580291  6.66  55.107463  65.908378  5.020 -100.00 -100.00 -100.00
  34    64.929 54992.63580350  6.53  55.113824  65.908007  4.547 -100.00 -100.00 -100.00
  35    76.459 55002.55144840  1.63  55.096737  65.909630  3.690 -100.00 -100.00 -100.00
  35    73.379 55002.55144899  2.11  55.103099  65.909259  5.470 -100.00 -100.00 -100.00
  35    77.127 55002.55144958  9.90  55.109460  65.908888  6.506 -100.00 -100.00 -100.00
  35    78.887 55002.55145017 12.62  55.115822  65.908517  7.888 -100.00 -100.00 -100.00
  36    79.610 55012.46709301 16.66  55.096508  65.909221 12.891  267.80  265.89  266.68
  36    61.557 55012.46709360  3.18  55.102869  65.908850  7.147  267.80  265.89  266.68
  36    62.675 55012.46709419  1.54  55.109231  65.908479  6.440  267.80  265.89  266.68
  36    75.530 55012.46709479  1.08  55.115593  65.908108  4.664  267.80  265.89  266.68
  37    28.164 55022.38273617 36.13  55.095626  65.908619   -100 -100.00 -100.00 -100.00
  37    29.051 55022.38273676 25.72  55.101988  65.908248 11.515 -100.00 -100.00 -100.00
  37    28.350 55022.38273735 30.56  55.108350  65.907877 25.615 -100.00 -100.00 -100.00
  37    23.586 55022.38273794 32.53  55.114711  65.907506 30.088 -100.00 -100.00 -100.00
  38    79.740 55032.29837857 20.85  55.095978  65.909192 17.734  270.03  268.14  268.51
  38    61.960 55032.29837916  1.46  55.102340  65.908822  5.447  270.03  268.14  268.51
  38    87.600 55032.29837975  0.94  55.108702  65.908451  4.741  270.03  268.14  268.51
  38    70.299 55032.29838034  1.05  55.115063  65.908079  4.536  270.03  268.14  268.51
  39    28.009 55042.21402051 32.19  55.099085  65.910291   -100 -100.00 -100.00 -100.00
  39    28.820 55042.21402110 25.45  55.105447  65.909920 13.465 -100.00 -100.00 -100.00
  39    23.361 55042.21402169 31.19  55.111809  65.909549 29.002 -100.00 -100.00 -100.00
  39    23.648 55042.21402228 33.52  55.118170  65.909177 26.057 -100.00 -100.00 -100.00
  40    28.794 55052.12966117 29.71  55.104647  65.910780 19.372 -100.00 -100.00 -100.00
  40    23.186 55052.12966176 32.36  55.111009  65.910409 27.563 -100.00 -100.00 -100.00
  40    23.138 55052.12966235 37.47  55.117370  65.910038   -100 -100.00 -100.00 -100.00
  41    28.676 55062.04529850 38.68  55.097405  65.910234   -100  271.10  270.78  269.73
  41    28.866 55062.04529909 30.01  55.103767  65.909863 21.458  271.10  270.78  269.73
  41    28.544 55062.04529968 30.63  55.110128  65.909493 21.436  271.10  270.78  269.73
  41    23.015 55062.04530027 36.38  55.116490  65.909122   -100  271.10  270.78  269.73
  42    27.655 55071.96094182 43.49  55.096393  65.907914   -100 -100.00 -100.00 -100.00
  42    27.671 55071.96094241 32.28  55.102754  65.907544 23.893 -100.00 -100.00 -100.00
  42    21.883 55071.96094300 34.67  55.109115  65.907173   -100 -100.00 -100.00 -100.00
  42    21.996 55071.96094359 34.53  55.115476  65.906802 31.692 -100.00 -100.00 -100.00
  43    27.616 55081.87658993 35.71  55.090535  65.906036   -100 -100.00 -100.00 -100.00
  43    27.153 55081.87659052 34.31  55.096895  65.905665   -100 -100.00 -100.00 -100.00
  43    22.064 55081.87659111 37.81  55.103256  65.905295   -100 -100.00 -100.00 -100.00
  43    21.918 55081.87659170 39.67  55.109616  65.904924   -100 -100.00 -100.00 -100.00
  44    27.612 55091.79223719 28.08  55.093960  65.905469 27.429 -100.00 -100.00 -100.00
  44    27.382 55091.79223778 29.24  55.100320  65.905099 26.791 -100.00 -100.00 -100.00
  44    22.023 55091.79223838 32.34  55.106680  65.904728   -100 -100.00 -100.00 -100.00
  44    21.928 55091.79223897 36.32  55.113040  65.904356   -100 -100.00 -100.00 -100.00
  45    67.249 55101.70788387  4.41  55.096721  65.906534  4.310  260.67  259.75  260.48
  45    62.733 55101.70788446  4.27  55.103082  65.906163  4.310  260.67  259.75  260.48
  45    64.303 55101.70788505  4.01  55.109442  65.905792  3.999  260.67  259.75  260.48
  45    80.242 55101.70788564  3.37  55.115803  65.905421  4.141  260.67  259.75  260.48
  46    71.428 55111.62353010 29.34  55.098878  65.907870 31.299  257.04  256.22  257.54
  46    68.228 55111.62353069 15.61  55.105239  65.907499 18.286  257.04  256.22  257.54
  46    69.844 55111.62353128 23.04  55.111601  65.907128   -100  257.04  256.22  257.54
  47    62.208 55121.53917398  4.72  55.098284  65.907855  5.505 -100.00 -100.00 -100.00
  47    62.165 55121.53917457  5.01  55.104646  65.907484  8.084 -100.00 -100.00 -100.00
  47    62.337 55121.53917516  4.67  55.111007  65.907113  4.883 -100.00 -100.00 -100.00
  47    75.130 55121.53917575  4.53  55.117369  65.906742  4.616 -100.00 -100.00 -100.00
  48    27.637 55131.45481447 42.55  55.091331  65.906736   -100 -100.00 -100.00 -100.00
  48    22.650 55131.45481506 43.89  55.097693  65.906365   -100 -100.00 -100.00 -100.00
  48    22.731 55131.45481565 47.18  55.104055  65.905994  3.969 -100.00 -100.00 -100.00
  48    22.623 55131.45481624 42.44  55.110416  65.905623   -100 -100.00 -100.00 -100.00
  49    94.535 55141.37045347 16.68  55.089619  65.905201  7.163  259.54  256.83  254.36
  49    94.791 55141.37045406 19.75  55.095981  65.904830  8.377  259.54  256.83  254.36
  49    86.961 55141.37045465 15.72  55.102342  65.904460   -100  259.54  256.83  254.36
  49    57.760 55141.37045524  4.65  55.108704  65.904089   -100  259.54  256.83  254.36
  50    85.622 55151.28609225  6.36  55.093400  65.905176  7.934 -100.00 -100.00 -100.00
  50    81.318 55151.28609284  5.22  55.099761  65.904806  8.611 -100.00 -100.00 -100.00
  50    86.236 55151.28609343  1.60  55.106123  65.904435  4.942 -100.00 -100.00 -100.00
  50    84.431 55151.28609402  2.51  55.112484  65.904064  5.166 -100.00 -100.00 -100.00
  51    28.052 55161.20173069 28.95  55.092757  65.907134 12.536 -100.00 -100.00 -100.00
  51    27.232 55161.20173128 29.96  55.099119  65.906764 16.333 -100.00 -100.00 -100.00
  51    26.857 55161.20173187 28.58  55.105481  65.906393 14.885 -100.00 -100.00 -100.00
  51    26.965 55161.20173246 26.44  55.111842  65.906022 10.843 -100.00 -100.00 -100.00
  52    95.329 55171.11737030  0.88  55.108959  65.908307  2.474 -100.00 -100.00 -100.00
  52    74.036 55171.11737089  2.24  55.115321  65.907936  3.167 -100.00 -100.00 -100.00
  54    69.796 55190.94865479  2.51  55.098181  65.909427  4.373  250.61  245.75  235.09
  54    69.066 55190.94865538  1.95  55.104543  65.909056  3.232  250.61  245.75  235.09
  54    66.972 55190.94865597  2.71  55.110904  65.908685  4.418  250.61  245.75  235.09
  54    65.980 55190.94865656  2.68  55.117266  65.908314  4.153  250.61  245.75  235.09
  55    28.824 55200.86430516 16.90  55.099218  65.909068  5.550 -100.00 -100.00 -100.00
  55    28.725 55200.86430575 16.56  55.105579  65.908697  4.620 -100.00 -100.00 -100.00
  55    28.260 55200.86430635 17.52  55.111940  65.908326  6.902 -100.00 -100.00 -100.00
  55    27.650 55200.86430694 17.93  55.118302  65.907954  7.270 -100.00 -100.00 -100.00
  57    70.297 55220.69560369  0.44  55.097669  65.910120  3.632  257.25  251.60  239.22
  57    68.654 55220.69560428  0.46  55.104031  65.909749  3.367  257.25  251.60  239.22
  57    67.304 55220.69560487  0.60  55.110392  65.909378  3.433  257.25  251.60  239.22
  57    66.694 55220.69560546  0.71  55.116754  65.909007  3.493  257.25  251.60  239.22
  58    69.915 55230.61125177  1.77  55.097761  65.909714  4.970 -100.00 -100.00 -100.00
  58    68.483 55230.61125236  1.44  55.104123  65.909343  3.548 -100.00 -100.00 -100.00
  58    66.990 55230.61125295  1.57  55.110485  65.908972  3.723 -100.00 -100.00 -100.00
  58    65.875 55230.61125354  1.59  55.116846  65.908600  3.919 -100.00 -100.00 -100.00
  59    70.331 55240.52689643  1.24  55.095396  65.908639  3.892 -100.00 -100.00 -100.00
  59    68.718 55240.52689702  2.09  55.101758  65.908268  4.243 -100.00 -100.00 -100.00
  59    66.823 55240.52689761  1.30  55.108120  65.907897  2.980 -100.00 -100.00 -100.00
  59    65.859 55240.52689820  2.35  55.114481  65.907526  3.942 -100.00 -100.00 -100.00
  60    69.751 55250.44253788  4.44  55.096760  65.906771  4.273 -100.00 -100.00 -100.00
  60    68.126 55250.44253847  5.10  55.103121  65.906401  5.398 -100.00 -100.00 -100.00
  60    66.017 55250.44253906  4.80  55.109483  65.906029  4.214 -100.00 -100.00 -100.00
  60    66.730 55250.44253965  4.78  55.115844  65.905658  4.084 -100.00 -100.00 -100.00
  61    68.897 55260.35817672  3.41  55.094654  65.905733  4.325 -100.00 -100.00 -100.00
  61    66.781 55260.35817731  3.50  55.101016  65.905362  4.864 -100.00 -100.00 -100.00
  61    66.509 55260.35817790  3.43  55.107377  65.904991  3.984 -100.00 -100.00 -100.00
  61    66.768 55260.35817849  3.34  55.113738  65.904620  3.587 -100.00 -100.00 -100.00
  62    69.172 55270.27381466  2.56  55.091834  65.906090  3.938 -100.00 -100.00 -100.00
  62    67.621 55270.27381525  3.12  55.098195  65.905719  3.955 -100.00 -100.00 -100.00
  62    66.279 55270.27381584  3.24  55.104557  65.905348  4.561 -100.00 -100.00 -100.00
  62    65.885 55270.27381643  4.22  55.110917  65.904977  5.149 -100.00 -100.00 -100.00
  63    71.285 55280.18945287  4.75  55.092913  65.907020  3.275 -100.00 -100.00 -100.00
  63    68.446 55280.18945346  4.77  55.099275  65.906649  3.374 -100.00 -100.00 -100.00
  63    67.823 55280.18945405  4.86  55.105636  65.906278  3.498 -100.00 -100.00 -100.00
  63    66.599 55280.18945464  5.16  55.111997  65.905907  3.639 -100.00 -100.00 -100.00
  64    71.335 55290.10508989  4.79  55.094529  65.907708  3.472 -100.00 -100.00 -100.00
  64    69.417 55290.10509048  4.98  55.100890  65.907338  3.527 -100.00 -100.00 -100.00
  64    68.404 55290.10509107  4.96  55.107251  65.906967  2.957 -100.00 -100.00 -100.00
  64    67.154 55290.10509166  5.12  55.113612  65.906596  3.592 -100.00 -100.00 -100.00
  65    27.882 55300.02072450 22.79  55.095278  65.907696 25.316 -100.00 -100.00 -100.00
  65    28.386 55300.02072509 18.22  55.101639  65.907326 13.006 -100.00 -100.00 -100.00
  65    28.343 55300.02072568 18.51  55.108000  65.906955 14.053 -100.00 -100.00 -100.00
  65    27.835 55300.02072628 23.64  55.114361  65.906584 27.470 -100.00 -100.00 -100.00
  66    22.805 55309.93637007 39.11  55.097564  65.906437 23.856 -100.00 -100.00 -100.00
  66    22.168 55309.93637066 41.36  55.103924  65.906067 29.685 -100.00 -100.00 -100.00
  66    22.807 55309.93637125 38.01  55.110284  65.905696 26.904 -100.00 -100.00 -100.00
  67    76.354 55319.85201572 25.00  55.096288  65.905600 14.183 -100.00 -100.00 -100.00
  67    67.364 55319.85201632 15.61  55.102648  65.905229  4.984 -100.00 -100.00 -100.00
  67    65.638 55319.85201691 15.81  55.109008  65.904858  5.127 -100.00 -100.00 -100.00
  68    75.199 55329.76766017 25.26  55.093881  65.905976 19.792  258.01  259.61  259.09
  68    74.858 55329.76766076 26.67  55.100241  65.905605 29.828  258.01  259.61  259.09
  68    75.059 55329.76766135 29.99  55.106601  65.905234   -100  258.01  259.61  259.09
  68    74.921 55329.76766194 20.90  55.112961  65.904863 27.906  258.01  259.61  259.09
  69    76.045 55339.68330478 10.75  55.096341  65.907259 15.590  253.56  252.32  254.43
  69    77.274 55339.68330537  3.34  55.102702  65.906888  6.621  253.56  252.32  254.43
  69    76.189 55339.68330596 10.21  55.109062  65.906517  9.223  253.56  252.32  254.43
  69    78.152 55339.68330655 17.63  55.115423  65.906146  8.388  253.56  252.32  254.43
  70    68.374 55349.59894928  2.53  55.100757  65.908456  5.859 -100.00 -100.00 -100.00
  70    66.147 55349.59894987  1.35  55.107118  65.908085  3.864 -100.00 -100.00 -100.00
  70    82.732 55349.59895046  1.24  55.113479  65.907714  2.428 -100.00 -100.00 -100.00
  71    67.699 55359.51459147  6.68  55.101864  65.909170  5.370  265.10  263.49  264.14
  71    79.369 55359.51459206  5.44  55.108226  65.908799  3.225  265.10  263.49  264.14
  71    82.325 55359.51459265  4.96  55.114587  65.908428  2.931  265.10  263.49  264.14
  72    83.203 55369.43023127  2.66  55.100088  65.909358  4.246 -100.00 -100.00 -100.00
  72    80.714 55369.43023186  0.67  55.106450  65.908987  2.510 -100.00 -100.00 -100.00
  72    78.075 55369.43023245  0.39  55.112811  65.908616  2.675 -100.00 -100.00 -100.00
  72    73.723 55369.43023304  9.48  55.119173  65.908245  7.388 -100.00 -100.00 -100.00
  73    75.484 55379.34586976 18.63  55.100087  65.909466  8.309 -100.00 -100.00 -100.00
  73    68.575 55379.34587035 23.05  55.106448  65.909095 16.750 -100.00 -100.00 -100.00
  73    68.144 55379.34587094 15.67  55.112810  65.908724 31.475 -100.00 -100.00 -100.00
  73    69.956 55379.34587153 16.19  55.119172  65.908353   -100 -100.00 -100.00 -100.00
  74    76.763 55389.26150754  9.12  55.100155  65.909944 11.648 -100.00 -100.00 -100.00
  74    63.464 55389.26150813  0.18  55.106517  65.909573  6.214 -100.00 -100.00 -100.00
  74    71.548 55389.26150931 11.68  55.119240  65.908831 19.581 -100.00 -100.00 -100.00
  75    76.635 55399.17714409 20.59  55.097698  65.910405  8.926  275.22  274.25  273.79
  75    71.650 55399.17714468 23.05  55.104060  65.910035 12.035  275.22  274.25  273.79
  75    66.381 55399.17714527 27.99  55.110422  65.909664 19.166  275.22  274.25  273.79
  75    67.967 55399.17714586 15.14  55.116784  65.909293   -100  275.22  274.25  273.79
  76    75.320 55409.09279060  8.08  55.099988  65.909483 17.946  276.43  276.55  274.96
  76    88.189 55409.09279119  0.61  55.106349  65.909113  8.348  276.43  276.55  274.96
  76    67.481 55409.09279178  1.10  55.112711  65.908742  5.776  276.43  276.55  274.96
  76    72.173 55409.09279237 13.80  55.119072  65.908371  7.946  276.43  276.55  274.96
  77    75.251 55419.00844096  6.84  55.096036  65.907874 12.903 -100.00 -100.00 -100.00
  77    61.287 55419.00844155  4.33  55.102397  65.907504  8.767 -100.00 -100.00 -100.00
  77    65.709 55419.00844214  4.27  55.108758  65.907133  8.362 -100.00 -100.00 -100.00
  77    70.608 55419.00844273 16.84  55.115118  65.906762 12.905 -100.00 -100.00 -100.00
  78    94.431 55428.92408800  2.63  55.092836  65.906380  8.421 -100.00 -100.00 -100.00
  78    66.414 55428.92408859  2.28  55.099196  65.906009  5.778 -100.00 -100.00 -100.00
  78    67.762 55428.92408918  1.89  55.105557  65.905639  6.104 -100.00 -100.00 -100.00
  78    69.773 55428.92408977 13.54  55.111917  65.905268 20.364 -100.00 -100.00 -100.00
  79    68.399 55438.83973282  2.90  55.094631  65.905910  4.597  262.26  260.86  260.63
  79    63.096 55438.83973341  2.28  55.100991  65.905540  2.908  262.26  260.86  260.63
  79    81.947 55438.83973400  4.03  55.107352  65.905169  4.712  262.26  260.86  260.63
  79    81.702 55438.83973459 11.18  55.113712  65.904798  8.034  262.26  260.86  260.63
  80    60.982 55448.75537599  4.50  55.094363  65.906685  4.821 -100.00 -100.00 -100.00
  80    66.685 55448.75537658  4.04  55.100724  65.906315  3.825 -100.00 -100.00 -100.00
  80    82.124 55448.75537717  4.37  55.107085  65.905944  4.238 -100.00 -100.00 -100.00
  80    81.070 55448.75537776  3.97  55.113445  65.905573  3.507 -100.00 -100.00 -100.00
  81    68.170 55458.67101912 19.38  55.097068  65.907218 30.287  264.32  263.96  264.36
  81    68.148 55458.67101971 22.29  55.103429  65.906847   -100  264.32  263.96  264.36
  81    68.458 55458.67102030 26.74  55.109790  65.906476 27.435  264.32  263.96  264.36
  81    70.804 55458.67102089 25.37  55.116150  65.906105 15.865  264.32  263.96  264.36
  82    61.376 55468.58666116  7.65  55.095955  65.907281  7.178 -100.00 -100.00 -100.00
  82    61.107 55468.58666175  7.30  55.102316  65.906910  8.629 -100.00 -100.00 -100.00
  82    61.461 55468.58666234  7.28  55.108677  65.906539  5.915 -100.00 -100.00 -100.00
  82    62.226 55468.58666293  6.87  55.115038  65.906168  5.025 -100.00 -100.00 -100.00
  83    59.706 55478.50229974  5.17  55.092289  65.906738  6.461  265.25  264.38  265.29
  83    60.647 55478.50230033  4.40  55.098651  65.906368  6.127  265.25  264.38  265.29
  83    64.263 55478.50230092  3.11  55.105012  65.905997  3.670  265.25  264.38  265.29
  83    61.518 55478.50230151  3.36  55.111373  65.905626  3.989  265.25  264.38  265.29
  84    60.162 55488.41793600  5.89  55.095849  65.905933  5.683 -100.00 -100.00 -100.00
  84    60.786 55488.41793659  4.77  55.102211  65.905563  3.880 -100.00 -100.00 -100.00
  84    64.236 55488.41793718  4.80  55.108572  65.905192  4.065 -100.00 -100.00 -100.00
  84    65.285 55488.41793777  4.45  55.114933  65.904821  3.643 -100.00 -100.00 -100.00
  85    68.219 55498.33356958  5.66  55.094995  65.906083  4.634 -100.00 -100.00 -100.00
  85    30.785 55498.33357017 13.35  55.101356  65.905712 16.225 -100.00 -100.00 -100.00
  85    29.230 55498.33357076 15.10  55.107718  65.905342 17.243 -100.00 -100.00 -100.00
  85    26.534 55498.33357135 17.43  55.114079  65.904971   -100 -100.00 -100.00 -100.00
  86    23.131 55508.24920843 45.49  55.098058  65.907043   -100 -100.00 -100.00 -100.00
  86    23.218 55508.24920902 45.77  55.104420  65.906672   -100 -100.00 -100.00 -100.00
  86    23.106 55508.24920961 47.62  55.110781  65.906302 20.301 -100.00 -100.00 -100.00
  87    27.436 55518.16485867 42.10  55.098083  65.908045   -100 -100.00 -100.00 -100.00
  87    23.360 55518.16485926 45.50  55.104445  65.907675   -100 -100.00 -100.00 -100.00
  87    23.383 55518.16485985 47.74  55.110807  65.907304 16.787 -100.00 -100.00 -100.00
  87    23.466 55518.16486044 45.73  55.117168  65.906932   -100 -100.00 -100.00 -100.00
  88    74.325 55528.08050786  9.23  55.096626  65.908926  7.506 -100.00 -100.00 -100.00
  88    72.538 55528.08050845  7.65  55.102988  65.908555  7.265 -100.00 -100.00 -100.00
  88    73.156 55528.08050904  6.12  55.109349  65.908184  7.167 -100.00 -100.00 -100.00
  88    75.578 55528.08050963  3.92  55.115711  65.907813  4.418 -100.00 -100.00 -100.00
  89    27.321 55537.99615554 27.90  55.099298  65.908969 12.443 -100.00 -100.00 -100.00
  89    28.465 55537.99615613 27.52  55.105660  65.908598 11.912 -100.00 -100.00 -100.00
  89    28.407 55537.99615672 26.22  55.112022  65.908227  9.443 -100.00 -100.00 -100.00
  89    27.846 55537.99615731 27.10  55.118383  65.907856 11.078 -100.00 -100.00 -100.00
  90    90.252 55547.91180093  0.83  55.101799  65.908906  2.349  248.83  243.76  238.06
  90    90.976 55547.91180152  0.90  55.108161  65.908535  2.589  248.83  243.76  238.06
  90    91.369 55547.91180211  0.94  55.114522  65.908164  2.886  248.83  243.76  238.06
  91    91.663 55557.82744495  0.04  55.108808  65.908900  2.236 -100.00 -100.00 -100.00
  91    91.288 55557.82744554  0.31  55.115170  65.908529  2.514 -100.00 -100.00 -100.00
  92    87.632 55567.74308647  1.22  55.098674  65.910161  2.949 -100.00 -100.00 -100.00
  92    76.461 55567.74308707  1.23  55.105036  65.909790  3.761 -100.00 -100.00 -100.00
  92    80.205 55567.74308766  1.07  55.111398  65.909419  3.091 -100.00 -100.00 -100.00
  92    75.492 55567.74308825  1.60  55.117760  65.909047  3.586 -100.00 -100.00 -100.00
  95    70.075 55597.49000387  1.39  55.093482  65.906917  4.145 -100.00 -100.00 -100.00
  95    69.139 55597.49000446  1.70  55.099844  65.906546  4.238 -100.00 -100.00 -100.00
  95    67.408 55597.49000505  1.23  55.106206  65.906176  3.753 -100.00 -100.00 -100.00
  95    66.475 55597.49000564  1.68  55.112567  65.905805  3.606 -100.00 -100.00 -100.00
  96    69.800 55607.40563776  3.24  55.094985  65.905827  3.535  248.88  240.88  224.08
  96    67.684 55607.40563835  3.58  55.101346  65.905457  4.615  248.88  240.88  224.08
  96    66.575 55607.40563894  2.59  55.107708  65.905086  2.959  248.88  240.88  224.08
  96    66.706 55607.40563953  2.74  55.114069  65.904715  3.144  248.88  240.88  224.08
  98    69.565 55627.23691451  0.70  55.099091  65.907603  3.344 -100.00 -100.00 -100.00
  98    67.591 55627.23691510  0.85  55.105453  65.907232  3.165 -100.00 -100.00 -100.00
  98    67.350 55627.23691569  0.95  55.111814  65.906861  4.162 -100.00 -100.00 -100.00
 100    69.884 55647.06821569  2.59  55.099148  65.907337  3.378  254.49  245.97  226.96
 100    67.064 55647.06821628  2.98  55.105509  65.906966  4.109  254.49  245.97  226.96
 100    67.136 55647.06821687  2.72  55.111870  65.906595  4.266  254.49  245.97  226.96
 101    75.654 55656.98386194  3.27  55.093577  65.906075  4.778 -100.00 -100.00 -100.00
 101    71.558 55656.98386253  7.39  55.099937  65.905704  8.206 -100.00 -100.00 -100.00
 101    67.396 55656.98386312 12.18  55.106298  65.905334 14.631 -100.00 -100.00 -100.00
 101    68.415 55656.98386371 13.05  55.112658  65.904963 17.457 -100.00 -100.00 -100.00
 102    29.521 55666.89950401 24.33  55.089760  65.905569 13.457  267.47  266.63  266.63
 102    28.634 55666.89950460 27.35  55.096120  65.905199 23.914  267.47  266.63  266.63
 102    27.354 55666.89950519 27.75  55.102480  65.904828 24.042  267.47  266.63  266.63
 102    28.691 55666.89950578 25.67  55.108840  65.904457 16.375  267.47  266.63  266.63
 103    29.199 55676.81514396 25.25  55.094419  65.906091 11.321 -100.00 -100.00 -100.00
 103    29.017 55676.81514455 25.71  55.100779  65.905720 12.638 -100.00 -100.00 -100.00
 103    28.426 55676.81514514 27.28  55.107140  65.905349 16.256 -100.00 -100.00 -100.00
 103    25.064 55676.81514573 30.20  55.113500  65.904978 24.918 -100.00 -100.00 -100.00
 104    77.400 55686.73078192 20.20  55.098196  65.907713 10.700 -100.00 -100.00 -100.00
 104    66.913 55686.73078251 19.11  55.104557  65.907342  9.704 -100.00 -100.00 -100.00
 104    66.793 55686.73078310 15.86  55.110918  65.906971  4.046 -100.00 -100.00 -100.00
 104    65.430 55686.73078369 17.57  55.117279  65.906600  7.966 -100.00 -100.00 -100.00
 105    73.488 55696.64641843 21.66  55.099186  65.909183 27.565 -100.00 -100.00 -100.00
 105    74.620 55696.64641902  5.38  55.105547  65.908813  4.645 -100.00 -100.00 -100.00
 105    74.321 55696.64641961  5.65  55.111908  65.908442  4.527 -100.00 -100.00 -100.00
 105    76.965 55696.64642020 12.71  55.118269  65.908071  7.512 -100.00 -100.00 -100.00
 106    74.101 55706.56205379 19.20  55.101141  65.909537  9.324  273.23  273.27  274.01
 106    73.322 55706.56205438 17.00  55.107502  65.909167 13.410  273.23  273.27  274.01
 106    90.825 55706.56205497  3.94  55.113864  65.908796  3.689  273.23  273.27  274.01
 107    77.434 55716.47770351  6.24  55.097645  65.909153  5.655 -100.00 -100.00 -100.00
 107    74.419 55716.47770411  0.65  55.104007  65.908783  5.172 -100.00 -100.00 -100.00
 107    77.095 55716.47770529  9.86  55.116730  65.908041  5.894 -100.00 -100.00 -100.00
 109    28.115 55736.30899908 44.08  55.097399  65.909600   -100 -100.00 -100.00 -100.00
 109    23.471 55736.30899967 35.30  55.103761  65.909230   -100 -100.00 -100.00 -100.00
 109    23.493 55736.30900026 34.63  55.110123  65.908859   -100 -100.00 -100.00 -100.00
 109    23.739 55736.30900085 42.43  55.116484  65.908487  7.784 -100.00 -100.00 -100.00
 110    29.009 55746.22464529 30.72  55.103521  65.910099 29.944  268.73  267.39  267.76
 110    28.474 55746.22464588 31.27  55.109883  65.909728 32.684  268.73  267.39  267.76
 110    23.455 55746.22464647 35.46  55.116245  65.909357   -100  268.73  267.39  267.76
 111    27.956 55756.14028850 44.79  55.097339  65.910214   -100  276.58  276.07  274.98
 111    28.677 55756.14028909 30.22  55.103701  65.909843 22.626  276.58  276.07  274.98
 111    22.157 55756.14028968 35.80  55.110062  65.909472   -100  276.58  276.07  274.98
 111    22.331 55756.14029027 36.65  55.116424  65.909101   -100  276.58  276.07  274.98
 112    21.807 55766.05592960 52.75  55.094640  65.908576  9.441 -100.00 -100.00 -100.00
 112    21.688 55766.05593019 50.94  55.101002  65.908206   -100 -100.00 -100.00 -100.00
 112    21.788 55766.05593078 47.62  55.107363  65.907835 10.396 -100.00 -100.00 -100.00
 112    21.769 55766.05593137 37.84  55.113724  65.907464   -100 -100.00 -100.00 -100.00
 113    22.026 55775.97156790 41.83  55.092962  65.906335   -100 -100.00 -100.00 -100.00
 113    27.594 55775.97156849 29.25  55.099322  65.905965 17.270 -100.00 -100.00 -100.00
 113    27.257 55775.97156908 31.97  55.105683  65.905594 30.918 -100.00 -100.00 -100.00
 113    21.698 55775.97156967 39.14  55.112043  65.905223   -100 -100.00 -100.00 -100.00
 114    28.815 55785.88720364 25.97  55.095355  65.905020 19.402  271.71  271.35  270.45
 114    27.044 55785.88720423 27.21  55.101715  65.904649 18.270  271.71  271.35  270.45
 114    22.198 55785.88720482 26.34  55.108075  65.904279 16.611  271.71  271.35  270.45
 114    21.978 55785.88720541 30.85  55.114435  65.903908 27.539  271.71  271.35  270.45
 115    27.584 55795.80283682 31.61  55.092144  65.906420   -100  268.58  267.12  267.07
 115    28.579 55795.80283741 28.87  55.098505  65.906050 24.653  268.58  267.12  267.07
 115    21.489 55795.80283800 31.03  55.104865  65.905679   -100  268.58  267.12  267.07
 115    21.488 55795.80283859 34.72  55.111226  65.905309   -100  268.58  267.12  267.07
 116    21.436 55805.71847702 48.76  55.095837  65.908157  6.601 -100.00 -100.00 -100.00
 116    21.466 55805.71847761 51.95  55.102198  65.907787   -100 -100.00 -100.00 -100.00
 116    21.774 55805.71847820 49.45  55.108559  65.907416   -100 -100.00 -100.00 -100.00
 116    21.499 55805.71847879 36.12  55.114920  65.907045   -100 -100.00 -100.00 -100.00
 117    27.836 55815.63412630 39.65  55.097440  65.908915   -100 -100.00 -100.00 -100.00
 117    28.655 55815.63412689 28.35  55.103802  65.908544 24.976 -100.00 -100.00 -100.00
 117    21.510 55815.63412748 31.04  55.110164  65.908174   -100 -100.00 -100.00 -100.00
 117    23.360 55815.63412807 33.03  55.116525  65.907803 25.804 -100.00 -100.00 -100.00
 118    27.832 55825.54977243 30.61  55.093862  65.907934   -100 -100.00 -100.00 -100.00
 118    27.626 55825.54977302 30.64  55.100224  65.907564   -100 -100.00 -100.00 -100.00
 118    21.278 55825.54977361 28.55  55.106586  65.907193 28.728 -100.00 -100.00 -100.00
 118    21.693 55825.54977420 28.81  55.112947  65.906822 26.360 -100.00 -100.00 -100.00
 119    29.017 55835.46541439 24.96  55.093575  65.906177  6.113 -100.00 -100.00 -100.00
 119    28.131 55835.46541498 27.31  55.099937  65.905806  9.370 -100.00 -100.00 -100.00
 119    22.036 55835.46541557 30.49  55.106298  65.905436 16.470 -100.00 -100.00 -100.00
 119    22.381 55835.46541616 34.47  55.112659  65.905065 21.798 -100.00 -100.00 -100.00
 120    29.048 55845.38105269 24.31  55.091709  65.905396 10.611 -100.00 -100.00 -100.00
 120    28.045 55845.38105328 26.86  55.098071  65.905026 15.474 -100.00 -100.00 -100.00
 120    22.689 55845.38105387 32.79  55.104432  65.904655 31.735 -100.00 -100.00 -100.00
 120    22.621 55845.38105446 34.68  55.110793  65.904284 28.050 -100.00 -100.00 -100.00
 121    29.295 55855.29668874 19.26  55.096079  65.906526  7.839  261.28  260.66  261.63
 121    29.010 55855.29668934 17.71  55.102441  65.906156  5.464  261.28  260.66  261.63
 121    28.905 55855.29668993 19.08  55.108802  65.905785  6.776  261.28  260.66  261.63
 121    27.216 55855.29669052 23.33  55.115164  65.905414 13.875  261.28  260.66  261.63
 122    27.656 55865.21232907 41.04  55.095034  65.908857   -100  254.32  251.14  249.21
 122    23.126 55865.21232966 42.29  55.101396  65.908487   -100  254.32  251.14  249.21
 122    23.189 55865.21233025 44.35  55.107758  65.908116   -100  254.32  251.14  249.21
 122    23.054 55865.21233085 46.77  55.114120  65.907745  4.302  254.32  251.14  249.21
 123    23.075 55875.12798273 37.43  55.102265  65.909888 25.169 -100.00 -100.00 -100.00
 123    22.649 55875.12798332 36.23  55.108627  65.909518   -100 -100.00 -100.00 -100.00
 123    22.840 55875.12798391 31.46  55.114989  65.909147 21.288 -100.00 -100.00 -100.00
 133    69.725 55974.28441631  0.97  55.095842  65.905693  3.550 -100.00 -100.00 -100.00
 133    68.672 55974.28441690  1.13  55.102204  65.905322  3.526 -100.00 -100.00 -100.00
 133    67.278 55974.28441749  0.68  55.108565  65.904951  3.119 -100.00 -100.00 -100.00
 133    66.956 55974.28441808  1.10  55.114926  65.904580  3.365 -100.00 -100.00 -100.00
 134    70.376 55984.20005252  3.99  55.096345  65.908123  3.752 -100.00 -100.00 -100.00
 134    67.864 55984.20005311  3.92  55.102707  65.907752  4.103 -100.00 -100.00 -100.00
 134    66.700 55984.20005371  3.97  55.109069  65.907382  3.668 -100.00 -100.00 -100.00
 134    66.256 55984.20005430  4.23  55.115430  65.907010  3.720 -100.00 -100.00 -100.00
 135    69.279 55994.11568678  2.91  55.099938  65.909302  3.437 -100.00 -100.00 -100.00
 135    67.620 55994.11568737  2.63  55.106300  65.908931  3.537 -100.00 -100.00 -100.00
 135    65.931 55994.11568796  3.05  55.112661  65.908561  3.467 -100.00 -100.00 -100.00
 135    66.625 55994.11568855  2.46  55.119023  65.908190  2.961 -100.00 -100.00 -100.00
 136    68.946 56004.03133775  4.73  55.099160  65.908117  3.889 -100.00 -100.00 -100.00
 136    67.566 56004.03133834  4.62  55.105521  65.907747  3.613 -100.00 -100.00 -100.00
 136    66.230 56004.03133893  4.44  55.111882  65.907376  3.216 -100.00 -100.00 -100.00
 137    69.781 56013.94698627  4.45  55.095263  65.905936  4.716 -100.00 -100.00 -100.00
 137    68.215 56013.94698686  4.12  55.101623  65.905566  4.509 -100.00 -100.00 -100.00
 137    66.991 56013.94698745  4.27  55.107984  65.905195  3.652 -100.00 -100.00 -100.00
 137    66.409 56013.94698804  4.35  55.114344  65.904824  4.083 -100.00 -100.00 -100.00
 139    63.631 56033.77827527  0.32  55.097219  65.906231  6.430 -100.00 -100.00 -100.00
 139    56.024 56033.77827586  2.99  55.103579  65.905860  8.162 -100.00 -100.00 -100.00
 139    29.710 56033.77827645  4.80  55.109939  65.905489  8.075 -100.00 -100.00 -100.00
 141    26.352 56053.60955523 39.26  55.102824  65.910470   -100  262.56  259.97  254.42
 141    26.305 56053.60955582 38.97  55.109186  65.910099   -100  262.56  259.97  254.42
 141    26.692 56053.60955642 42.84  55.115548  65.909728   -100  262.56  259.97  254.42
 142    78.259 56063.52518996 23.40  55.098950  65.910775  9.648 -100.00 -100.00 -100.00
 142    75.379 56063.52519055 21.51  55.105313  65.910404 21.142 -100.00 -100.00 -100.00
 142    74.930 56063.52519114 10.80  55.111675  65.910033  6.077 -100.00 -100.00 -100.00
 142    75.583 56063.52519173  9.68  55.118036  65.909662  3.861 -100.00 -100.00 -100.00
 143    67.607 56073.44083243  4.79  55.102059  65.909329  4.233  264.73  264.15  265.21
 143    76.571 56073.44083302  3.85  55.108420  65.908959  3.127  264.73  264.15  265.21
 143    80.365 56073.44083361  5.74  55.114782  65.908588  3.520  264.73  264.15  265.21
 144    73.186 56083.35648208  8.43  55.098529  65.908683  7.306  269.78  269.05  269.64
 144    70.814 56083.35648267  9.45  55.104891  65.908312 13.419  269.78  269.05  269.64
 144    72.809 56083.35648326 23.05  55.111252  65.907941 14.510  269.78  269.05  269.64
 144    75.881 56083.35648385 19.24  55.117613  65.907570  6.188  269.78  269.05  269.64
 145    79.086 56093.27212963  9.59  55.098463  65.908932 10.050  273.99  274.13  273.19
 145    64.122 56093.27213022  1.19  55.104825  65.908561  5.570  273.99  274.13  273.19
 145    64.995 56093.27213081  0.94  55.111187  65.908190  4.819  273.99  274.13  273.19
 145    77.104 56093.27213140  1.41  55.117548  65.907819  4.748  273.99  274.13  273.19
 146    73.935 56103.18777483 23.49  55.097015  65.909857  8.131  268.08  267.04  267.87
 146    66.419 56103.18777542 25.67  55.103377  65.909487 16.522  268.08  267.04  267.87
 146    67.426 56103.18777601 19.07  55.109739  65.909116  7.212  268.08  267.04  267.87
 146    68.983 56103.18777660  4.26  55.116100  65.908745 21.333  268.08  267.04  267.87
 147    79.443 56113.10340622  0.91  55.102100  65.909304  4.900  269.46  268.99  269.15
 147    74.456 56113.10340681  1.05  55.108461  65.908933  5.333  269.46  268.99  269.15
 147    75.861 56113.10340740 11.10  55.114822  65.908562  9.332  269.46  268.99  269.15
 148    76.280 56123.01904474  3.45  55.098924  65.908149  8.908 -100.00 -100.00 -100.00
 148    61.542 56123.01904533  1.52  55.105285  65.907779  5.981 -100.00 -100.00 -100.00
 148    67.450 56123.01904592  3.03  55.111646  65.907408  6.344 -100.00 -100.00 -100.00
 149    75.981 56132.93467933 22.36  55.095277  65.906379 11.057 -100.00 -100.00 -100.00
 149    68.458 56132.93467992 19.75  55.101638  65.906008 32.683 -100.00 -100.00 -100.00
 149    84.162 56132.93468051  6.09  55.107998  65.905638  8.000 -100.00 -100.00 -100.00
 149    68.848 56132.93468110  8.12  55.114358  65.905267  9.884 -100.00 -100.00 -100.00
 150    69.210 56142.85031664  2.53  55.090712  65.905708  8.590  268.07  267.28  267.05
 150    68.703 56142.85031723  0.54  55.097072  65.905338  4.875  268.07  267.28  267.05
 150    78.842 56142.85031782  0.99  55.103432  65.904967  3.644  268.07  267.28  267.05
 150    76.531 56142.85031841  5.24  55.109792  65.904597  7.141  268.07  267.28  267.05
 151    22.718 56152.76596780 45.24  55.096353  65.906013 22.928 -100.00 -100.00 -100.00
 151    22.757 56152.76596839 35.40  55.102714  65.905642   -100 -100.00 -100.00 -100.00
 151    22.718 56152.76596898 36.37  55.109074  65.905271   -100 -100.00 -100.00 -100.00
 151    22.760 56152.76596957 39.33  55.115434  65.904900   -100 -100.00 -100.00 -100.00
 152    27.871 56162.68161676 39.35  55.095126  65.907809 31.352 -100.00 -100.00 -100.00
 152    22.591 56162.68161735 40.62  55.101488  65.907439   -100 -100.00 -100.00 -100.00
 152    22.354 56162.68161794 41.15  55.107849  65.907068   -100 -100.00 -100.00 -100.00
 152    22.491 56162.68161853 42.70  55.114209  65.906697   -100 -100.00 -100.00 -100.00
 153    21.783 56172.59726437 48.33  55.100490  65.908579   -100  267.14  265.81  266.39
 153    21.904 56172.59726496 41.90  55.106852  65.908208 17.002  267.14  265.81  266.39
 153    21.841 56172.59726555 36.93  55.113213  65.907837   -100  267.14  265.81  266.39
 154    69.451 56182.51290634 26.61  55.096750  65.908226 16.118 -100.00 -100.00 -100.00
 154    63.837 56182.51290693 19.43  55.103112  65.907855   -100 -100.00 -100.00 -100.00
 154    65.764 56182.51290752  5.80  55.109473  65.907485 12.190 -100.00 -100.00 -100.00
 154    69.343 56182.51290811  4.63  55.115835  65.907114  7.191 -100.00 -100.00 -100.00
 155    60.672 56192.42854459  5.79  55.093000  65.906877  7.154  269.35  268.35  269.12
 155    61.898 56192.42854518  4.44  55.099362  65.906507  4.773  269.35  268.35  269.12
 155    72.396 56192.42854577  3.61  55.105724  65.906136  4.557  269.35  268.35  269.12
 155    80.445 56192.42854636  3.42  55.112085  65.905765  3.264  269.35  268.35  269.12
 156    70.732 56202.34418026 17.24  55.090688  65.906161  8.293 -100.00 -100.00 -100.00
 156    70.170 56202.34418085 23.56  55.097050  65.905790 12.535 -100.00 -100.00 -100.00
 156    68.551 56202.34418144 27.27  55.103411  65.905420 30.378 -100.00 -100.00 -100.00
 156    70.081 56202.34418203  9.56  55.109772  65.905049 14.841 -100.00 -100.00 -100.00
 157    60.876 56212.25981457  6.23  55.094308  65.907232  6.043 -100.00 -100.00 -100.00
 157    61.212 56212.25981516  5.05  55.100669  65.906861  4.950 -100.00 -100.00 -100.00
 157    61.459 56212.25981575  5.15  55.107031  65.906491  5.184 -100.00 -100.00 -100.00
 157    74.848 56212.25981634 13.83  55.113393  65.906120 12.899 -100.00 -100.00 -100.00
 158    75.346 56222.17544698 20.23  55.098534  65.909555 13.449 -100.00 -100.00 -100.00
 158    64.741 56222.17544757  7.11  55.104896  65.909185  7.674 -100.00 -100.00 -100.00
 158    65.025 56222.17544816 25.84  55.111259  65.908814   -100 -100.00 -100.00 -100.00
 158    70.257 56222.17544875  6.09  55.117621  65.908443  5.307 -100.00 -100.00 -100.00
 159    22.713 56232.09110207 42.45  55.102068  65.910973   -100 -100.00 -100.00 -100.00
 159    22.967 56232.09110266 44.86  55.108430  65.910603   -100 -100.00 -100.00 -100.00
 159    22.788 56232.09110325 43.69  55.114792  65.910232   -100 -100.00 -100.00 -100.00
 161    67.766 56251.92240277 10.24  55.101177  65.909720  9.418 -100.00 -100.00 -100.00
 161    63.928 56251.92240337 11.74  55.107539  65.909350 13.963 -100.00 -100.00 -100.00
 161    65.868 56251.92240396 11.52  55.113900  65.908979 19.585 -100.00 -100.00 -100.00
 162    22.883 56261.83804630 32.29  55.100449  65.908742 30.628  239.84  234.93  227.79
 162    22.998 56261.83804689 32.68  55.106810  65.908371   -100  239.84  234.93  227.79
 162    22.951 56261.83804748 28.06  55.113172  65.908000 18.900  239.84  234.93  227.79
 163    22.507 56271.75368730 30.85  55.095848  65.908982   -100 -100.00 -100.00 -100.00
 163    22.792 56271.75368790 31.05  55.102210  65.908611 28.705 -100.00 -100.00 -100.00
 163    22.746 56271.75368849 30.01  55.108571  65.908241 29.420 -100.00 -100.00 -100.00
 163    22.425 56271.75368908 29.04  55.114933  65.907869 29.485 -100.00 -100.00 -100.00
 164    22.662 56281.66932863 25.17  55.097514  65.909264 16.064  242.68  236.95  225.89
 164    23.034 56281.66932922 26.60  55.103876  65.908893 19.158  242.68  236.95  225.89
 164    22.761 56281.66932981 28.13  55.110237  65.908522 24.192  242.68  236.95  225.89
 164    22.902 56281.66933040 25.16  55.116599  65.908151 16.359  242.68  236.95  225.89
 165    27.976 56291.58498080 20.08  55.097959  65.909006  7.719  248.26  243.29  230.24
 165    27.756 56291.58498140 19.23  55.104321  65.908635  6.588  248.26  243.29  230.24
 165    26.828 56291.58498199 20.88  55.110683  65.908264  8.583  248.26  243.29  230.24
 165    26.391 56291.58498258 20.58  55.117044  65.907893  8.525  248.26  243.29  230.24
 166    27.992 56301.50062824 19.73  55.095238  65.907793  7.083  245.86  238.76  221.74
 166    27.972 56301.50062883 18.94  55.101600  65.907422  5.519  245.86  238.76  221.74
 166    27.577 56301.50062943 19.39  55.107962  65.907051  6.768  245.86  238.76  221.74
 166    27.403 56301.50063002 19.38  55.114323  65.906680  5.564  245.86  238.76  221.74
 167    28.020 56311.41627161 18.63  55.093584  65.906198  5.646  247.85  240.89  223.84
 167    27.754 56311.41627220 19.00  55.099946  65.905828  5.178  247.85  240.89  223.84
 167    27.468 56311.41627279 18.44  55.106307  65.905457  4.712  247.85  240.89  223.84
 167    27.247 56311.41627338 18.83  55.112669  65.905085  5.994  247.85  240.89  223.84
 168    28.135 56321.33191298 18.77  55.094429  65.905513  5.319  247.50  239.10  219.66
 168    27.943 56321.33191357 18.40  55.100790  65.905142  5.536  247.50  239.10  219.66
 168    27.646 56321.33191416 18.94  55.107152  65.904771  6.631  247.50  239.10  219.66
 168    27.222 56321.33191476 19.61  55.113513  65.904400  7.932  247.50  239.10  219.66
 169    27.986 56331.24755347 19.61  55.092546  65.906589  8.203 -100.00 -100.00 -100.00
 169    27.802 56331.24755406 18.76  55.098907  65.906218  6.266 -100.00 -100.00 -100.00
 169    27.477 56331.24755465 18.88  55.105268  65.905848  5.795 -100.00 -100.00 -100.00
 169    27.253 56331.24755524 19.11  55.111630  65.905476  7.140 -100.00 -100.00 -100.00
 170    66.350 56341.16319424  3.81  55.099238  65.907688  4.106 -100.00 -100.00 -100.00
 170    66.345 56341.16319483  3.88  55.105600  65.907317  4.144 -100.00 -100.00 -100.00
 170    66.027 56341.16319542  4.29  55.111961  65.906946  4.131 -100.00 -100.00 -100.00
 171    69.482 56351.07883197  2.72  55.097413  65.908672  3.848 -100.00 -100.00 -100.00
 171    68.171 56351.07883256  2.44  55.103774  65.908301  3.008 -100.00 -100.00 -100.00
 171    67.434 56351.07883315  2.70  55.110136  65.907930  3.169 -100.00 -100.00 -100.00
 171    66.983 56351.07883374  2.85  55.116497  65.907559  3.150 -100.00 -100.00 -100.00
 172    68.837 56360.99447088  3.33  55.097894  65.908052  4.895  243.90  232.63  210.43
 172    67.182 56360.99447147  2.97  55.104256  65.907681  3.975  243.90  232.63  210.43
 172    66.450 56360.99447206  2.98  55.110617  65.907311  3.541  243.90  232.63  210.43
 172    66.751 56360.99447265  2.73  55.116978  65.906940  3.549  243.90  232.63  210.43
 173    69.738 56370.91012057  2.51  55.097815  65.906775  3.332 -100.00 -100.00 -100.00
 173    67.121 56370.91012116  2.66  55.104175  65.906404  3.440 -100.00 -100.00 -100.00
 173    66.734 56370.91012176  3.14  55.110536  65.906034  3.533 -100.00 -100.00 -100.00
 174    69.489 56380.82576737  3.62  55.095469  65.906624  4.458 -100.00 -100.00 -100.00
 174    67.629 56380.82576796  3.34  55.101829  65.906253  3.332 -100.00 -100.00 -100.00
 174    66.839 56380.82576855  3.79  55.108190  65.905882  3.745 -100.00 -100.00 -100.00
 174    66.396 56380.82576914  4.24  55.114550  65.905511  3.813 -100.00 -100.00 -100.00
 175    69.451 56390.74141233  3.03  55.097744  65.907829  2.859 -100.00 -100.00 -100.00
 175    67.371 56390.74141292  3.25  55.104105  65.907458  3.396 -100.00 -100.00 -100.00
 175    66.632 56390.74141351  3.31  55.110465  65.907087  3.106 -100.00 -100.00 -100.00
 175    66.855 56390.74141410  3.62  55.116826  65.906716  2.868 -100.00 -100.00 -100.00
 176    27.608 56400.65705572 27.65  55.101250  65.909389 32.578 -100.00 -100.00 -100.00
 176    27.465 56400.65705631 24.70  55.107611  65.909018 22.472 -100.00 -100.00 -100.00
 176    27.173 56400.65705690 24.37  55.113973  65.908647 21.731 -100.00 -100.00 -100.00
 177    62.233 56410.57269585 12.14  55.098350  65.910658  6.474 -100.00 -100.00 -100.00
 177    63.215 56410.57269644 11.87  55.104712  65.910288  5.713 -100.00 -100.00 -100.00
 177    62.980 56410.57269703 12.88  55.111074  65.909917  8.344 -100.00 -100.00 -100.00
 177    64.273 56410.57269762 10.18  55.117435  65.909546  4.744 -100.00 -100.00 -100.00
 178    69.629 56420.48833162 16.17  55.100045  65.910553  4.714 -100.00 -100.00 -100.00
 178    68.043 56420.48833221 16.11  55.106407  65.910182  4.390 -100.00 -100.00 -100.00
 178    66.574 56420.48833280 15.26  55.112769  65.909811  3.888 -100.00 -100.00 -100.00
 178    65.462 56420.48833339 15.41  55.119131  65.909440  3.782 -100.00 -100.00 -100.00
 179    67.275 56430.40396909  5.79  55.103065  65.909799  3.492 -100.00 -100.00 -100.00
 179    63.703 56430.40396968  6.84  55.109427  65.909429  4.811 -100.00 -100.00 -100.00
 179    64.634 56430.40397027  5.82  55.115789  65.909058  3.509 -100.00 -100.00 -100.00
 180    74.688 56440.31962208 24.55  55.101505  65.909231 11.137 -100.00 -100.00 -100.00
 180    72.799 56440.31962267 30.76  55.107867  65.908860   -100 -100.00 -100.00 -100.00
 180    72.756 56440.31962326 22.40  55.114228  65.908489  3.281 -100.00 -100.00 -100.00
 181    77.409 56450.23527249  9.97  55.098643  65.909088  8.953 -100.00 -100.00 -100.00
 181    76.316 56450.23527426  5.29  55.117728  65.907975  7.490 -100.00 -100.00 -100.00
 182    75.368 56460.15092065 17.46  55.095669  65.908927  9.606 -100.00 -100.00 -100.00
 182    74.815 56460.15092124 22.81  55.102030  65.908556 12.978 -100.00 -100.00 -100.00
 182    73.935 56460.15092183 27.76  55.108392  65.908185 24.316 -100.00 -100.00 -100.00
 182    73.542 56460.15092242 23.58  55.114753  65.907814   -100 -100.00 -100.00 -100.00
 184    23.022 56479.98220704 50.20  55.094567  65.907093   -100 -100.00 -100.00 -100.00
 184    22.710 56479.98220763 51.31  55.100927  65.906722 24.000 -100.00 -100.00 -100.00
 184    22.738 56479.98220822 55.24  55.107288  65.906351 28.748 -100.00 -100.00 -100.00
 184    22.591 56479.98220881 50.03  55.113648  65.905980   -100 -100.00 -100.00 -100.00
 185    21.725 56489.89784415 50.35  55.091807  65.906686 25.270  272.50  272.26  270.58
 185    21.881 56489.89784474 51.24  55.098168  65.906315 17.366  272.50  272.26  270.58
 185    21.759 56489.89784533 53.34  55.104528  65.905945   -100  272.50  272.26  270.58
 185    21.930 56489.89784592 40.72  55.110888  65.905574   -100  272.50  272.26  270.58
 187    21.158 56509.72911273 50.37  55.095028  65.907694 23.700  271.92  271.00  269.99
 187    21.260 56509.72911332 52.03  55.101389  65.907323  2.694  271.92  271.00  269.99
 187    21.024 56509.72911391 54.33  55.107750  65.906953   -100  271.92  271.00  269.99
 187    21.197 56509.72911450 37.12  55.114111  65.906582   -100  271.92  271.00  269.99
 188    27.799 56519.64475511 28.93  55.100232  65.908078 24.675  275.49  275.81  275.69
 188    28.363 56519.64475570 29.15  55.106593  65.907707 29.659  275.49  275.81  275.69
 188    21.430 56519.64475629 32.85  55.112954  65.907337   -100  275.49  275.81  275.69
 189    27.704 56529.56040826 38.61  55.094892  65.908312   -100 -100.00 -100.00 -100.00
 189    28.710 56529.56040885 27.42  55.101254  65.907942 17.248 -100.00 -100.00 -100.00
 189    28.369 56529.56040944 29.93  55.107615  65.907571 29.992 -100.00 -100.00 -100.00
 189    21.043 56529.56041003 35.22  55.113977  65.907200   -100 -100.00 -100.00 -100.00
 190    64.580 56539.47605794 26.97  55.095627  65.907850   -100 -100.00 -100.00 -100.00
 190    64.713 56539.47605853 11.65  55.101989  65.907480   -100 -100.00 -100.00 -100.00
 190    75.771 56539.47605912  0.49  55.108351  65.907109  8.533 -100.00 -100.00 -100.00
 190    68.509 56539.47605971 11.38  55.114712  65.906738 20.923 -100.00 -100.00 -100.00
 191    22.099 56549.39170332 45.94  55.095850  65.907403   -100  270.67  269.29  269.63
 191    21.916 56549.39170391 36.58  55.102211  65.907033   -100  270.67  269.29  269.63
 191    21.603 56549.39170450 36.46  55.108573  65.906662   -100  270.67  269.29  269.63
 191    21.745 56549.39170509 40.41  55.114935  65.906291   -100  270.67  269.29  269.63
 192    82.827 56559.30734671  7.14  55.100406  65.907589  7.664 -100.00 -100.00 -100.00
 192    78.808 56559.30734730  2.84  55.106768  65.907218  4.321 -100.00 -100.00 -100.00
 192    70.378 56559.30734789 11.05  55.113130  65.906847 14.080 -100.00 -100.00 -100.00
 193    78.899 56569.22298930  1.95  55.106565  65.908403  4.895  261.29  261.58  262.99
 193    71.863 56569.22298989  8.02  55.112927  65.908032  8.459  261.29  261.58  262.99
 194    72.342 56579.13862975 20.61  55.103756  65.910026 10.740 -100.00 -100.00 -100.00
 194    68.359 56579.13863034  5.79  55.110119  65.909655  9.674 -100.00 -100.00 -100.00
 194    68.435 56579.13863093  7.47  55.116481  65.909284 13.880 -100.00 -100.00 -100.00
 195    69.566 56589.05426620 15.06  55.098847  65.910890 10.371 -100.00 -100.00 -100.00
 195    70.211 56589.05426679 16.16  55.105209  65.910520  9.499 -100.00 -100.00 -100.00
 195    64.731 56589.05426738 15.08  55.111571  65.910149 31.482 -100.00 -100.00 -100.00
 195    86.800 56589.05426797  1.53  55.117933  65.909778 32.000 -100.00 -100.00 -100.00
 196    96.620 56598.96991045 12.62  55.098480  65.910404  6.872 -100.00 -100.00 -100.00
 196    66.450 56598.96991104 15.29  55.104842  65.910034 11.390 -100.00 -100.00 -100.00
 196    61.363 56598.96991163 10.47  55.111204  65.909663 17.963 -100.00 -100.00 -100.00
 197    25.530 56608.88556165 42.09  55.101056  65.909288 25.940 -100.00 -100.00 -100.00
 197    25.117 56608.88556224 43.16  55.107418  65.908917   -100 -100.00 -100.00 -100.00
 197    25.403 56608.88556283 36.73  55.113779  65.908546 25.180 -100.00 -100.00 -100.00
 198    71.664 56618.80120721 18.58  55.096263  65.909483 12.505 -100.00 -100.00 -100.00
 198    71.657 56618.80120780 21.82  55.102624  65.909113 12.979 -100.00 -100.00 -100.00
 198    70.717 56618.80120839 26.08  55.108986  65.908742 25.773 -100.00 -100.00 -100.00
 198    90.947 56618.80120899  3.50  55.115347  65.908370 19.200 -100.00 -100.00 -100.00
 199    23.023 56628.71685026 39.03  55.099471  65.909483   -100 -100.00 -100.00 -100.00
 199    22.952 56628.71685085 40.70  55.105833  65.909112   -100 -100.00 -100.00 -100.00
 199    22.801 56628.71685144 39.87  55.112195  65.908741   -100 -100.00 -100.00 -100.00
 199    22.734 56628.71685203 34.39  55.118556  65.908370   -100 -100.00 -100.00 -100.00
 200    23.830 56638.63249010 25.63  55.100570  65.909097 14.624  253.80  249.81  241.56
 200    26.756 56638.63249070 23.30  55.106932  65.908726 10.614  253.80  249.81  241.56
 200    28.225 56638.63249129 22.32  55.113294  65.908355 10.104  253.80  249.81  241.56
 201    28.803 56648.54813394 18.14  55.098939  65.907821  5.341 -100.00 -100.00 -100.00
 201    28.687 56648.54813453 18.86  55.105300  65.907450  6.439 -100.00 -100.00 -100.00
 201    28.249 56648.54813512 18.37  55.111662  65.907079  5.270 -100.00 -100.00 -100.00
 202    70.504 56658.46378533  0.15  55.096999  65.906273  3.213  235.39  225.61  211.88
 202    68.908 56658.46378592  0.01  55.103361  65.905902  3.435  235.39  225.61  211.88
 203    69.414 56668.37943259  1.85  55.095291  65.905848  3.257 -100.00 -100.00 -100.00
 203    67.120 56668.37943318  2.44  55.101653  65.905478  4.671 -100.00 -100.00 -100.00
 203    67.172 56668.37943377  1.86  55.108014  65.905107  3.149 -100.00 -100.00 -100.00
 203    66.974 56668.37943436  1.84  55.114376  65.904735  2.931 -100.00 -100.00 -100.00
 205    69.488 56688.21072137  3.29  55.098496  65.908221  4.046 -100.00 -100.00 -100.00
 205    66.781 56688.21072196  3.07  55.104858  65.907850  3.498 -100.00 -100.00 -100.00
 205    66.701 56688.21072255  2.92  55.111219  65.907479  3.334 -100.00 -100.00 -100.00
 205    66.275 56688.21072314  2.90  55.117581  65.907108  2.980 -100.00 -100.00 -100.00
 206    67.768 56698.12636276  1.25  55.100051  65.908503  3.676 -100.00 -100.00 -100.00
 206    67.507 56698.12636335  0.88  55.106412  65.908132  2.589 -100.00 -100.00 -100.00
 206    66.756 56698.12636394  0.87  55.112774  65.907761  2.500 -100.00 -100.00 -100.00
 207    70.725 56708.04199887  2.54  55.093988  65.908160  3.374 -100.00 -100.00 -100.00
 207    68.962 56708.04199946  2.84  55.100350  65.907790  3.521 -100.00 -100.00 -100.00
 207    67.642 56708.04200005  2.49  55.106711  65.907419  3.176 -100.00 -100.00 -100.00
 207    66.293 56708.04200064  2.84  55.113072  65.907048  3.596 -100.00 -100.00 -100.00
 208    69.474 56717.95763638  5.24  55.095361  65.907279  3.717 -100.00 -100.00 -100.00
 208    68.373 56717.95763697  4.94  55.101722  65.906909  3.013 -100.00 -100.00 -100.00
 208    66.796 56717.95763756  4.83  55.108083  65.906538  3.341 -100.00 -100.00 -100.00
 208    66.134 56717.95763815  5.20  55.114444  65.906167  3.351 -100.00 -100.00 -100.00
 211    69.297 56747.70458361  4.14  55.103773  65.910048  3.009 -100.00 -100.00 -100.00
 211    68.053 56747.70458420  4.19  55.110134  65.909677  2.509 -100.00 -100.00 -100.00
 211    67.165 56747.70458479  4.32  55.116495  65.909306  2.800 -100.00 -100.00 -100.00
 212    70.288 56757.62022388  4.56  55.100369  65.910941  3.294 -100.00 -100.00 -100.00
 212    68.088 56757.62022447  4.72  55.106732  65.910570  3.077 -100.00 -100.00 -100.00
 212    67.490 56757.62022506  4.71  55.113093  65.910198  2.939 -100.00 -100.00 -100.00
 212    66.433 56757.62022565  4.85  55.119455  65.909827  2.841 -100.00 -100.00 -100.00
 213    22.215 56767.53585843 36.31  55.098862  65.910590   -100  265.69  264.85  265.49
 213    22.080 56767.53585902 38.12  55.105224  65.910219   -100  265.69  264.85  265.49
 213    22.019 56767.53585961 35.96  55.111586  65.909848   -100  265.69  264.85  265.49
 213    23.178 56767.53586020 35.82  55.117948  65.909477   -100  265.69  264.85  265.49
 214    77.180 56777.45150302  0.80  55.098094  65.909474  2.681 -100.00 -100.00 -100.00
 214    79.930 56777.45150361  0.93  55.104456  65.909104  2.630 -100.00 -100.00 -100.00
 214    73.869 56777.45150420  6.42  55.110818  65.908733  7.468 -100.00 -100.00 -100.00
 214    73.916 56777.45150479  9.46  55.117179  65.908362  8.542 -100.00 -100.00 -100.00
 215    24.423 56787.36715903 31.84  55.096269  65.909002 28.991 -100.00 -100.00 -100.00
 215    24.615 56787.36715962 35.08  55.102631  65.908631   -100 -100.00 -100.00 -100.00
 215    24.747 56787.36716021 35.01  55.108992  65.908260   -100 -100.00 -100.00 -100.00
 215    24.935 56787.36716080 38.09  55.115354  65.907889   -100 -100.00 -100.00 -100.00
 216    78.722 56797.28281165 13.93  55.096446  65.909213  4.431 -100.00 -100.00 -100.00
 216    68.852 56797.28281224 13.75  55.102808  65.908842  4.403 -100.00 -100.00 -100.00
 216    66.761 56797.28281283 13.31  55.109169  65.908471  4.278 -100.00 -100.00 -100.00
 216    65.738 56797.28281342 13.41  55.115531  65.908100  4.257 -100.00 -100.00 -100.00
 217    77.795 56807.19845924 26.04  55.098573  65.909496 12.533 -100.00 -100.00 -100.00
 217    77.046 56807.19845983 31.34  55.104935  65.909125 31.014 -100.00 -100.00 -100.00
 217    76.796 56807.19846042 19.49  55.111296  65.908753   -100 -100.00 -100.00 -100.00
 217    77.094 56807.19846101 23.11  55.117657  65.908382   -100 -100.00 -100.00 -100.00
 219    75.765 56827.02973833 21.72  55.098583  65.907346 10.806  260.97  260.67  261.41
 219    74.835 56827.02973892 24.50  55.104943  65.906975 19.622  260.97  260.67  261.41
 219    74.782 56827.02973951 13.70  55.111304  65.906604 11.815  260.97  260.67  261.41
 220    71.301 56836.94537225 26.98  55.092687  65.906205   -100 -100.00 -100.00 -100.00
 220    71.350 56836.94537284 26.40  55.099048  65.905834   -100 -100.00 -100.00 -100.00
 220    71.674 56836.94537343 19.13  55.105408  65.905464 21.384 -100.00 -100.00 -100.00
 220    71.692 56836.94537402 25.93  55.111768  65.905093 31.871 -100.00 -100.00 -100.00
 221    83.144 56846.86100356 19.75  55.091895  65.906495 10.490  266.32  265.06  265.03
 221    69.212 56846.86100415 25.71  55.098256  65.906125 30.160  266.32  265.06  265.03
 221    71.109 56846.86100474 14.92  55.104616  65.905755   -100  266.32  265.06  265.03
 221    70.686 56846.86100533  1.56  55.110976  65.905384 11.636  266.32  265.06  265.03
 222    75.372 56856.77665395  1.20  55.092994  65.907660  6.766  267.54  266.67  266.41
 222    73.602 56856.77665572 11.16  55.112076  65.906548 10.615  267.54  266.67  266.41
 223    27.682 56866.69230765 47.11  55.096871  65.908932   -100  271.35  270.38  270.29
 223    22.228 56866.69230824 45.31  55.103232  65.908562   -100  271.35  270.38  270.29
 223    22.257 56866.69230883 37.46  55.109593  65.908191 21.545  271.35  270.38  270.29
 223    22.655 56866.69230942 38.15  55.115954  65.907820 22.439  271.35  270.38  270.29
 224    28.190 56876.60795966 39.20  55.096716  65.909014 27.211 -100.00 -100.00 -100.00
 224    22.420 56876.60796025 34.42  55.103077  65.908643   -100 -100.00 -100.00 -100.00
 224    22.777 56876.60796084 31.37  55.109439  65.908272 21.839 -100.00 -100.00 -100.00
 224    23.526 56876.60796143 35.36  55.115800  65.907901 32.242 -100.00 -100.00 -100.00
 225    27.903 56886.52360886 33.29  55.099499  65.907883 30.055  275.75  274.56  274.03
 225    28.625 56886.52360945 28.89  55.105861  65.907513 24.063  275.75  274.56  274.03
 225    22.463 56886.52361004 31.64  55.112222  65.907141 29.761  275.75  274.56  274.03
 226    80.142 56896.43925457  9.55  55.094265  65.906956  7.789 -100.00 -100.00 -100.00
 226    79.677 56896.43925516  6.19  55.100626  65.906586  7.555 -100.00 -100.00 -100.00
 226    75.843 56896.43925575  1.78  55.106987  65.906215  5.067 -100.00 -100.00 -100.00
 226    71.026 56896.43925634 13.35  55.113348  65.905843 13.532 -100.00 -100.00 -100.00
 227    78.968 56906.35489822  4.09  55.098659  65.906980  5.059 -100.00 -100.00 -100.00
 227    62.859 56906.35489881  4.36  55.105020  65.906609  6.091 -100.00 -100.00 -100.00
 227    61.219 56906.35489940  6.29  55.111381  65.906238  8.924 -100.00 -100.00 -100.00
 228    78.095 56916.27053926  4.80  55.098830  65.908790  6.238  263.61  261.88  262.84
 228    62.772 56916.27053985  4.62  55.105192  65.908419  7.088  263.61  261.88  262.84
 228    62.540 56916.27054044  6.44  55.111553  65.908047  9.383  263.61  261.88  262.84
 228    74.373 56916.27054103 15.71  55.117915  65.907676 16.623  263.61  261.88  262.84
 229    76.015 56926.18617842  4.54  55.099046  65.910922  5.470 -100.00 -100.00 -100.00
 229    64.044 56926.18617901  4.18  55.105409  65.910551  5.362 -100.00 -100.00 -100.00
 229    70.558 56926.18617960  9.66  55.111771  65.910180  9.011 -100.00 -100.00 -100.00
 229    74.996 56926.18618019 13.49  55.118132  65.909808  7.346 -100.00 -100.00 -100.00
 230    71.139 56936.10181449 18.93  55.101617  65.911669 15.952 -100.00 -100.00 -100.00
 230    70.838 56936.10181508 14.12  55.107979  65.911298 20.250 -100.00 -100.00 -100.00
 230    68.833 56936.10181567  3.65  55.114341  65.910927  6.189 -100.00 -100.00 -100.00
 230    70.375 56936.10181626  3.45  55.120703  65.910556  5.755 -100.00 -100.00 -100.00
 231    22.795 56946.01744511 44.28  55.102106  65.910835   -100 -100.00 -100.00 -100.00
 231    22.938 56946.01744570 46.29  55.108468  65.910465   -100 -100.00 -100.00 -100.00
 231    22.920 56946.01744629 44.95  55.114829  65.910094   -100 -100.00 -100.00 -100.00
 232    27.224 56955.93309725 34.85  55.097797  65.909070 27.435  253.41  249.97  246.81
 232    22.627 56955.93309784 36.15  55.104159  65.908699 21.927  253.41  249.97  246.81
 232    28.245 56955.93309843 33.32  55.110520  65.908328 21.461  253.41  249.97  246.81
 232    28.123 56955.93309902 31.02  55.116881  65.907957 16.911  253.41  249.97  246.81
 233    22.625 56965.84874604 37.09  55.093906  65.908259   -100 -100.00 -100.00 -100.00
 233    22.701 56965.84874663 37.28  55.100267  65.907888   -100 -100.00 -100.00 -100.00
 233    22.749 56965.84874722 37.67  55.106628  65.907517   -100 -100.00 -100.00 -100.00
 233    22.770 56965.84874782 34.34  55.112989  65.907146 22.673 -100.00 -100.00 -100.00
 234    22.937 56975.76439097 34.72  55.096035  65.908873 30.974 -100.00 -100.00 -100.00
 234    23.245 56975.76439156 37.50  55.102396  65.908502 31.847 -100.00 -100.00 -100.00
 234    23.090 56975.76439215 34.82  55.108758  65.908132 31.304 -100.00 -100.00 -100.00
 234    23.084 56975.76439274 35.30  55.115119  65.907760 30.387 -100.00 -100.00 -100.00
 235    74.604 56985.68003131  1.73  55.097532  65.910020  3.020 -100.00 -100.00 -100.00
 235    77.314 56985.68003191  1.63  55.103894  65.909649  3.049 -100.00 -100.00 -100.00
 235    78.127 56985.68003250  1.70  55.110256  65.909278  2.921 -100.00 -100.00 -100.00
 235    76.298 56985.68003309  1.73  55.116618  65.908907  3.116 -100.00 -100.00 -100.00
 236    95.697 56995.59566609  1.10  55.097735  65.909924  2.932 -100.00 -100.00 -100.00
 236    94.477 56995.59566668  0.97  55.104097  65.909554  2.887 -100.00 -100.00 -100.00
 236    93.263 56995.59566727  0.88  55.110459  65.909183  3.179 -100.00 -100.00 -100.00
 236    90.988 56995.59566786  1.04  55.116821  65.908812  3.375 -100.00 -100.00 -100.00
 237    79.015 57005.51130841  1.56  55.097699  65.907981  2.859 -100.00 -100.00 -100.00
 237    73.157 57005.51130900  1.90  55.104061  65.907611  2.762 -100.00 -100.00 -100.00
 237    76.387 57005.51130959  1.78  55.110423  65.907240  2.915 -100.00 -100.00 -100.00
 237    76.633 57005.51131018  1.96  55.116784  65.906869  2.816 -100.00 -100.00 -100.00
 238    74.528 57015.42696292 11.93  55.091901  65.905975  9.107  248.54  243.86  237.69
 238    74.229 57015.42696351 11.88  55.098263  65.905605  9.273  248.54  243.86  237.69
 238    66.847 57015.42696410  4.43  55.104624  65.905234  4.743  248.54  243.86  237.69
 238    66.219 57015.42696469  4.61  55.110986  65.904863  4.291  248.54  243.86  237.69
 239    68.807 57025.34261378  3.88  55.093348  65.905515  4.791 -100.00 -100.00 -100.00
 239    67.964 57025.34261437  3.85  55.099709  65.905144  5.005 -100.00 -100.00 -100.00
 239    66.527 57025.34261496  3.24  55.106071  65.904773  3.938 -100.00 -100.00 -100.00
 239    66.428 57025.34261555  3.62  55.112432  65.904402  3.702 -100.00 -100.00 -100.00
 240    69.338 57035.25826256  2.34  55.096313  65.907310  4.171  246.30  241.02  229.65
 240    68.488 57035.25826315  1.90  55.102675  65.906939  3.485  246.30  241.02  229.65
 240    67.023 57035.25826374  1.50  55.109037  65.906568  3.069  246.30  241.02  229.65
 240    66.753 57035.25826433  2.03  55.115398  65.906197  3.462  246.30  241.02  229.65
 241    27.823 57045.17390847 23.86  55.095790  65.909384 15.515 -100.00 -100.00 -100.00
 241    28.860 57045.17390906 18.62  55.102152  65.909014  5.094 -100.00 -100.00 -100.00
 241    27.749 57045.17390965 18.81  55.108514  65.908643  5.592 -100.00 -100.00 -100.00
 241    27.372 57045.17391024 18.69  55.114875  65.908271  6.108 -100.00 -100.00 -100.00
 242    69.344 57055.08955192  3.51  55.101327  65.909535  3.329 -100.00 -100.00 -100.00
 242    67.957 57055.08955251  3.41  55.107689  65.909164  2.895 -100.00 -100.00 -100.00
 242    67.363 57055.08955310  3.44  55.114050  65.908793  2.987 -100.00 -100.00 -100.00
 243    70.408 57065.00518935  2.45  55.094806  65.908565  3.956 -100.00 -100.00 -100.00
 243    69.175 57065.00518994  2.34  55.101167  65.908194  3.602 -100.00 -100.00 -100.00
 243    67.230 57065.00519053  2.19  55.107529  65.907824  3.085 -100.00 -100.00 -100.00
 243    67.616 57065.00519112  2.25  55.113890  65.907452  3.310 -100.00 -100.00 -100.00
 244    69.581 57074.92082262  3.41  55.094314  65.907630  3.612 -100.00 -100.00 -100.00
 244    69.089 57074.92082321  3.13  55.100675  65.907260  3.398 -100.00 -100.00 -100.00
 244    67.541 57074.92082381  3.51  55.107036  65.906889  3.660 -100.00 -100.00 -100.00
 244    67.498 57074.92082440  3.46  55.113396  65.906519  3.613 -100.00 -100.00 -100.00
 245    70.542 57084.83645271  6.04  55.095303  65.908231  3.514 -100.00 -100.00 -100.00
 245    67.814 57084.83645330  6.31  55.101664  65.907861  3.619 -100.00 -100.00 -100.00
 245    67.821 57084.83645389  6.44  55.108025  65.907490  2.898 -100.00 -100.00 -100.00
 245    67.440 57084.83645448  6.50  55.114386  65.907119  3.453 -100.00 -100.00 -100.00
 246    69.074 57094.75210723  8.61  55.103065  65.909750  3.172 -100.00 -100.00 -100.00
 246    67.717 57094.75210782  8.51  55.109427  65.909379  3.288 -100.00 -100.00 -100.00
 246    67.066 57094.75210841  8.49  55.115788  65.909008  3.233 -100.00 -100.00 -100.00
 247    70.077 57104.66776345  8.14  55.100204  65.911644  3.946 -100.00 -100.00 -100.00
 247    68.599 57104.66776404  7.64  55.106566  65.911273  3.501 -100.00 -100.00 -100.00
 247    67.584 57104.66776463  7.79  55.112928  65.910902  2.925 -100.00 -100.00 -100.00
 247    66.630 57104.66776522  8.12  55.119290  65.910531  3.248 -100.00 -100.00 -100.00
 248    69.404 57114.58341598  7.41  55.103300  65.911747  3.760  249.80  246.08  242.01
 248    67.808 57114.58341657  7.02  55.109662  65.911376  2.931  249.80  246.08  242.01
 248    67.399 57114.58341716  7.30  55.116024  65.911005  2.916  249.80  246.08  242.01
 249    29.203 57124.49906174 16.38  55.099554  65.910424 13.084 -100.00 -100.00 -100.00
 249    21.194 57124.49906233 19.76  55.105916  65.910053 24.335 -100.00 -100.00 -100.00
 249    21.623 57124.49906292 20.80  55.112278  65.909682 25.122 -100.00 -100.00 -100.00
 249    21.748 57124.49906351 22.16  55.118640  65.909310 28.610 -100.00 -100.00 -100.00
 250    69.422 57134.41470259  1.33  55.099791  65.908581  3.021  255.11  252.20  248.17
 250    66.960 57134.41470318  1.90  55.106153  65.908210  3.876  255.11  252.20  248.17
 250    67.219 57134.41470377  1.55  55.112514  65.907839  2.858  255.11  252.20  248.17
